89003.0
89005.0
89087.0
89088.0
89169.0
89170.0
97614.0
97691.0
97696.0
97697.0
97777.0
97778.0
97779.0
97780.0
97860.0
97861.0
97862.0
97863.0
97944.0
97945.0
98016.0
0.0
106222.0
106303.0
106306.0
106307.0
106383.0
106385.0
106388.0
106389.0
106465.0
106470.0
106472.0
106473.0
106553.0
106554.0
106555.0
106624.0
106636.0
106637.0
106719.0
0.0
0.0
114509.0
114912.0
114913.0
114916.0
114992.0
114993.0
114995.0
114996.0
114997.0
114998.0
114999.0
115073.0
115074.0
115075.0
115077.0
115079.0
115080.0
115081.0
115156.0
115157.0
115161.0
115162.0
115164.0
115165.0
115233.0
115234.0
115235.0
115236.0
115238.0
115243.0
115244.0
115245.0
115246.0
115247.0
115315.0
115316.0
115317.0
115318.0
115319.0
115320.0
115326.0
115327.0
115328.0
115329.0
115330.0
115397.0
115398.0
115410.0
115411.0
115412.0
115493.0
115494.0
0.0
0.0
0.0
0.0
0.0
0.0
0.0
0.0
0.0
123038.0
123118.0
123119.0
123120.0
123121.0
123198.0
123199.0
123200.0
123201.0
123202.0
123280.0
123281.0
123282.0
123283.0
123363.0
123446.0
123447.0
123525.0
123529.0
123602.0
123603.0
123604.0
123607.0
123680.0
123681.0
123683.0
123684.0
123687.0
123689.0
123690.0
123761.0
123762.0
123763.0
123765.0
123766.0
123772.0
123773.0
123842.0
123843.0
123844.0
123845.0
123847.0
123848.0
123853.0
123854.0
123855.0
123925.0
123926.0
123927.0
123928.0
123929.0
123930.0
123935.0
123936.0
123937.0
123938.0
123939.0
124007.0
124008.0
124009.0
124010.0
124011.0
124012.0
124017.0
124018.0
124019.0
124020.0
124021.0
0.0
124089.0
124090.0
124092.0
124093.0
124094.0
124100.0
124103.0
124104.0
0.0
124185.0
124186.0
0.0
0.0
0.0
0.0
0.0
0.0
0.0
0.0
0.0
0.0
0.0
0.0
0.0
0.0
0.0
0.0
0.0
0.0
0.0
131647.0
131648.0
131649.0
131727.0
131728.0
131729.0
131730.0
131731.0
131732.0
131808.0
131809.0
131810.0
131811.0
131812.0
131888.0
131889.0
131890.0
131891.0
131892.0
131893.0
131894.0
131895.0
131972.0
131973.0
131974.0
131975.0
131976.0
132051.0
132052.0
132055.0
132056.0
132057.0
132058.0
132138.0
132139.0
132210.0
132216.0
132217.0
132220.0
132221.0
132290.0
132291.0
132292.0
132293.0
132295.0
132296.0
132297.0
132298.0
132299.0
0.0
0.0
132373.0
132374.0
132375.0
132376.0
132377.0
132378.0
132379.0
132380.0
132381.0
132384.0
132385.0
132386.0
132453.0
132454.0
132455.0
132456.0
132457.0
132458.0
132459.0
132461.0
132462.0
132467.0
0.0
0.0
132535.0
132536.0
132537.0
132538.0
132539.0
132540.0
132545.0
0.0
0.0
132618.0
132619.0
132620.0
132621.0
132622.0
132623.0
132627.0
132628.0
132629.0
132630.0
0.0
0.0
132701.0
132702.0
132704.0
132705.0
132709.0
132710.0
132711.0
132712.0
132713.0
0.0
0.0
0.0
132784.0
132785.0
132786.0
132787.0
132791.0
132792.0
132793.0
132796.0
132877.0
132878.0
0.0
0.0
0.0
0.0
0.0
0.0
0.0
0.0
0.0
0.0
0.0
0.0
0.0
0.0
0.0
0.0
0.0
0.0
0.0
0.0
0.0
0.0
0.0
0.0
0.0
0.0
0.0
0.0
0.0
0.0
0.0
0.0
0.0
0.0
0.0
0.0
0.0
0.0
140257.0
140258.0
140337.0
140338.0
140339.0
140340.0
140341.0
140418.0
140419.0
140420.0
140421.0
140422.0
140423.0
140424.0
140498.0
140499.0
140500.0
140501.0
140502.0
140505.0
140506.0
140578.0
140579.0
140580.0
140581.0
140582.0
140583.0
140585.0
140586.0
140587.0
140588.0
140660.0
140661.0
140662.0
140667.0
140668.0
140742.0
140743.0
140744.0
140745.0
140747.0
140749.0
140750.0
140751.0
140819.0
140820.0
140821.0
140823.0
140824.0
140825.0
140826.0
140827.0
140830.0
140831.0
140832.0
140900.0
140901.0
140902.0
140903.0
140905.0
140906.0
140907.0
140908.0
140909.0
140910.0
140912.0
140913.0
0.0
140982.0
140983.0
140984.0
140985.0
140987.0
140988.0
140989.0
140990.0
140991.0
140994.0
140995.0
0.0
0.0
0.0
141065.0
141066.0
141069.0
141070.0
141071.0
141072.0
141073.0
141075.0
141076.0
141077.0
141078.0
0.0
0.0
0.0
141148.0
141149.0
141150.0
141151.0
141152.0
141153.0
141154.0
141155.0
141156.0
141157.0
141158.0
141159.0
0.0
0.0
141230.0
141231.0
141232.0
141233.0
141234.0
141235.0
141236.0
141237.0
141239.0
141240.0
141241.0
141242.0
0.0
0.0
0.0
141312.0
141313.0
141314.0
141315.0
141316.0
141317.0
141318.0
141320.0
141321.0
141323.0
0.0
0.0
0.0
0.0
0.0
141394.0
141397.0
141402.0
141403.0
141404.0
141405.0
141406.0
0.0
0.0
0.0
0.0
0.0
141477.0
141478.0
141479.0
141484.0
141485.0
141486.0
0.0
0.0
0.0
0.0
141570.0
0.0
0.0
0.0
0.0
0.0
0.0
0.0
0.0
0.0
0.0
0.0
0.0
0.0
0.0
0.0
0.0
0.0
0.0
0.0
0.0
0.0
0.0
0.0
0.0
0.0
0.0
0.0
0.0
0.0
0.0
0.0
0.0
0.0
0.0
0.0
0.0
0.0
0.0
0.0
142045.0
0.0
0.0
0.0
0.0
148870.0
148871.0
148872.0
148946.0
148947.0
148948.0
148949.0
148950.0
148951.0
148952.0
148953.0
148954.0
149027.0
149028.0
149029.0
149030.0
149031.0
149032.0
149033.0
149034.0
149035.0
149109.0
149110.0
149111.0
149115.0
149116.0
149117.0
149188.0
149189.0
149190.0
149191.0
149192.0
149193.0
149197.0
149269.0
149270.0
149271.0
149272.0
149273.0
149274.0
149277.0
149278.0
149279.0
149351.0
149352.0
149353.0
149359.0
149360.0
149429.0
149430.0
149431.0
149433.0
149434.0
149435.0
149436.0
149437.0
149438.0
149439.0
149442.0
149443.0
0.0
149511.0
149512.0
149513.0
149514.0
149515.0
149516.0
149517.0
149518.0
149519.0
149520.0
149522.0
149523.0
149524.0
0.0
0.0
149593.0
149594.0
149595.0
149596.0
149597.0
149598.0
149599.0
149600.0
149601.0
149602.0
149604.0
149605.0
0.0
0.0
0.0
149676.0
149677.0
149678.0
149679.0
149680.0
149681.0
149683.0
149686.0
149687.0
149688.0
0.0
0.0
0.0
149758.0
149759.0
149760.0
149761.0
149762.0
149763.0
149764.0
149767.0
149768.0
149769.0
0.0
0.0
0.0
149841.0
149843.0
149844.0
149845.0
149846.0
149847.0
149849.0
149850.0
149851.0
149852.0
0.0
0.0
0.0
0.0
149923.0
149924.0
149925.0
149926.0
149927.0
149928.0
149929.0
149930.0
149931.0
149932.0
149933.0
149934.0
0.0
0.0
0.0
0.0
0.0
150005.0
150006.0
150007.0
150008.0
150009.0
150010.0
150012.0
150013.0
150014.0
150015.0
150016.0
150082.0
0.0
0.0
0.0
150087.0
150088.0
150089.0
150090.0
150091.0
150092.0
150094.0
150095.0
150096.0
150097.0
150098.0
150099.0
150163.0
150164.0
0.0
0.0
0.0
0.0
150171.0
150176.0
150177.0
150178.0
150179.0
150181.0
150245.0
150246.0
0.0
0.0
0.0
0.0
150258.0
150259.0
150263.0
150327.0
0.0
0.0
0.0
0.0
0.0
150409.0
0.0
0.0
0.0
0.0
0.0
0.0
0.0
0.0
150491.0
0.0
0.0
0.0
0.0
0.0
0.0
0.0
150573.0
0.0
0.0
0.0
0.0
0.0
0.0
150655.0
150656.0
0.0
0.0
150737.0
150738.0
150739.0
150820.0
0.0
150905.0
0.0
0.0
0.0
0.0
157478.0
157480.0
157481.0
157556.0
157557.0
157559.0
157560.0
157561.0
157562.0
157563.0
157564.0
157565.0
157637.0
157638.0
157639.0
157640.0
157641.0
157642.0
157643.0
157644.0
157645.0
157646.0
157647.0
157718.0
157719.0
157720.0
157721.0
157722.0
157723.0
157724.0
157725.0
157726.0
157727.0
157728.0
157801.0
157802.0
157807.0
157880.0
157881.0
157882.0
157883.0
157884.0
157888.0
157889.0
157890.0
157961.0
157962.0
157963.0
157964.0
157965.0
157969.0
157970.0
157971.0
158039.0
158040.0
158041.0
158042.0
158043.0
158044.0
158051.0
158052.0
158120.0
158121.0
158122.0
158123.0
158124.0
158125.0
158126.0
158129.0
158130.0
158131.0
158133.0
158134.0
158135.0
0.0
0.0
158203.0
158205.0
158206.0
158207.0
158208.0
158210.0
158211.0
158212.0
158214.0
158215.0
158216.0
0.0
0.0
0.0
158286.0
158287.0
158288.0
158289.0
158291.0
158292.0
158293.0
158294.0
158296.0
158297.0
158298.0
0.0
0.0
158368.0
158369.0
158370.0
158371.0
158373.0
158374.0
158375.0
158376.0
158377.0
158378.0
158379.0
158380.0
0.0
0.0
0.0
158450.0
158451.0
158452.0
158453.0
158454.0
158455.0
158456.0
158457.0
158458.0
158459.0
158460.0
158461.0
158462.0
0.0
0.0
0.0
158533.0
158534.0
158535.0
158536.0
158537.0
158538.0
158539.0
158540.0
158541.0
158542.0
158543.0
158610.0
0.0
0.0
0.0
158615.0
158616.0
158617.0
158618.0
158620.0
158621.0
158622.0
158623.0
158624.0
158625.0
158626.0
158627.0
158691.0
158692.0
158693.0
0.0
0.0
0.0
158697.0
158698.0
158700.0
158701.0
158702.0
158704.0
158705.0
158706.0
158707.0
158708.0
158709.0
158773.0
158774.0
158775.0
158776.0
0.0
0.0
158780.0
158781.0
158782.0
158783.0
158784.0
158786.0
158787.0
158788.0
158789.0
158790.0
158791.0
158855.0
158856.0
158857.0
158858.0
0.0
0.0
158862.0
158863.0
158864.0
158865.0
158868.0
158869.0
158870.0
158871.0
158873.0
158874.0
158937.0
158938.0
0.0
0.0
0.0
0.0
158945.0
158954.0
158955.0
159019.0
159020.0
0.0
0.0
0.0
0.0
159101.0
159102.0
0.0
0.0
0.0
0.0
159183.0
159184.0
0.0
0.0
0.0
0.0
0.0
159265.0
0.0
0.0
0.0
0.0
0.0
159347.0
159348.0
159430.0
159431.0
159432.0
159433.0
159512.0
159513.0
159514.0
159515.0
159516.0
0.0
0.0
159597.0
159598.0
0.0
0.0
0.0
0.0
0.0
160172.0
0.0
160254.0
160255.0
160336.0
160337.0
160418.0
160419.0
160501.0
166165.0
166166.0
166167.0
166168.0
166169.0
166170.0
166171.0
166172.0
166173.0
166174.0
166175.0
166244.0
166245.0
166246.0
166247.0
166248.0
166249.0
166250.0
166251.0
166252.0
166253.0
166254.0
166255.0
166256.0
166257.0
0.0
166326.0
166327.0
166328.0
166329.0
166330.0
166331.0
166332.0
166333.0
166334.0
166335.0
166336.0
166338.0
0.0
0.0
0.0
166409.0
166410.0
166411.0
166413.0
166414.0
166419.0
166420.0
0.0
0.0
0.0
0.0
166493.0
166494.0
166499.0
166500.0
166572.0
166573.0
166574.0
166575.0
166576.0
166580.0
166581.0
166582.0
166653.0
166654.0
166655.0
166656.0
166657.0
166661.0
166662.0
166663.0
166666.0
166667.0
166730.0
166731.0
166732.0
166733.0
166734.0
166735.0
166736.0
166737.0
166743.0
166744.0
166746.0
166747.0
166811.0
166812.0
166813.0
166814.0
166815.0
166816.0
166817.0
166818.0
166819.0
166821.0
166822.0
166823.0
166825.0
166826.0
166827.0
166828.0
166894.0
166897.0
166898.0
166899.0
166900.0
166901.0
166902.0
166903.0
166904.0
166905.0
166907.0
166908.0
0.0
0.0
0.0
166978.0
166979.0
166980.0
166981.0
166982.0
166984.0
166985.0
166989.0
166990.0
0.0
0.0
0.0
167060.0
167061.0
167062.0
167063.0
167065.0
167066.0
167067.0
167068.0
167069.0
167070.0
167071.0
167072.0
167073.0
0.0
0.0
0.0
0.0
167143.0
167144.0
167145.0
167147.0
167148.0
167149.0
167150.0
167151.0
167152.0
167153.0
167154.0
167155.0
167219.0
167220.0
167221.0
0.0
0.0
167225.0
167226.0
167227.0
167228.0
167229.0
167230.0
167231.0
167233.0
167234.0
167235.0
167236.0
167301.0
167302.0
167303.0
0.0
0.0
0.0
167308.0
167309.0
167310.0
167311.0
167312.0
167313.0
167314.0
167315.0
167316.0
167317.0
167319.0
167383.0
167384.0
167385.0
167386.0
0.0
0.0
167390.0
167391.0
167392.0
167393.0
167394.0
167396.0
167397.0
167398.0
167400.0
167401.0
167402.0
167465.0
167466.0
167467.0
167468.0
0.0
0.0
167472.0
167473.0
167474.0
167475.0
167476.0
167478.0
167479.0
167483.0
167484.0
167547.0
0.0
0.0
167554.0
167555.0
167556.0
167557.0
167558.0
167565.0
167566.0
167629.0
0.0
167711.0
167712.0
0.0
0.0
0.0
167793.0
167794.0
0.0
0.0
0.0
167875.0
167876.0
0.0
0.0
0.0
167957.0
167958.0
168039.0
168040.0
168042.0
168122.0
0.0
168124.0
168125.0
168126.0
168204.0
168205.0
168206.0
168207.0
168208.0
0.0
0.0
168289.0
168290.0
0.0
0.0
168374.0
168455.0
168456.0
168536.0
168537.0
168538.0
168618.0
168619.0
168620.0
0.0
168700.0
168701.0
168702.0
0.0
168782.0
168783.0
168784.0
0.0
0.0
0.0
168864.0
168865.0
168866.0
0.0
168946.0
168947.0
168948.0
169028.0
169029.0
169030.0
169110.0
169111.0
169193.0
174775.0
174776.0
174778.0
174779.0
174780.0
0.0
174785.0
174854.0
174855.0
174856.0
174857.0
174858.0
174859.0
174860.0
174861.0
174862.0
174863.0
174864.0
174865.0
174867.0
174868.0
174935.0
174936.0
174937.0
174938.0
174939.0
174940.0
174942.0
174943.0
174944.0
174945.0
174946.0
174947.0
174949.0
0.0
0.0
0.0
175018.0
175019.0
175020.0
175021.0
175023.0
175024.0
175026.0
175027.0
175031.0
0.0
0.0
0.0
0.0
175101.0
175102.0
175103.0
175105.0
175106.0
175111.0
175112.0
175113.0
0.0
0.0
0.0
0.0
0.0
175183.0
175184.0
175185.0
175186.0
175191.0
175192.0
175193.0
175194.0
175195.0
0.0
0.0
175264.0
175265.0
175266.0
175267.0
175268.0
175272.0
175273.0
175274.0
175275.0
175276.0
175346.0
175347.0
175348.0
175349.0
175353.0
175354.0
175355.0
175357.0
175358.0
175359.0
175422.0
175423.0
175424.0
175425.0
175426.0
175427.0
175428.0
175429.0
175433.0
175435.0
175436.0
175437.0
175438.0
175439.0
175440.0
175441.0
175442.0
175504.0
175505.0
175506.0
175507.0
175508.0
175509.0
175510.0
175511.0
175514.0
175515.0
175516.0
175517.0
175518.0
175519.0
175520.0
175521.0
0.0
0.0
175590.0
175591.0
175592.0
175593.0
175595.0
175596.0
175597.0
175599.0
175600.0
175601.0
175602.0
0.0
0.0
0.0
175671.0
175672.0
175673.0
175674.0
175676.0
175677.0
175678.0
175679.0
175681.0
175682.0
175683.0
0.0
0.0
0.0
0.0
175753.0
175754.0
175755.0
175757.0
175758.0
175759.0
175760.0
175761.0
175762.0
175763.0
175764.0
175765.0
175766.0
175829.0
175830.0
175831.0
0.0
0.0
0.0
175835.0
175836.0
175837.0
175839.0
175840.0
175841.0
175842.0
175843.0
175844.0
175845.0
175846.0
175847.0
175848.0
175911.0
175912.0
175913.0
175914.0
0.0
0.0
175918.0
175919.0
175921.0
175922.0
175923.0
175925.0
175926.0
175993.0
175994.0
175995.0
175996.0
0.0
0.0
0.0
176000.0
176001.0
176002.0
176003.0
176004.0
176005.0
176007.0
176008.0
176075.0
176076.0
176077.0
176078.0
176079.0
0.0
176082.0
176083.0
176084.0
176085.0
176086.0
176087.0
176089.0
176090.0
176091.0
176157.0
176158.0
176160.0
0.0
0.0
176164.0
176166.0
176167.0
176168.0
176169.0
176239.0
176240.0
176247.0
176248.0
176249.0
176250.0
176257.0
176321.0
176322.0
176323.0
176403.0
176404.0
176405.0
176485.0
176486.0
176487.0
176488.0
176489.0
176490.0
176567.0
176568.0
176569.0
176570.0
176571.0
176572.0
176649.0
176650.0
176651.0
176652.0
176653.0
176654.0
176656.0
176731.0
176732.0
176733.0
176734.0
176735.0
176736.0
176737.0
0.0
176814.0
176815.0
176816.0
176817.0
176818.0
176819.0
176820.0
0.0
176899.0
176900.0
176901.0
176902.0
176903.0
176980.0
176981.0
176982.0
176983.0
176984.0
176985.0
0.0
0.0
177063.0
177064.0
177065.0
177066.0
177067.0
177145.0
177146.0
177147.0
177148.0
177149.0
177227.0
177228.0
177229.0
177230.0
177309.0
177310.0
177311.0
177312.0
177313.0
0.0
0.0
177391.0
177392.0
177393.0
177394.0
177395.0
0.0
0.0
0.0
177474.0
177475.0
177476.0
0.0
177556.0
177557.0
177558.0
0.0
177638.0
177639.0
177640.0
177720.0
177721.0
177722.0
177802.0
177803.0
177885.0
0.0
0.0
183465.0
183466.0
183467.0
183468.0
183469.0
183470.0
183471.0
183472.0
183473.0
0.0
0.0
183477.0
183478.0
183545.0
183546.0
183547.0
183548.0
183549.0
183550.0
183551.0
183552.0
183553.0
183554.0
183555.0
183556.0
183557.0
183558.0
183559.0
183560.0
0.0
0.0
0.0
183628.0
183629.0
183630.0
183631.0
183632.0
183633.0
183634.0
183637.0
183638.0
183639.0
183640.0
183641.0
183642.0
0.0
0.0
0.0
0.0
0.0
183711.0
183712.0
183713.0
183714.0
183715.0
183716.0
183717.0
183720.0
183721.0
183723.0
0.0
0.0
0.0
0.0
0.0
0.0
183793.0
183794.0
183795.0
183797.0
183798.0
183804.0
183805.0
0.0
0.0
0.0
0.0
0.0
0.0
0.0
183875.0
183876.0
183877.0
183878.0
183884.0
183885.0
183886.0
183887.0
0.0
0.0
0.0
0.0
0.0
0.0
183957.0
183958.0
183959.0
183960.0
183964.0
183965.0
183966.0
183967.0
183968.0
0.0
0.0
0.0
184038.0
0.0
184040.0
184041.0
184044.0
184045.0
184046.0
184047.0
184048.0
184049.0
184050.0
184051.0
184115.0
184116.0
184117.0
184118.0
184119.0
184120.0
184121.0
184125.0
184126.0
184127.0
184128.0
184129.0
184131.0
184132.0
184133.0
184134.0
184194.0
0.0
184197.0
184198.0
184199.0
184200.0
184201.0
184202.0
184203.0
184204.0
184207.0
184208.0
184210.0
184211.0
184212.0
184213.0
184214.0
184215.0
184216.0
184279.0
184280.0
184281.0
184283.0
184284.0
184285.0
184287.0
184288.0
184289.0
184290.0
184292.0
184293.0
184294.0
184295.0
0.0
0.0
0.0
0.0
184368.0
184369.0
184370.0
184371.0
184374.0
184375.0
184376.0
184439.0
0.0
184441.0
184442.0
0.0
0.0
184450.0
184451.0
184452.0
184453.0
184454.0
184455.0
184456.0
184457.0
184458.0
184521.0
184522.0
184523.0
184524.0
0.0
0.0
0.0
184531.0
184532.0
184533.0
184534.0
184535.0
184536.0
184537.0
184538.0
184539.0
184540.0
184541.0
184603.0
184604.0
184606.0
184607.0
0.0
0.0
184613.0
184614.0
184615.0
184616.0
184618.0
184619.0
184620.0
184621.0
184622.0
184685.0
184686.0
184687.0
184688.0
184689.0
0.0
0.0
184695.0
184696.0
184697.0
184700.0
184767.0
184768.0
184769.0
0.0
0.0
0.0
184775.0
184777.0
184778.0
184779.0
184849.0
184850.0
184851.0
0.0
184859.0
184860.0
184861.0
184931.0
184932.0
184933.0
184934.0
184935.0
185013.0
185014.0
185015.0
185016.0
185017.0
185018.0
185096.0
185097.0
185098.0
185099.0
185100.0
185101.0
185178.0
185179.0
185180.0
185181.0
185182.0
185183.0
185184.0
185260.0
185261.0
185262.0
185263.0
185264.0
185265.0
185266.0
185342.0
185343.0
185344.0
185345.0
185346.0
185347.0
185348.0
185424.0
185425.0
185426.0
185427.0
185428.0
185429.0
185430.0
185431.0
185509.0
185510.0
0.0
185512.0
185513.0
0.0
185593.0
185594.0
185595.0
0.0
185673.0
185674.0
185675.0
185676.0
185677.0
0.0
0.0
185754.0
185755.0
185756.0
185757.0
185758.0
185759.0
0.0
0.0
0.0
0.0
185837.0
185838.0
185839.0
185840.0
185841.0
0.0
0.0
0.0
0.0
185919.0
0.0
185921.0
185922.0
185923.0
0.0
0.0
0.0
186001.0
0.0
186003.0
186004.0
186005.0
0.0
0.0
0.0
186085.0
186086.0
0.0
0.0
186166.0
186167.0
186168.0
186248.0
186249.0
0.0
0.0
0.0
0.0
0.0
0.0
192076.0
192077.0
0.0
0.0
0.0
192156.0
192157.0
192158.0
192159.0
192160.0
192161.0
192162.0
192163.0
192164.0
0.0
0.0
0.0
0.0
192170.0
0.0
0.0
0.0
0.0
192238.0
192239.0
192240.0
192241.0
192242.0
192243.0
192244.0
192245.0
192246.0
192247.0
192248.0
192249.0
192251.0
192252.0
0.0
0.0
0.0
0.0
0.0
0.0
192323.0
192324.0
192325.0
192326.0
192328.0
192329.0
192330.0
192331.0
192333.0
192334.0
0.0
0.0
0.0
0.0
0.0
0.0
192406.0
192407.0
192408.0
192410.0
0.0
192412.0
192413.0
192415.0
0.0
0.0
0.0
0.0
192486.0
192487.0
192489.0
192490.0
0.0
0.0
192496.0
192497.0
0.0
0.0
0.0
192566.0
192567.0
192568.0
192569.0
192570.0
192578.0
192579.0
0.0
0.0
0.0
0.0
0.0
0.0
0.0
192649.0
0.0
192651.0
192657.0
192658.0
192659.0
192660.0
192661.0
192662.0
0.0
0.0
0.0
0.0
192730.0
0.0
0.0
192738.0
192739.0
192740.0
192741.0
192742.0
192743.0
192744.0
192804.0
192805.0
192806.0
0.0
0.0
192809.0
192810.0
192811.0
192812.0
192813.0
192819.0
192820.0
192821.0
192823.0
192824.0
192825.0
192826.0
0.0
192888.0
192889.0
192890.0
192891.0
192892.0
192893.0
192894.0
192895.0
192899.0
192900.0
192901.0
192903.0
192904.0
192905.0
192906.0
192907.0
192908.0
0.0
0.0
192971.0
192972.0
192973.0
192974.0
192975.0
192976.0
192977.0
192980.0
192981.0
192982.0
192984.0
192985.0
192986.0
192987.0
192988.0
192989.0
192990.0
0.0
0.0
0.0
0.0
193061.0
193062.0
193063.0
193064.0
193066.0
193067.0
193068.0
193131.0
0.0
0.0
0.0
0.0
0.0
193142.0
193143.0
193144.0
193145.0
193146.0
193147.0
193148.0
193149.0
193150.0
193151.0
193213.0
193214.0
0.0
0.0
0.0
0.0
0.0
193223.0
193224.0
193225.0
193226.0
193227.0
193228.0
193229.0
193230.0
193231.0
193232.0
193233.0
193295.0
193296.0
193298.0
0.0
0.0
0.0
193305.0
193306.0
193307.0
193308.0
193309.0
193310.0
193312.0
193313.0
193314.0
193378.0
193379.0
0.0
0.0
0.0
193387.0
193388.0
193389.0
193460.0
193461.0
193462.0
0.0
0.0
193470.0
193542.0
193543.0
193544.0
193545.0
193625.0
193626.0
193627.0
193628.0
193707.0
193708.0
193709.0
193710.0
193711.0
0.0
193790.0
193791.0
193792.0
193793.0
193794.0
0.0
193872.0
193873.0
193874.0
193875.0
193876.0
193953.0
193954.0
193955.0
193956.0
193957.0
193958.0
0.0
194035.0
194036.0
194037.0
194038.0
0.0
0.0
0.0
194117.0
194118.0
194119.0
194120.0
194121.0
194122.0
0.0
194199.0
194200.0
194201.0
194202.0
194203.0
194204.0
0.0
0.0
194282.0
194283.0
194284.0
194285.0
194286.0
0.0
0.0
0.0
0.0
194366.0
194367.0
194368.0
0.0
0.0
0.0
0.0
0.0
194448.0
194449.0
194450.0
0.0
0.0
0.0
0.0
0.0
0.0
194531.0
194532.0
0.0
0.0
0.0
0.0
0.0
0.0
0.0
0.0
0.0
0.0
0.0
0.0
0.0
0.0
0.0
194777.0
0.0
0.0
0.0
0.0
0.0
0.0
0.0
0.0
0.0
0.0
0.0
0.0
0.0
0.0
0.0
0.0
0.0
0.0
0.0
0.0
0.0
0.0
200768.0
200769.0
0.0
0.0
0.0
0.0
0.0
0.0
200850.0
200851.0
200852.0
200853.0
200854.0
200855.0
0.0
0.0
0.0
0.0
0.0
0.0
0.0
0.0
0.0
0.0
0.0
0.0
0.0
200931.0
200932.0
200933.0
200934.0
200935.0
200936.0
200937.0
0.0
0.0
0.0
200943.0
200944.0
0.0
0.0
0.0
0.0
0.0
0.0
0.0
201014.0
201015.0
201016.0
201017.0
201018.0
201019.0
201020.0
0.0
0.0
201025.0
0.0
0.0
0.0
0.0
0.0
201096.0
201097.0
201098.0
201099.0
0.0
0.0
0.0
0.0
0.0
201107.0
0.0
0.0
0.0
0.0
0.0
0.0
0.0
0.0
0.0
201189.0
0.0
0.0
0.0
0.0
201258.0
201259.0
201260.0
201271.0
201272.0
201273.0
0.0
0.0
201340.0
201341.0
0.0
0.0
201350.0
201351.0
201352.0
201353.0
201354.0
201355.0
0.0
0.0
201421.0
201422.0
201423.0
0.0
201431.0
201432.0
201433.0
201434.0
201435.0
201436.0
201496.0
201497.0
201498.0
201499.0
0.0
201501.0
201502.0
201503.0
201504.0
201505.0
201510.0
201511.0
201512.0
201513.0
201514.0
201515.0
201516.0
201517.0
201518.0
201578.0
201579.0
201580.0
201581.0
201582.0
201583.0
201584.0
201585.0
201586.0
201587.0
201592.0
201593.0
201594.0
201596.0
201597.0
201598.0
201600.0
201601.0
201660.0
0.0
0.0
201663.0
201664.0
201665.0
201666.0
201667.0
201668.0
201669.0
201673.0
201674.0
201675.0
201677.0
201678.0
201679.0
201680.0
201681.0
201682.0
0.0
0.0
0.0
0.0
201754.0
201755.0
201756.0
201757.0
201759.0
201760.0
201761.0
201762.0
201763.0
201764.0
0.0
0.0
0.0
0.0
0.0
201835.0
201836.0
201837.0
201838.0
201839.0
201841.0
201842.0
0.0
0.0
0.0
0.0
0.0
0.0
201917.0
201918.0
201919.0
201920.0
201921.0
201923.0
201924.0
201987.0
0.0
0.0
0.0
0.0
201998.0
201999.0
202000.0
202001.0
202002.0
202003.0
202005.0
0.0
202071.0
202072.0
0.0
0.0
0.0
202153.0
202154.0
202155.0
0.0
202235.0
202236.0
202237.0
202238.0
202316.0
0.0
202318.0
202319.0
202320.0
0.0
0.0
202400.0
202401.0
202402.0
202403.0
0.0
0.0
202482.0
202483.0
202484.0
202485.0
0.0
0.0
0.0
202565.0
202566.0
202567.0
0.0
0.0
202647.0
202648.0
202649.0
0.0
202729.0
202730.0
202731.0
0.0
0.0
202811.0
202812.0
202813.0
0.0
0.0
202892.0
202893.0
202894.0
202895.0
202896.0
0.0
202975.0
202976.0
202977.0
0.0
0.0
0.0
203058.0
203059.0
0.0
0.0
0.0
0.0
0.0
0.0
0.0
0.0
0.0
0.0
0.0
0.0
0.0
0.0
0.0
0.0
0.0
0.0
0.0
0.0
0.0
0.0
0.0
0.0
0.0
0.0
0.0
0.0
0.0
0.0
0.0
0.0
0.0
0.0
0.0
0.0
0.0
0.0
0.0
0.0
0.0
0.0
209460.0
209461.0
0.0
0.0
0.0
0.0
0.0
0.0
0.0
0.0
0.0
0.0
0.0
0.0
0.0
209542.0
209543.0
209544.0
209545.0
209546.0
0.0
0.0
0.0
0.0
0.0
0.0
0.0
209555.0
0.0
0.0
0.0
0.0
0.0
0.0
209623.0
209624.0
209625.0
209626.0
209627.0
209628.0
0.0
0.0
0.0
0.0
0.0
209635.0
209636.0
0.0
0.0
0.0
0.0
0.0
0.0
0.0
209705.0
209706.0
209707.0
0.0
0.0
0.0
0.0
0.0
0.0
209717.0
209718.0
0.0
0.0
0.0
0.0
0.0
209788.0
209789.0
209790.0
209791.0
0.0
0.0
0.0
0.0
0.0
209799.0
209800.0
0.0
0.0
0.0
0.0
209871.0
209872.0
0.0
0.0
0.0
0.0
209880.0
209881.0
209882.0
0.0
0.0
0.0
0.0
209950.0
209951.0
209962.0
209963.0
209964.0
209965.0
0.0
0.0
0.0
0.0
210031.0
210032.0
210033.0
210045.0
210046.0
210047.0
210107.0
0.0
210113.0
210114.0
210115.0
210124.0
210125.0
210126.0
210127.0
210128.0
210129.0
210188.0
210189.0
210190.0
210191.0
210195.0
210196.0
210197.0
210203.0
210204.0
210205.0
210206.0
210207.0
210208.0
210209.0
210210.0
210270.0
210271.0
210272.0
210273.0
210277.0
210278.0
210279.0
210284.0
210285.0
210286.0
210287.0
210288.0
210289.0
210290.0
210291.0
210292.0
210293.0
0.0
0.0
0.0
0.0
0.0
210366.0
210367.0
210369.0
210370.0
210371.0
210372.0
210373.0
210374.0
0.0
0.0
0.0
0.0
0.0
0.0
210448.0
210449.0
210450.0
210451.0
210452.0
210453.0
210454.0
210455.0
210456.0
0.0
0.0
0.0
0.0
0.0
210528.0
210529.0
210530.0
210531.0
210532.0
210534.0
210535.0
0.0
0.0
0.0
0.0
0.0
0.0
210610.0
210611.0
210612.0
210613.0
210614.0
0.0
0.0
0.0
0.0
0.0
210693.0
210694.0
210695.0
210696.0
0.0
0.0
0.0
0.0
0.0
0.0
0.0
0.0
0.0
0.0
0.0
0.0
0.0
0.0
0.0
0.0
0.0
0.0
0.0
0.0
0.0
0.0
0.0
0.0
0.0
0.0
0.0
0.0
0.0
0.0
0.0
0.0
0.0
0.0
0.0
0.0
0.0
0.0
0.0
0.0
0.0
0.0
0.0
0.0
0.0
0.0
0.0
0.0
0.0
0.0
0.0
0.0
0.0
0.0
0.0
0.0
0.0
0.0
0.0
0.0
0.0
0.0
0.0
0.0
0.0
0.0
0.0
0.0
0.0
0.0
0.0
0.0
0.0
0.0
0.0
0.0
0.0
0.0
0.0
0.0
0.0
0.0
0.0
0.0
0.0
0.0
0.0
0.0
0.0
0.0
0.0
0.0
0.0
0.0
0.0
0.0
0.0
0.0
0.0
0.0
0.0
0.0
218083.0
0.0
0.0
0.0
0.0
0.0
0.0
0.0
0.0
0.0
0.0
0.0
0.0
0.0
0.0
0.0
0.0
218165.0
0.0
0.0
0.0
218236.0
0.0
0.0
0.0
0.0
0.0
0.0
0.0
218246.0
218247.0
0.0
0.0
0.0
0.0
0.0
218315.0
0.0
0.0
0.0
0.0
0.0
0.0
0.0
218328.0
0.0
0.0
0.0
0.0
0.0
0.0
0.0
0.0
0.0
218397.0
218398.0
0.0
0.0
0.0
0.0
0.0
0.0
218409.0
218410.0
0.0
0.0
0.0
0.0
0.0
218480.0
218481.0
218482.0
0.0
0.0
0.0
0.0
218491.0
0.0
0.0
0.0
0.0
0.0
0.0
218562.0
218563.0
0.0
0.0
218573.0
218574.0
0.0
0.0
0.0
0.0
0.0
0.0
218655.0
218656.0
218657.0
0.0
0.0
0.0
0.0
0.0
0.0
0.0
218737.0
218738.0
218799.0
0.0
0.0
0.0
0.0
0.0
218819.0
218820.0
218880.0
218881.0
0.0
0.0
0.0
0.0
218898.0
218899.0
218902.0
218962.0
218963.0
0.0
0.0
0.0
0.0
0.0
218979.0
218980.0
218981.0
218982.0
218983.0
218984.0
0.0
0.0
0.0
0.0
0.0
0.0
0.0
219060.0
219061.0
219062.0
219063.0
219064.0
219065.0
0.0
0.0
0.0
0.0
0.0
0.0
0.0
0.0
219142.0
219143.0
219144.0
219145.0
219146.0
0.0
0.0
0.0
0.0
0.0
0.0
219223.0
219224.0
219226.0
219227.0
0.0
0.0
0.0
0.0
0.0
0.0
0.0
219306.0
219307.0
0.0
0.0
0.0
0.0
0.0
0.0
0.0
0.0
0.0
0.0
0.0
0.0
0.0
0.0
0.0
0.0
0.0
0.0
0.0
0.0
0.0
0.0
0.0
0.0
0.0
0.0
0.0
0.0
0.0
0.0
0.0
0.0
0.0
0.0
0.0
0.0
0.0
0.0
0.0
0.0
0.0
0.0
0.0
0.0
0.0
0.0
0.0
0.0
0.0
0.0
0.0
0.0
0.0
0.0
0.0
0.0
0.0
0.0
0.0
0.0
0.0
0.0
0.0
0.0
0.0
0.0
0.0
0.0
0.0
0.0
0.0
0.0
0.0
0.0
0.0
0.0
0.0
0.0
0.0
0.0
0.0
0.0
0.0
0.0
0.0
0.0
0.0
0.0
0.0
0.0
0.0
0.0
0.0
0.0
0.0
0.0
0.0
0.0
0.0
0.0
0.0
0.0
0.0
0.0
0.0
0.0
0.0
0.0
0.0
0.0
0.0
0.0
0.0
0.0
0.0
0.0
0.0
0.0
0.0
0.0
0.0
0.0
0.0
0.0
0.0
0.0
0.0
0.0
0.0
0.0
0.0
0.0
0.0
0.0
0.0
0.0
0.0
0.0
0.0
0.0
0.0
0.0
0.0
0.0
0.0
0.0
0.0
0.0
0.0
0.0
0.0
226939.0
0.0
0.0
0.0
0.0
0.0
0.0
0.0
0.0
0.0
0.0
0.0
0.0
0.0
0.0
0.0
0.0
0.0
0.0
0.0
0.0
0.0
0.0
0.0
0.0
0.0
0.0
227089.0
227090.0
0.0
0.0
0.0
0.0
0.0
0.0
0.0
0.0
0.0
0.0
227171.0
227172.0
227173.0
0.0
0.0
0.0
0.0
0.0
0.0
0.0
0.0
0.0
0.0
0.0
0.0
0.0
0.0
0.0
0.0
0.0
0.0
0.0
0.0
0.0
0.0
0.0
0.0
0.0
0.0
0.0
0.0
0.0
0.0
0.0
0.0
0.0
0.0
0.0
0.0
0.0
0.0
0.0
0.0
0.0
0.0
0.0
0.0
0.0
0.0
0.0
0.0
0.0
0.0
0.0
227835.0
0.0
0.0
0.0
0.0
0.0
0.0
0.0
0.0
0.0
0.0
0.0
0.0
0.0
0.0
0.0
0.0
0.0
0.0
0.0
0.0
0.0
0.0
0.0
0.0
0.0
0.0
0.0
0.0
0.0
0.0
0.0
0.0
0.0
0.0
0.0
0.0
0.0
0.0
0.0
0.0
0.0
0.0
0.0
0.0
0.0
0.0
0.0
0.0
0.0
0.0
0.0
0.0
0.0
0.0
0.0
0.0
0.0
0.0
0.0
0.0
0.0
0.0
0.0
0.0
0.0
0.0
0.0
0.0
0.0
0.0
0.0
0.0
0.0
0.0
0.0
0.0
0.0
0.0
0.0
0.0
0.0
0.0
0.0
0.0
0.0
0.0
0.0
0.0
0.0
0.0
0.0
0.0
0.0
0.0
0.0
0.0
0.0
0.0
0.0
0.0
0.0
0.0
0.0
0.0
0.0
0.0
0.0
0.0
0.0
0.0
0.0
0.0
0.0
0.0
0.0
0.0
0.0
0.0
0.0
0.0
0.0
0.0
0.0
0.0
0.0
0.0
0.0
0.0
0.0
0.0
0.0
0.0
0.0
0.0
0.0
0.0
0.0
0.0
0.0
0.0
0.0
0.0
0.0
0.0
0.0
0.0
0.0
0.0
0.0
0.0
0.0
0.0
0.0
0.0
0.0
0.0
0.0
0.0
0.0
0.0
0.0
0.0
0.0
0.0
0.0
0.0
0.0
0.0
0.0
0.0
0.0
0.0
0.0
0.0
0.0
0.0
0.0
0.0
0.0
0.0
0.0
0.0
0.0
0.0
0.0
0.0
0.0
0.0
0.0
0.0
0.0
0.0
0.0
0.0
0.0
0.0
0.0
0.0
0.0
0.0
235782.0
0.0
0.0
0.0
0.0
0.0
0.0
0.0
0.0
0.0
0.0
0.0
0.0
0.0
0.0
0.0
0.0
235863.0
235864.0
235865.0
0.0
0.0
0.0
0.0
0.0
0.0
0.0
0.0
0.0
0.0
0.0
0.0
0.0
0.0
0.0
0.0
0.0
0.0
0.0
0.0
0.0
0.0
0.0
0.0
0.0
0.0
0.0
0.0
0.0
0.0
0.0
0.0
0.0
0.0
0.0
0.0
0.0
0.0
0.0
0.0
0.0
0.0
0.0
0.0
0.0
0.0
0.0
0.0
0.0
0.0
0.0
0.0
0.0
0.0
0.0
0.0
0.0
0.0
0.0
0.0
0.0
0.0
0.0
0.0
0.0
0.0
0.0
0.0
0.0
0.0
0.0
0.0
0.0
0.0
0.0
0.0
0.0
0.0
0.0
0.0
0.0
0.0
0.0
0.0
0.0
0.0
0.0
0.0
0.0
0.0
0.0
0.0
0.0
0.0
0.0
0.0
0.0
0.0
0.0
0.0
0.0
0.0
0.0
0.0
0.0
0.0
0.0
0.0
0.0
0.0
0.0
0.0
0.0
0.0
0.0
0.0
0.0
0.0
0.0
0.0
0.0
0.0
0.0
0.0
0.0
0.0
0.0
0.0
0.0
0.0
0.0
0.0
0.0
0.0
0.0
0.0
0.0
0.0
0.0
0.0
0.0
0.0
0.0
0.0
0.0
0.0
0.0
0.0
0.0
0.0
0.0
0.0
0.0
0.0
0.0
0.0
0.0
0.0
0.0
0.0
0.0
0.0
0.0
0.0
0.0
0.0
0.0
0.0
0.0
0.0
0.0
0.0
0.0
0.0
0.0
0.0
0.0
0.0
0.0
0.0
0.0
0.0
0.0
0.0
0.0
0.0
0.0
0.0
0.0
0.0
0.0
0.0
0.0
0.0
0.0
0.0
0.0
0.0
0.0
0.0
0.0
0.0
0.0
0.0
0.0
0.0
0.0
0.0
0.0
0.0
0.0
0.0
0.0
0.0
0.0
0.0
0.0
0.0
0.0
0.0
0.0
0.0
0.0
0.0
0.0
0.0
0.0
0.0
0.0
0.0
0.0
0.0
0.0
0.0
0.0
0.0
0.0
0.0
0.0
0.0
0.0
0.0
0.0
0.0
0.0
0.0
0.0
0.0
0.0
0.0
0.0
0.0
0.0
244473.0
244474.0
0.0
0.0
0.0
0.0
0.0
0.0
0.0
0.0
0.0
0.0
0.0
0.0
0.0
0.0
0.0
0.0
244556.0
0.0
0.0
0.0
0.0
0.0
0.0
0.0
0.0
0.0
0.0
0.0
0.0
0.0
0.0
0.0
0.0
0.0
0.0
0.0
0.0
0.0
0.0
0.0
0.0
0.0
0.0
0.0
0.0
0.0
0.0
0.0
0.0
0.0
0.0
0.0
0.0
0.0
0.0
0.0
0.0
0.0
0.0
0.0
0.0
0.0
0.0
0.0
0.0
0.0
0.0
0.0
0.0
0.0
0.0
0.0
0.0
0.0
0.0
0.0
0.0
0.0
0.0
0.0
0.0
0.0
0.0
0.0
0.0
0.0
0.0
0.0
0.0
0.0
0.0
0.0
0.0
0.0
0.0
0.0
0.0
0.0
0.0
0.0
0.0
0.0
0.0
0.0
0.0
0.0
0.0
0.0
0.0
0.0
0.0
0.0
0.0
0.0
0.0
0.0
0.0
0.0
0.0
0.0
0.0
0.0
0.0
0.0
0.0
0.0
0.0
0.0
0.0
0.0
0.0
0.0
0.0
0.0
0.0
0.0
0.0
0.0
0.0
0.0
0.0
0.0
0.0
0.0
0.0
0.0
0.0
0.0
0.0
0.0
0.0
0.0
0.0
0.0
0.0
0.0
0.0
0.0
0.0
0.0
0.0
0.0
0.0
0.0
0.0
0.0
0.0
0.0
0.0
0.0
0.0
0.0
0.0
0.0
0.0
0.0
0.0
0.0
0.0
0.0
0.0
0.0
0.0
0.0
0.0
0.0
0.0
0.0
0.0
0.0
0.0
0.0
0.0
0.0
0.0
0.0
0.0
0.0
0.0
0.0
0.0
0.0
0.0
0.0
0.0
0.0
0.0
0.0
0.0
0.0
0.0
0.0
0.0
0.0
0.0
0.0
0.0
0.0
0.0
0.0
0.0
0.0
0.0
0.0
0.0
0.0
0.0
0.0
0.0
0.0
0.0
0.0
0.0
0.0
0.0
0.0
0.0
0.0
0.0
0.0
0.0
0.0
0.0
0.0
0.0
0.0
0.0
0.0
0.0
0.0
0.0
0.0
0.0
0.0
0.0
0.0
0.0
0.0
0.0
0.0
0.0
0.0
0.0
0.0
0.0
0.0
0.0
0.0
0.0
253166.0
0.0
0.0
0.0
0.0
0.0
0.0
0.0
0.0
0.0
0.0
0.0
0.0
0.0
0.0
0.0
0.0
0.0
0.0
0.0
0.0
0.0
0.0
0.0
0.0
0.0
0.0
0.0
0.0
0.0
0.0
0.0
0.0
0.0
0.0
0.0
0.0
0.0
0.0
0.0
0.0
0.0
0.0
0.0
0.0
0.0
0.0
0.0
0.0
0.0
0.0
0.0
0.0
0.0
0.0
0.0
0.0
0.0
0.0
0.0
0.0
0.0
0.0
0.0
0.0
0.0
0.0
0.0
0.0
0.0
0.0
0.0
0.0
0.0
0.0
0.0
0.0
0.0
0.0
0.0
0.0
0.0
0.0
0.0
0.0
0.0
0.0
0.0
0.0
0.0
0.0
0.0
0.0
0.0
0.0
0.0
0.0
0.0
0.0
0.0
0.0
0.0
0.0
0.0
0.0
0.0
0.0
0.0
0.0
0.0
0.0
0.0
0.0
0.0
0.0
0.0
0.0
0.0
0.0
0.0
0.0
0.0
0.0
0.0
0.0
0.0
0.0
0.0
0.0
0.0
0.0
0.0
0.0
0.0
0.0
0.0
0.0
0.0
0.0
0.0
0.0
0.0
0.0
0.0
0.0
0.0
0.0
0.0
0.0
0.0
0.0
0.0
0.0
0.0
0.0
0.0
0.0
0.0
0.0
0.0
0.0
0.0
0.0
0.0
0.0
0.0
0.0
0.0
0.0
0.0
0.0
0.0
0.0
0.0
0.0
0.0
0.0
0.0
0.0
0.0
0.0
0.0
0.0
0.0
0.0
0.0
0.0
0.0
0.0
0.0
0.0
0.0
0.0
0.0
0.0
0.0
0.0
0.0
0.0
0.0
0.0
0.0
0.0
0.0
0.0
0.0
0.0
0.0
0.0
0.0
0.0
0.0
0.0
0.0
0.0
0.0
0.0
0.0
0.0
0.0
0.0
0.0
0.0
0.0
0.0
0.0
0.0
0.0
0.0
0.0
0.0
0.0
0.0
0.0
0.0
0.0
0.0
0.0
0.0
0.0
0.0
0.0
0.0
0.0
0.0
0.0
0.0
0.0
0.0
0.0
0.0
0.0
0.0
0.0
0.0
0.0
0.0
0.0
0.0
0.0
0.0
0.0
0.0
0.0
0.0
0.0
0.0
0.0
0.0
0.0
0.0
0.0
0.0
0.0
0.0
0.0
0.0
0.0
0.0
0.0
0.0
0.0
0.0
0.0
0.0
0.0
0.0
0.0
0.0
0.0
0.0
0.0
0.0
0.0
0.0
0.0
0.0
0.0
0.0
0.0
0.0
0.0
0.0
0.0
0.0
0.0
0.0
0.0
0.0
0.0
0.0
0.0
0.0
0.0
0.0
0.0
0.0
0.0
0.0
0.0
0.0
0.0
0.0
0.0
0.0
0.0
0.0
0.0
0.0
0.0
0.0
0.0
0.0
0.0
0.0
0.0
0.0
0.0
0.0
0.0
0.0
0.0
0.0
0.0
0.0
0.0
0.0
0.0
0.0
0.0
0.0
0.0
0.0
0.0
0.0
0.0
0.0
0.0
0.0
0.0
0.0
0.0
0.0
0.0
0.0
0.0
0.0
0.0
0.0
0.0
0.0
0.0
0.0
0.0
0.0
0.0
0.0
0.0
0.0
0.0
0.0
0.0
0.0
0.0
0.0
0.0
0.0
0.0
0.0
0.0
0.0
0.0
0.0
0.0
0.0
0.0
0.0
0.0
0.0
0.0
0.0
0.0
0.0
0.0
0.0
0.0
0.0
0.0
0.0
0.0
0.0
0.0
0.0
0.0
0.0
0.0
0.0
0.0
0.0
0.0
0.0
0.0
0.0
0.0
0.0
0.0
0.0
0.0
0.0
0.0
0.0
0.0
0.0
0.0
0.0
0.0
0.0
0.0
0.0
0.0
0.0
0.0
0.0
0.0
0.0
0.0
0.0
0.0
0.0
0.0
0.0
0.0
0.0
0.0
0.0
0.0
0.0
0.0
0.0
0.0
0.0
0.0
0.0
0.0
0.0
0.0
0.0
0.0
0.0
0.0
0.0
0.0
0.0
0.0
0.0
0.0
0.0
0.0
0.0
0.0
0.0
0.0
0.0
0.0
0.0
0.0
0.0
0.0
0.0
0.0
0.0
0.0
0.0
0.0
0.0
0.0
0.0
0.0
0.0
0.0
0.0
0.0
0.0
0.0
0.0
0.0
0.0
0.0
0.0
0.0
0.0
0.0
0.0
0.0
0.0
0.0
0.0
0.0
0.0
0.0
0.0
0.0
0.0
0.0
0.0
0.0
0.0
0.0
0.0
0.0
0.0
0.0
0.0
0.0
0.0
0.0
0.0
0.0
0.0
0.0
0.0
0.0
0.0
0.0
0.0
0.0
0.0
0.0
0.0
0.0
0.0
0.0
0.0
0.0
0.0
0.0
0.0
0.0
0.0
0.0
0.0
0.0
0.0
0.0
0.0
0.0
0.0
0.0
0.0
0.0
0.0
0.0
0.0
0.0
0.0
0.0
0.0
0.0
0.0
0.0
0.0
0.0
0.0
0.0
0.0
0.0
0.0
0.0
0.0
0.0
0.0
0.0
0.0
0.0
0.0
0.0
0.0
0.0
0.0
0.0
0.0
0.0
0.0
0.0
0.0
0.0
0.0
0.0
0.0
0.0
0.0
0.0
0.0
0.0
0.0
0.0
0.0
0.0
0.0
0.0
0.0
0.0
0.0
0.0
0.0
0.0
0.0
0.0
0.0
0.0
0.0
0.0
0.0
0.0
0.0
0.0
0.0
0.0
0.0
0.0
0.0
0.0
0.0
0.0
0.0
0.0
0.0
0.0
0.0
0.0
0.0
0.0
0.0
0.0
0.0
0.0
0.0
0.0
0.0
0.0
0.0
0.0
0.0
0.0
0.0
0.0
0.0
0.0
0.0
0.0
0.0
0.0
0.0
0.0
0.0
0.0
0.0
0.0
0.0
0.0
0.0
0.0
0.0
0.0
0.0
0.0
0.0
0.0
0.0
0.0
0.0
0.0
0.0
0.0
0.0
0.0
0.0
0.0
0.0
0.0
0.0
0.0
0.0
0.0
0.0
0.0
0.0
0.0
0.0
0.0
0.0
0.0
0.0
0.0
0.0
0.0
0.0
0.0
0.0
0.0
0.0
0.0
0.0
0.0
0.0
0.0
0.0
0.0
0.0
0.0
0.0
0.0
0.0
0.0
0.0
0.0
0.0
0.0
0.0
0.0
0.0
0.0
0.0
0.0
0.0
0.0
0.0
0.0
0.0
0.0
0.0
0.0
0.0
0.0
0.0
0.0
0.0
0.0
0.0
0.0
0.0
0.0
0.0
0.0
0.0
0.0
0.0
0.0
0.0
0.0
0.0
0.0
0.0
0.0
0.0
0.0
0.0
0.0
0.0
0.0
0.0
0.0
0.0
0.0
0.0
0.0
0.0
0.0
0.0
0.0
0.0
0.0
0.0
0.0
0.0
0.0
0.0
0.0
0.0
0.0
0.0
0.0
0.0
0.0
0.0
0.0
0.0
0.0
0.0
0.0
0.0
0.0
0.0
0.0
0.0
0.0
0.0
0.0
0.0
0.0
0.0
0.0
0.0
0.0
0.0
0.0
0.0
0.0
0.0
0.0
0.0
0.0
0.0
0.0
0.0
0.0
0.0
0.0
0.0
0.0
0.0
0.0
0.0
0.0
0.0
0.0
0.0
0.0
0.0
0.0
0.0
0.0
0.0
0.0
0.0
0.0
0.0
0.0
0.0
0.0
0.0
0.0
0.0
0.0
0.0
0.0
0.0
0.0
0.0
0.0
0.0
0.0
0.0
0.0
0.0
0.0
0.0
0.0
0.0
0.0
0.0
0.0
0.0
0.0
0.0
0.0
0.0
0.0
0.0
0.0
0.0
0.0
0.0
0.0
0.0
0.0
0.0
0.0
0.0
0.0
0.0
0.0
0.0
0.0
0.0
0.0
0.0
0.0
0.0
0.0
0.0
0.0
0.0
0.0
0.0
0.0
0.0
0.0
0.0
0.0
0.0
0.0
0.0
0.0
0.0
0.0
0.0
0.0
0.0
0.0
0.0
0.0
0.0
0.0
0.0
0.0
0.0
0.0
0.0
0.0
0.0
0.0
0.0
0.0
0.0
0.0
0.0
0.0
0.0
0.0
0.0
0.0
0.0
0.0
0.0
0.0
0.0
0.0
0.0
0.0
0.0
0.0
0.0
0.0
0.0
0.0
0.0
0.0
0.0
0.0
0.0
0.0
0.0
0.0
0.0
0.0
0.0
0.0
0.0
0.0
0.0
0.0
0.0
0.0
0.0
0.0
0.0
0.0
0.0
0.0
0.0
0.0
0.0
0.0
0.0
0.0
0.0
0.0
0.0
0.0
0.0
0.0
0.0
0.0
0.0
0.0
0.0
0.0
0.0
0.0
0.0
0.0
0.0
0.0
0.0
0.0
0.0
0.0
0.0
0.0
0.0
0.0
0.0
0.0
0.0
0.0
0.0
0.0
0.0
0.0
0.0
0.0
0.0
0.0
0.0
0.0
0.0
0.0
0.0
0.0
0.0
0.0
0.0
0.0
0.0
0.0
0.0
0.0
0.0
0.0
0.0
0.0
0.0
0.0
0.0
0.0
0.0
0.0
0.0
0.0
0.0
0.0
0.0
0.0
0.0
0.0
0.0
0.0
0.0
0.0
0.0
0.0
0.0
0.0
0.0
0.0
0.0
0.0
0.0
0.0
0.0
0.0
0.0
0.0
0.0
0.0
0.0
0.0
0.0
0.0
0.0
0.0
0.0
0.0
0.0
0.0
0.0
0.0
0.0
0.0
0.0
0.0
0.0
0.0
0.0
0.0
0.0
0.0
0.0
0.0
0.0
0.0
0.0
0.0
0.0
0.0
0.0
0.0
0.0
0.0
0.0
0.0
0.0
0.0
0.0
0.0
0.0
0.0
0.0
0.0
0.0
0.0
0.0
0.0
0.0
0.0
0.0
0.0
0.0
0.0
0.0
0.0
0.0
0.0
0.0
0.0
0.0
0.0
0.0
0.0
0.0
0.0
0.0
0.0
0.0
0.0
0.0
0.0
0.0
0.0
0.0
0.0
0.0
0.0
0.0
0.0
0.0
0.0
0.0
0.0
0.0
0.0
0.0
0.0
0.0
0.0
0.0
0.0
0.0
0.0
0.0
0.0
0.0
0.0
0.0
0.0
0.0
0.0
0.0
0.0
0.0
0.0
0.0
0.0
0.0
0.0
0.0
0.0
0.0
0.0
0.0
0.0
0.0
0.0
0.0
0.0
0.0
0.0
0.0
0.0
0.0
0.0
0.0
0.0
0.0
0.0
0.0
0.0
0.0
0.0
0.0
0.0
0.0
0.0
0.0
0.0
0.0
0.0
0.0
0.0
0.0
0.0
0.0
0.0
0.0
0.0
0.0
0.0
0.0
0.0
0.0
0.0
0.0
0.0
0.0
0.0
0.0
0.0
0.0
0.0
0.0
0.0
0.0
0.0
0.0
0.0
0.0
0.0
0.0
0.0
0.0
0.0
0.0
0.0
0.0
0.0
0.0
0.0
0.0
0.0
0.0
0.0
0.0
0.0
0.0
0.0
0.0
0.0
0.0
0.0
0.0
0.0
0.0
0.0
0.0
0.0
0.0
0.0
0.0
0.0
0.0
0.0
0.0
0.0
0.0
0.0
0.0
0.0
0.0
0.0
0.0
0.0
0.0
0.0
0.0
0.0
0.0
0.0
0.0
0.0
0.0
0.0
0.0
0.0
0.0
0.0
0.0
0.0
0.0
0.0
0.0
0.0
0.0
0.0
0.0
0.0
0.0
0.0
0.0
0.0
0.0
0.0
0.0
0.0
0.0
0.0
0.0
0.0
0.0
0.0
0.0
0.0
0.0
0.0
0.0
0.0
0.0
0.0
0.0
0.0
0.0
0.0
0.0
0.0
0.0
0.0
0.0
0.0
0.0
0.0
0.0
0.0
0.0
0.0
0.0
0.0
0.0
0.0
0.0
0.0
0.0
0.0
0.0
0.0
0.0
0.0
0.0
0.0
0.0
0.0
0.0
0.0
0.0
0.0
0.0
0.0
0.0
0.0
0.0
0.0
0.0
0.0
0.0
0.0
0.0
0.0
0.0
0.0
0.0
0.0
0.0
0.0
0.0
0.0
0.0
0.0
0.0
0.0
0.0
0.0
0.0
0.0
0.0
0.0
0.0
0.0
0.0
0.0
0.0
0.0
0.0
0.0
0.0
0.0
0.0
0.0
0.0
0.0
0.0
0.0
0.0
0.0
0.0
0.0
0.0
0.0
0.0
0.0
0.0
0.0
0.0
0.0
0.0
0.0
0.0
0.0
0.0
0.0
0.0
0.0
0.0
0.0
0.0
0.0
0.0
0.0
0.0
0.0
0.0
0.0
0.0
0.0
0.0
0.0
0.0
0.0
0.0
0.0
0.0
0.0
0.0
0.0
0.0
0.0
0.0
0.0
0.0
0.0
0.0
0.0
0.0
0.0
0.0
0.0
0.0
0.0
0.0
0.0
0.0
0.0
0.0
0.0
0.0
0.0
0.0
0.0
0.0
0.0
0.0
0.0
0.0
0.0
0.0
0.0
0.0
0.0
0.0
0.0
0.0
0.0
0.0
0.0
0.0
0.0
0.0
0.0
0.0
0.0
0.0
0.0
0.0
0.0
0.0
0.0
0.0
0.0
0.0
0.0
0.0
0.0
0.0
0.0
0.0
0.0
0.0
0.0
0.0
0.0
0.0
0.0
0.0
0.0
0.0
0.0
0.0
0.0
0.0
0.0
0.0
0.0
0.0
0.0
0.0
0.0
0.0
0.0
0.0
0.0
0.0
0.0
0.0
0.0
0.0
0.0
0.0
0.0
0.0
0.0
0.0
0.0
0.0
0.0
0.0
0.0
0.0
0.0
0.0
0.0
0.0
0.0
0.0
0.0
0.0
0.0
0.0
0.0
0.0
0.0
0.0
0.0
0.0
0.0
0.0
0.0
0.0
0.0
0.0
0.0
0.0
0.0
0.0
0.0
0.0
0.0
0.0
0.0
0.0
0.0
0.0
0.0
0.0
0.0
0.0
0.0
0.0
0.0
0.0
0.0
0.0
0.0
0.0
0.0
0.0
0.0
0.0
0.0
0.0
0.0
0.0
0.0
0.0
0.0
0.0
0.0
0.0
0.0
0.0
0.0
0.0
0.0
0.0
0.0
0.0
0.0
0.0
0.0
0.0
0.0
0.0
0.0
0.0
0.0
0.0
0.0
0.0
0.0
0.0
0.0
0.0
0.0
0.0
0.0
0.0
0.0
0.0
0.0
0.0
0.0
0.0
0.0
0.0
0.0
0.0
0.0
0.0
0.0
0.0
0.0
0.0
0.0
0.0
0.0
0.0
0.0
0.0
0.0
0.0
0.0
0.0
0.0
0.0
0.0
0.0
0.0
0.0
0.0
0.0
0.0
0.0
0.0
0.0
0.0
0.0
0.0
0.0
0.0
0.0
0.0
0.0
0.0
0.0
0.0
0.0
0.0
0.0
0.0
0.0
0.0
0.0
0.0
0.0
0.0
0.0
0.0
0.0
0.0
0.0
0.0
0.0
0.0
0.0
0.0
0.0
0.0
0.0
0.0
0.0
0.0
0.0
0.0
0.0
0.0
0.0
0.0
0.0
0.0
0.0
0.0
0.0
0.0
0.0
0.0
0.0
0.0
0.0
0.0
0.0
0.0
0.0
0.0
0.0
0.0
0.0
0.0
0.0
0.0
0.0
0.0
0.0
0.0
0.0
0.0
0.0
0.0
0.0
0.0
0.0
0.0
0.0
0.0
0.0
0.0
0.0
0.0
0.0
0.0
0.0
0.0
0.0
0.0
0.0
0.0
0.0
0.0
0.0
0.0
0.0
0.0
0.0
0.0
0.0
0.0
0.0
0.0
0.0
0.0
0.0
0.0
0.0
0.0
0.0
0.0
0.0
0.0
0.0
0.0
0.0
0.0
0.0
0.0
0.0
0.0
0.0
0.0
0.0
0.0
0.0
0.0
0.0
0.0
0.0
0.0
0.0
0.0
0.0
0.0
0.0
0.0
0.0
0.0
0.0
0.0
0.0
0.0
0.0
0.0
0.0
0.0
0.0
0.0
0.0
0.0
0.0
0.0
0.0
0.0
0.0
0.0
0.0
0.0
0.0
0.0
0.0
0.0
0.0
0.0
0.0
0.0
0.0
0.0
0.0
0.0
0.0
0.0
0.0
0.0
0.0
0.0
0.0
0.0
0.0
0.0
0.0
0.0
0.0
0.0
0.0
0.0
0.0
0.0
0.0
0.0
0.0
0.0
0.0
0.0
0.0
0.0
0.0
0.0
0.0
0.0
0.0
0.0
0.0
0.0
0.0
0.0
0.0
0.0
0.0
0.0
0.0
0.0
0.0
0.0
0.0
0.0
0.0
0.0
0.0
0.0
0.0
0.0
0.0
0.0
0.0
0.0
0.0
0.0
0.0
0.0
0.0
0.0
0.0
0.0
0.0
0.0
0.0
0.0
0.0
0.0
0.0
0.0
0.0
0.0
0.0
0.0
0.0
0.0
0.0
0.0
0.0
0.0
0.0
0.0
0.0
0.0
0.0
0.0
0.0
0.0
0.0
0.0
0.0
0.0
0.0
489321.0
0.0
0.0
0.0
0.0
0.0
0.0
489403.0
489404.0
0.0
0.0
0.0
0.0
0.0
489485.0
489486.0
0.0
0.0
0.0
0.0
0.0
0.0
489567.0
489568.0
0.0
0.0
0.0
0.0
0.0
0.0
0.0
0.0
0.0
0.0
0.0
0.0
0.0
0.0
0.0
0.0
0.0
0.0
0.0
0.0
0.0
0.0
0.0
0.0
0.0
0.0
0.0
0.0
0.0
0.0
0.0
0.0
0.0
0.0
0.0
0.0
0.0
0.0
0.0
0.0
0.0
0.0
0.0
0.0
0.0
0.0
0.0
0.0
0.0
0.0
0.0
0.0
0.0
0.0
0.0
0.0
0.0
0.0
0.0
0.0
0.0
0.0
0.0
0.0
0.0
0.0
0.0
0.0
0.0
0.0
0.0
0.0
0.0
0.0
0.0
0.0
0.0
0.0
0.0
0.0
0.0
0.0
0.0
0.0
0.0
0.0
0.0
0.0
0.0
0.0
0.0
0.0
0.0
0.0
0.0
0.0
0.0
0.0
0.0
0.0
0.0
0.0
0.0
0.0
0.0
0.0
0.0
0.0
0.0
0.0
0.0
0.0
0.0
0.0
0.0
0.0
0.0
0.0
0.0
0.0
0.0
0.0
0.0
0.0
0.0
0.0
0.0
0.0
0.0
0.0
0.0
0.0
0.0
0.0
0.0
0.0
0.0
0.0
0.0
0.0
0.0
0.0
0.0
0.0
0.0
0.0
0.0
0.0
0.0
0.0
0.0
0.0
0.0
0.0
0.0
0.0
0.0
0.0
0.0
0.0
0.0
0.0
0.0
0.0
0.0
0.0
0.0
0.0
0.0
0.0
0.0
0.0
0.0
0.0
0.0
0.0
0.0
0.0
0.0
0.0
0.0
498095.0
498096.0
0.0
0.0
0.0
0.0
498177.0
498178.0
0.0
0.0
0.0
0.0
498259.0
498260.0
0.0
0.0
0.0
0.0
0.0
498341.0
498342.0
0.0
0.0
0.0
0.0
0.0
0.0
0.0
0.0
0.0
0.0
0.0
0.0
0.0
0.0
0.0
0.0
0.0
0.0
0.0
0.0
0.0
0.0
0.0
0.0
0.0
0.0
0.0
0.0
0.0
0.0
0.0
0.0
0.0
0.0
0.0
0.0
0.0
0.0
0.0
0.0
0.0
0.0
0.0
0.0
0.0
0.0
0.0
0.0
0.0
0.0
0.0
0.0
0.0
0.0
0.0
0.0
0.0
0.0
0.0
0.0
0.0
0.0
0.0
0.0
0.0
0.0
0.0
0.0
0.0
0.0
0.0
0.0
0.0
0.0
0.0
0.0
0.0
0.0
0.0
0.0
0.0
0.0
0.0
0.0
0.0
0.0
0.0
0.0
0.0
0.0
0.0
0.0
0.0
0.0
0.0
0.0
0.0
0.0
0.0
0.0
0.0
0.0
0.0
0.0
0.0
0.0
0.0
0.0
0.0
0.0
0.0
0.0
0.0
0.0
0.0
0.0
0.0
0.0
0.0
0.0
0.0
0.0
0.0
0.0
0.0
0.0
0.0
0.0
0.0
0.0
0.0
0.0
0.0
0.0
0.0
0.0
0.0
0.0
0.0
0.0
0.0
0.0
0.0
0.0
0.0
0.0
0.0
0.0
0.0
0.0
0.0
0.0
0.0
0.0
0.0
0.0
0.0
0.0
0.0
0.0
0.0
0.0
0.0
0.0
0.0
0.0
0.0
0.0
0.0
0.0
0.0
0.0
0.0
0.0
0.0
0.0
0.0
0.0
0.0
0.0
0.0
0.0
0.0
0.0
0.0
0.0
0.0
0.0
0.0
0.0
0.0
0.0
0.0
0.0
0.0
0.0
0.0
0.0
0.0
0.0
0.0
0.0
0.0
0.0
0.0
0.0
0.0
506378.0
506379.0
0.0
0.0
0.0
0.0
0.0
506461.0
0.0
0.0
0.0
0.0
0.0
0.0
0.0
0.0
0.0
0.0
0.0
0.0
0.0
0.0
0.0
0.0
0.0
506787.0
506788.0
506868.0
506869.0
506870.0
506951.0
506952.0
506953.0
507033.0
507034.0
507035.0
0.0
0.0
0.0
0.0
507117.0
0.0
0.0
0.0
0.0
0.0
0.0
0.0
0.0
0.0
0.0
0.0
0.0
0.0
0.0
0.0
0.0
507442.0
507443.0
0.0
0.0
0.0
0.0
0.0
0.0
0.0
0.0
507605.0
0.0
0.0
0.0
0.0
0.0
0.0
0.0
0.0
0.0
0.0
0.0
0.0
0.0
0.0
0.0
0.0
0.0
0.0
0.0
0.0
0.0
0.0
0.0
0.0
0.0
0.0
0.0
0.0
0.0
0.0
0.0
0.0
0.0
0.0
0.0
0.0
0.0
0.0
0.0
0.0
0.0
0.0
0.0
0.0
0.0
0.0
0.0
0.0
0.0
0.0
0.0
0.0
0.0
0.0
0.0
0.0
0.0
0.0
0.0
0.0
0.0
0.0
0.0
0.0
0.0
0.0
0.0
0.0
0.0
0.0
0.0
0.0
0.0
0.0
0.0
0.0
0.0
0.0
0.0
0.0
0.0
0.0
0.0
0.0
0.0
0.0
0.0
0.0
0.0
0.0
0.0
0.0
0.0
0.0
0.0
0.0
0.0
0.0
0.0
0.0
0.0
0.0
0.0
0.0
0.0
0.0
0.0
0.0
0.0
0.0
0.0
0.0
0.0
0.0
0.0
0.0
0.0
0.0
0.0
0.0
0.0
0.0
0.0
0.0
0.0
0.0
0.0
0.0
0.0
0.0
0.0
0.0
0.0
0.0
0.0
0.0
0.0
0.0
0.0
0.0
0.0
0.0
0.0
0.0
0.0
0.0
0.0
0.0
0.0
0.0
0.0
0.0
0.0
0.0
0.0
0.0
0.0
0.0
0.0
0.0
0.0
0.0
0.0
0.0
0.0
0.0
0.0
0.0
0.0
0.0
0.0
0.0
0.0
0.0
0.0
0.0
514989.0
0.0
0.0
0.0
515007.0
515070.0
515071.0
0.0
0.0
0.0
0.0
0.0
515087.0
515088.0
515089.0
515090.0
515152.0
515153.0
0.0
0.0
0.0
0.0
515167.0
515168.0
515169.0
515170.0
515171.0
0.0
0.0
0.0
0.0
0.0
515248.0
515249.0
515250.0
515251.0
515252.0
515253.0
0.0
0.0
0.0
0.0
0.0
0.0
515330.0
515331.0
515332.0
515333.0
515334.0
0.0
0.0
0.0
0.0
0.0
0.0
0.0
515412.0
515413.0
0.0
0.0
0.0
0.0
0.0
0.0
0.0
515561.0
0.0
0.0
515644.0
515645.0
0.0
0.0
515726.0
515727.0
515728.0
0.0
0.0
515809.0
515810.0
0.0
0.0
515891.0
515892.0
0.0
515972.0
515973.0
515974.0
516052.0
516053.0
516054.0
516055.0
516056.0
516134.0
516135.0
516136.0
516137.0
516138.0
516216.0
516217.0
516218.0
516219.0
516297.0
516298.0
516299.0
516300.0
516301.0
0.0
0.0
516381.0
516382.0
516383.0
0.0
0.0
0.0
0.0
0.0
0.0
0.0
0.0
0.0
0.0
0.0
0.0
0.0
0.0
0.0
0.0
0.0
0.0
0.0
0.0
0.0
0.0
0.0
0.0
0.0
0.0
0.0
0.0
0.0
0.0
0.0
0.0
0.0
0.0
0.0
0.0
0.0
0.0
0.0
0.0
0.0
0.0
0.0
0.0
0.0
0.0
0.0
0.0
0.0
0.0
0.0
0.0
0.0
0.0
0.0
0.0
0.0
0.0
0.0
0.0
0.0
0.0
0.0
0.0
0.0
0.0
0.0
0.0
0.0
0.0
0.0
0.0
0.0
0.0
0.0
0.0
0.0
0.0
0.0
0.0
0.0
0.0
0.0
0.0
0.0
0.0
523193.0
0.0
0.0
523196.0
0.0
0.0
0.0
0.0
0.0
0.0
0.0
0.0
0.0
0.0
0.0
0.0
0.0
523276.0
523277.0
523278.0
0.0
0.0
0.0
0.0
0.0
0.0
0.0
0.0
0.0
0.0
0.0
523358.0
523359.0
523360.0
0.0
0.0
0.0
0.0
0.0
0.0
0.0
0.0
0.0
0.0
0.0
0.0
0.0
0.0
0.0
0.0
0.0
0.0
0.0
523537.0
0.0
0.0
0.0
523617.0
523618.0
523619.0
0.0
0.0
0.0
0.0
523681.0
523682.0
523696.0
523697.0
523698.0
523699.0
523700.0
523701.0
0.0
0.0
523762.0
523763.0
523764.0
523776.0
523777.0
523778.0
523779.0
523780.0
523781.0
523782.0
523783.0
523843.0
523844.0
523845.0
0.0
0.0
523857.0
523858.0
523859.0
523860.0
523861.0
523862.0
523863.0
0.0
0.0
0.0
0.0
0.0
523940.0
523941.0
523942.0
523943.0
523944.0
523945.0
0.0
0.0
0.0
0.0
524022.0
524023.0
524024.0
524025.0
524026.0
0.0
0.0
0.0
0.0
0.0
0.0
524102.0
524103.0
524104.0
524105.0
0.0
0.0
0.0
0.0
0.0
524185.0
0.0
0.0
0.0
0.0
0.0
0.0
0.0
0.0
0.0
0.0
524419.0
524420.0
0.0
0.0
0.0
524501.0
524502.0
524503.0
0.0
0.0
524583.0
524584.0
524585.0
524663.0
524664.0
524665.0
524666.0
524667.0
524744.0
524745.0
524746.0
524747.0
524748.0
524749.0
524826.0
524827.0
524828.0
524829.0
524830.0
524831.0
524908.0
524909.0
524910.0
524911.0
524912.0
524913.0
524990.0
524991.0
524992.0
524993.0
524994.0
524995.0
0.0
0.0
0.0
525074.0
525075.0
525076.0
525077.0
0.0
0.0
0.0
525156.0
525157.0
525158.0
0.0
0.0
0.0
525238.0
525239.0
0.0
0.0
525320.0
525321.0
525322.0
0.0
0.0
525403.0
525404.0
0.0
525486.0
0.0
525731.0
525812.0
525813.0
0.0
0.0
0.0
0.0
0.0
0.0
0.0
0.0
0.0
0.0
0.0
0.0
0.0
0.0
0.0
0.0
0.0
0.0
0.0
0.0
0.0
0.0
0.0
0.0
0.0
0.0
0.0
0.0
0.0
0.0
0.0
0.0
0.0
0.0
0.0
0.0
0.0
0.0
0.0
0.0
0.0
0.0
0.0
0.0
0.0
0.0
0.0
0.0
0.0
0.0
0.0
0.0
0.0
0.0
0.0
0.0
0.0
0.0
0.0
0.0
0.0
0.0
0.0
0.0
0.0
0.0
0.0
0.0
0.0
0.0
0.0
0.0
0.0
0.0
0.0
0.0
0.0
0.0
0.0
531806.0
531807.0
0.0
0.0
0.0
0.0
0.0
0.0
0.0
0.0
0.0
0.0
0.0
0.0
0.0
531884.0
0.0
0.0
0.0
531888.0
531889.0
531890.0
0.0
0.0
0.0
0.0
0.0
531903.0
0.0
0.0
0.0
0.0
531966.0
531967.0
531968.0
531969.0
531970.0
531971.0
0.0
0.0
0.0
0.0
531984.0
531985.0
0.0
0.0
0.0
0.0
0.0
532050.0
532051.0
532052.0
0.0
0.0
0.0
532065.0
532066.0
532067.0
0.0
0.0
0.0
0.0
532146.0
532147.0
532148.0
0.0
0.0
532227.0
532228.0
532229.0
532230.0
0.0
0.0
532307.0
532308.0
532309.0
532310.0
532311.0
532312.0
0.0
0.0
0.0
0.0
532374.0
532375.0
532387.0
532388.0
532389.0
532390.0
532391.0
532392.0
532393.0
532394.0
0.0
0.0
0.0
532455.0
532456.0
532457.0
532467.0
532468.0
532469.0
532470.0
532471.0
532472.0
532473.0
532474.0
532475.0
0.0
0.0
532537.0
532538.0
532548.0
532549.0
532550.0
532551.0
532552.0
532553.0
532554.0
532555.0
0.0
0.0
532626.0
532633.0
532634.0
532635.0
532636.0
532637.0
532638.0
532708.0
532716.0
532717.0
532718.0
532719.0
0.0
0.0
0.0
0.0
532793.0
532794.0
532795.0
0.0
0.0
0.0
532872.0
532873.0
532874.0
532876.0
532877.0
0.0
0.0
0.0
0.0
0.0
0.0
0.0
0.0
0.0
0.0
0.0
0.0
533194.0
533195.0
533275.0
533276.0
533277.0
533353.0
533354.0
0.0
533357.0
533358.0
533359.0
533436.0
0.0
0.0
533439.0
533440.0
533441.0
533517.0
533518.0
0.0
0.0
533521.0
533522.0
533523.0
533599.0
533600.0
533601.0
533602.0
533603.0
533604.0
533605.0
533681.0
533682.0
533683.0
533684.0
533685.0
533686.0
533687.0
533764.0
533766.0
533767.0
533768.0
533769.0
0.0
0.0
533848.0
533849.0
533850.0
533851.0
0.0
0.0
0.0
533930.0
533931.0
533932.0
533933.0
0.0
0.0
0.0
0.0
534012.0
534013.0
534014.0
534015.0
0.0
0.0
0.0
534094.0
534095.0
534096.0
534097.0
0.0
0.0
0.0
0.0
534178.0
534179.0
0.0
0.0
0.0
0.0
0.0
534260.0
0.0
0.0
0.0
534341.0
534342.0
0.0
0.0
534422.0
534423.0
534424.0
0.0
0.0
534505.0
0.0
534587.0
0.0
0.0
0.0
0.0
0.0
0.0
0.0
0.0
0.0
0.0
0.0
0.0
0.0
0.0
0.0
0.0
0.0
0.0
0.0
0.0
0.0
0.0
0.0
0.0
0.0
0.0
0.0
0.0
0.0
0.0
0.0
0.0
0.0
0.0
0.0
0.0
0.0
0.0
0.0
0.0
0.0
0.0
0.0
0.0
0.0
0.0
0.0
0.0
0.0
0.0
0.0
0.0
0.0
0.0
0.0
0.0
0.0
0.0
0.0
0.0
0.0
540416.0
540417.0
0.0
0.0
0.0
0.0
0.0
0.0
0.0
0.0
0.0
0.0
540498.0
540499.0
540500.0
0.0
0.0
0.0
0.0
0.0
0.0
0.0
0.0
0.0
0.0
540576.0
0.0
0.0
0.0
540580.0
540581.0
540582.0
0.0
0.0
0.0
0.0
0.0
540595.0
0.0
0.0
0.0
0.0
540658.0
540659.0
540660.0
540661.0
540662.0
540663.0
540664.0
0.0
0.0
0.0
0.0
540675.0
540676.0
540677.0
540678.0
0.0
0.0
540740.0
540741.0
540742.0
540743.0
0.0
0.0
540757.0
540758.0
540759.0
0.0
0.0
540836.0
540837.0
540838.0
540839.0
540840.0
540841.0
0.0
0.0
540899.0
540918.0
540919.0
540920.0
540921.0
540922.0
0.0
0.0
540982.0
540998.0
540999.0
541000.0
541001.0
541002.0
541003.0
541004.0
0.0
0.0
541064.0
0.0
541066.0
541067.0
541073.0
541076.0
541077.0
541078.0
541079.0
541080.0
541081.0
541082.0
541083.0
541084.0
541085.0
541145.0
541146.0
541147.0
541148.0
541149.0
541150.0
541154.0
541155.0
541158.0
541159.0
541160.0
541161.0
541162.0
541165.0
541166.0
0.0
541229.0
541230.0
541231.0
541232.0
541236.0
541237.0
541238.0
541239.0
541240.0
541241.0
541242.0
541243.0
541244.0
541245.0
541247.0
541248.0
541309.0
541310.0
541311.0
541312.0
541313.0
541314.0
541318.0
541319.0
541320.0
541321.0
541322.0
541323.0
541324.0
541325.0
541326.0
541327.0
541328.0
541329.0
541330.0
541391.0
541392.0
541394.0
541395.0
541396.0
541399.0
541400.0
541404.0
541405.0
541409.0
541410.0
541411.0
541412.0
541472.0
541473.0
0.0
541477.0
0.0
541481.0
541482.0
541483.0
541484.0
541486.0
541487.0
541554.0
0.0
0.0
0.0
541559.0
0.0
541563.0
541564.0
541565.0
541569.0
0.0
0.0
0.0
541641.0
0.0
541646.0
0.0
0.0
541723.0
541724.0
0.0
0.0
0.0
541802.0
541803.0
541806.0
0.0
0.0
541884.0
0.0
541963.0
541964.0
541965.0
541966.0
0.0
541968.0
542045.0
542046.0
0.0
0.0
542049.0
542127.0
542128.0
542129.0
0.0
542131.0
542132.0
542209.0
542210.0
0.0
0.0
542213.0
542291.0
542292.0
542293.0
542294.0
542295.0
542296.0
542297.0
542373.0
542374.0
542375.0
542376.0
542377.0
542378.0
542379.0
542455.0
542456.0
542457.0
542458.0
542459.0
542460.0
542461.0
542538.0
542539.0
542540.0
542541.0
542542.0
542543.0
0.0
0.0
542622.0
542623.0
542624.0
542625.0
0.0
0.0
0.0
542705.0
542706.0
542707.0
0.0
0.0
0.0
542787.0
542788.0
542789.0
0.0
0.0
542869.0
542870.0
542871.0
0.0
0.0
0.0
0.0
542951.0
542952.0
0.0
0.0
0.0
0.0
543033.0
543034.0
0.0
543113.0
543114.0
543115.0
543116.0
543195.0
543196.0
543197.0
543277.0
0.0
543279.0
0.0
0.0
0.0
0.0
0.0
0.0
0.0
0.0
0.0
0.0
0.0
0.0
0.0
0.0
0.0
0.0
0.0
0.0
0.0
0.0
0.0
0.0
0.0
0.0
0.0
0.0
0.0
0.0
0.0
0.0
0.0
0.0
0.0
0.0
0.0
0.0
0.0
0.0
0.0
0.0
0.0
0.0
0.0
0.0
0.0
0.0
0.0
0.0
0.0
549111.0
0.0
0.0
0.0
0.0
0.0
0.0
0.0
0.0
0.0
0.0
549185.0
549186.0
549190.0
549191.0
549192.0
0.0
0.0
0.0
0.0
0.0
0.0
0.0
0.0
549265.0
549266.0
549267.0
549268.0
549269.0
549270.0
549271.0
549272.0
549273.0
549274.0
0.0
0.0
0.0
0.0
0.0
0.0
0.0
0.0
0.0
549347.0
549348.0
549349.0
549350.0
549351.0
549352.0
549353.0
549354.0
549355.0
549356.0
0.0
0.0
0.0
0.0
0.0
0.0
549429.0
549430.0
549437.0
0.0
0.0
549447.0
549451.0
0.0
0.0
549528.0
549529.0
0.0
549591.0
549609.0
549610.0
549611.0
549612.0
549672.0
549673.0
549674.0
549683.0
549684.0
549690.0
549691.0
549692.0
549693.0
549694.0
549695.0
549755.0
549756.0
549757.0
549758.0
549759.0
549764.0
549765.0
549766.0
549768.0
549769.0
549770.0
549771.0
549772.0
549773.0
549774.0
549776.0
549837.0
549838.0
549839.0
549840.0
549841.0
549842.0
549846.0
549847.0
549848.0
549850.0
549851.0
549852.0
549853.0
549854.0
549857.0
549919.0
549920.0
549921.0
549922.0
549923.0
549924.0
549928.0
549929.0
549930.0
549931.0
549932.0
549933.0
549934.0
549935.0
549936.0
549937.0
549939.0
549940.0
549941.0
550001.0
550002.0
550003.0
550004.0
550005.0
550006.0
550007.0
550009.0
550010.0
550011.0
550012.0
550013.0
550014.0
550016.0
550017.0
550018.0
550019.0
550020.0
550021.0
550022.0
0.0
550083.0
550084.0
550085.0
550086.0
550087.0
550088.0
550089.0
550091.0
550092.0
550093.0
550094.0
550096.0
550097.0
550099.0
550100.0
550101.0
550102.0
550103.0
550104.0
0.0
0.0
550167.0
550168.0
550169.0
0.0
0.0
550173.0
550174.0
550175.0
550176.0
550177.0
550181.0
550182.0
0.0
550247.0
550249.0
550250.0
550251.0
550252.0
0.0
550255.0
550256.0
550257.0
550258.0
550262.0
550263.0
0.0
550332.0
550333.0
550334.0
550337.0
550338.0
550339.0
0.0
550411.0
550412.0
550414.0
550415.0
550416.0
0.0
0.0
0.0
550494.0
550495.0
550497.0
550498.0
550499.0
550574.0
550575.0
550576.0
550577.0
550579.0
550580.0
550581.0
550655.0
550656.0
550657.0
550658.0
550661.0
550662.0
550737.0
550738.0
550739.0
550743.0
550744.0
550819.0
550820.0
550901.0
550902.0
550983.0
550984.0
550985.0
551064.0
551065.0
551066.0
551146.0
551147.0
551148.0
551149.0
551150.0
551228.0
551229.0
551230.0
551231.0
551232.0
551233.0
551311.0
551312.0
551313.0
551314.0
551315.0
551316.0
551394.0
551396.0
551397.0
551398.0
0.0
551478.0
551479.0
551480.0
0.0
551560.0
551561.0
0.0
0.0
0.0
551643.0
0.0
0.0
0.0
0.0
551725.0
0.0
0.0
551806.0
0.0
0.0
0.0
0.0
0.0
0.0
0.0
0.0
0.0
0.0
0.0
0.0
0.0
0.0
0.0
0.0
0.0
0.0
0.0
0.0
557720.0
557721.0
557722.0
0.0
0.0
0.0
0.0
0.0
0.0
0.0
0.0
0.0
0.0
0.0
0.0
0.0
0.0
0.0
557801.0
557803.0
557804.0
0.0
0.0
0.0
0.0
0.0
0.0
0.0
0.0
0.0
0.0
0.0
557875.0
557876.0
557877.0
557878.0
557879.0
557880.0
557881.0
557882.0
557883.0
557884.0
557886.0
0.0
0.0
0.0
0.0
0.0
0.0
0.0
0.0
0.0
0.0
0.0
0.0
557957.0
557958.0
557959.0
557960.0
557961.0
557962.0
557963.0
557964.0
557965.0
557966.0
0.0
0.0
0.0
0.0
0.0
0.0
0.0
0.0
0.0
0.0
558039.0
558040.0
558041.0
558042.0
558044.0
558047.0
558048.0
0.0
0.0
0.0
0.0
558058.0
0.0
0.0
0.0
0.0
558121.0
558122.0
558126.0
558129.0
558130.0
0.0
558138.0
558139.0
558140.0
0.0
0.0
0.0
558203.0
558204.0
558207.0
558208.0
0.0
558220.0
558221.0
0.0
0.0
558289.0
558293.0
558294.0
558299.0
558301.0
558302.0
558303.0
558304.0
558364.0
558365.0
558366.0
558372.0
558373.0
558374.0
558375.0
558376.0
558383.0
558384.0
558385.0
558386.0
558447.0
558448.0
558453.0
558454.0
558455.0
558456.0
558457.0
558458.0
558460.0
558461.0
558462.0
558463.0
558464.0
558465.0
558466.0
558467.0
558468.0
558529.0
558530.0
558532.0
558533.0
558538.0
558539.0
558540.0
558541.0
558542.0
558543.0
558544.0
558545.0
558546.0
558547.0
558611.0
558612.0
558613.0
558614.0
558615.0
558616.0
558620.0
558621.0
558622.0
558623.0
558624.0
558625.0
558626.0
558627.0
558630.0
558631.0
558693.0
558694.0
558695.0
558696.0
558697.0
558698.0
558701.0
558702.0
558704.0
558705.0
558706.0
558708.0
558709.0
558710.0
558711.0
558712.0
558713.0
558714.0
558775.0
558776.0
558777.0
558779.0
558780.0
558783.0
558784.0
558785.0
558786.0
558787.0
558788.0
558791.0
558792.0
558793.0
558794.0
558856.0
558857.0
558858.0
558859.0
558860.0
558861.0
558862.0
558865.0
558866.0
558867.0
558868.0
558869.0
558874.0
558938.0
558939.0
558941.0
558942.0
558943.0
558944.0
558947.0
558948.0
558949.0
558952.0
558953.0
558954.0
558955.0
559020.0
559021.0
559022.0
559023.0
559024.0
559025.0
559026.0
559029.0
559030.0
559031.0
559035.0
559036.0
559102.0
559103.0
559104.0
559106.0
559107.0
559108.0
559109.0
559111.0
559112.0
559113.0
559184.0
559185.0
559186.0
559188.0
559189.0
559190.0
559191.0
559265.0
559266.0
559267.0
559268.0
559270.0
559271.0
559272.0
559273.0
559347.0
559348.0
559349.0
559350.0
559351.0
559352.0
559353.0
559354.0
559355.0
559429.0
559430.0
559433.0
559434.0
559435.0
559436.0
559511.0
559512.0
559515.0
559516.0
559517.0
559518.0
559593.0
559594.0
559595.0
559598.0
559599.0
559600.0
559675.0
559676.0
559677.0
559678.0
559680.0
559681.0
559756.0
559757.0
559758.0
559759.0
559760.0
559838.0
559839.0
559841.0
559842.0
559921.0
559922.0
559923.0
560003.0
560004.0
560005.0
560006.0
560085.0
560086.0
560087.0
560088.0
560167.0
560168.0
560169.0
560170.0
560249.0
560250.0
0.0
0.0
0.0
0.0
566331.0
0.0
0.0
0.0
0.0
0.0
0.0
0.0
566411.0
566412.0
566413.0
566414.0
0.0
0.0
0.0
0.0
0.0
0.0
0.0
0.0
0.0
0.0
566493.0
566494.0
566495.0
566496.0
0.0
0.0
0.0
0.0
0.0
0.0
0.0
0.0
0.0
0.0
566569.0
566570.0
566571.0
566572.0
566573.0
566574.0
566575.0
566576.0
566578.0
0.0
0.0
0.0
0.0
0.0
0.0
0.0
0.0
0.0
0.0
0.0
566650.0
566651.0
566652.0
566653.0
566654.0
566655.0
566656.0
566657.0
566658.0
0.0
0.0
0.0
0.0
566669.0
566670.0
0.0
0.0
0.0
566732.0
566733.0
566734.0
566735.0
566736.0
566737.0
566739.0
566740.0
0.0
0.0
0.0
0.0
566750.0
0.0
0.0
0.0
0.0
566814.0
566815.0
566817.0
566818.0
566819.0
566821.0
566822.0
0.0
0.0
566830.0
566831.0
566832.0
0.0
0.0
566894.0
566895.0
566896.0
566897.0
566899.0
566900.0
566901.0
0.0
0.0
0.0
566912.0
0.0
0.0
566980.0
566981.0
566982.0
566983.0
566984.0
566985.0
566986.0
566990.0
566991.0
566992.0
566994.0
567056.0
567057.0
567058.0
567062.0
567063.0
567064.0
567065.0
567066.0
567067.0
567068.0
567072.0
567073.0
567075.0
567076.0
567139.0
567140.0
567145.0
567146.0
567147.0
567148.0
567149.0
567150.0
567151.0
567152.0
567153.0
567154.0
567156.0
567157.0
567158.0
567221.0
567222.0
0.0
567224.0
567228.0
567229.0
567230.0
567231.0
567232.0
567233.0
567234.0
567235.0
567236.0
567237.0
567238.0
567239.0
567303.0
567304.0
0.0
567312.0
567313.0
567314.0
567315.0
567316.0
567317.0
567318.0
567319.0
567320.0
567321.0
567322.0
567323.0
567385.0
567386.0
567387.0
567388.0
567389.0
567393.0
567394.0
567395.0
567396.0
567397.0
567398.0
567399.0
567400.0
567401.0
567402.0
567403.0
567404.0
567405.0
567467.0
567468.0
567470.0
567471.0
567472.0
567475.0
567476.0
567477.0
567478.0
567479.0
567484.0
567485.0
567548.0
567549.0
567550.0
567551.0
567552.0
567553.0
567557.0
567558.0
567559.0
567630.0
567631.0
567632.0
567633.0
567634.0
567635.0
567639.0
567640.0
567641.0
567645.0
567646.0
567647.0
567712.0
567713.0
567714.0
567715.0
567716.0
567717.0
567718.0
567720.0
567721.0
567722.0
567723.0
567725.0
567726.0
567727.0
567728.0
567793.0
567794.0
567795.0
567796.0
567797.0
567798.0
567799.0
567800.0
567802.0
567803.0
567804.0
567805.0
567807.0
567808.0
567875.0
567876.0
567877.0
567878.0
567879.0
567880.0
567881.0
567882.0
567883.0
567884.0
567885.0
567886.0
567957.0
567958.0
567961.0
567962.0
567963.0
567964.0
567965.0
568039.0
568040.0
568042.0
568043.0
568044.0
568045.0
568046.0
568121.0
568122.0
568123.0
568124.0
568125.0
568127.0
568128.0
568203.0
568204.0
568206.0
568207.0
568208.0
568209.0
568210.0
568285.0
0.0
0.0
568289.0
568290.0
568291.0
568292.0
0.0
568369.0
568370.0
0.0
568372.0
568373.0
568449.0
568450.0
568451.0
568452.0
568531.0
0.0
568533.0
568534.0
568535.0
568613.0
568614.0
0.0
568616.0
568617.0
568696.0
568777.0
568859.0
568860.0
575104.0
575105.0
575106.0
0.0
0.0
0.0
0.0
0.0
0.0
575186.0
575187.0
575188.0
0.0
0.0
0.0
0.0
0.0
0.0
0.0
0.0
0.0
575266.0
575267.0
575268.0
575269.0
575270.0
0.0
0.0
0.0
0.0
0.0
0.0
0.0
0.0
575279.0
0.0
575343.0
575344.0
575345.0
575346.0
575347.0
575348.0
575349.0
575350.0
575351.0
0.0
0.0
0.0
0.0
0.0
575361.0
575362.0
575425.0
575426.0
575427.0
575428.0
575429.0
575430.0
575431.0
575432.0
575433.0
0.0
0.0
0.0
575441.0
575442.0
0.0
575506.0
575507.0
575508.0
575509.0
575510.0
575511.0
575513.0
575514.0
0.0
0.0
575522.0
575523.0
575524.0
0.0
575586.0
575587.0
575588.0
575589.0
575590.0
575591.0
575592.0
575598.0
575599.0
0.0
0.0
0.0
575604.0
575605.0
0.0
575668.0
575669.0
0.0
575673.0
575674.0
575675.0
575676.0
575677.0
575678.0
575681.0
575683.0
575686.0
575751.0
575755.0
575756.0
575757.0
575758.0
575759.0
575760.0
575764.0
575765.0
575766.0
575767.0
575768.0
575833.0
575834.0
575837.0
575838.0
575839.0
575840.0
575841.0
575842.0
575843.0
575844.0
575845.0
575846.0
575848.0
575849.0
575850.0
575915.0
575916.0
575917.0
575918.0
575920.0
575921.0
575922.0
575923.0
575924.0
575925.0
575926.0
575927.0
575928.0
575929.0
575930.0
575931.0
575932.0
575995.0
575996.0
575998.0
575999.0
576000.0
576001.0
576004.0
576005.0
576006.0
576007.0
576008.0
576009.0
576010.0
576012.0
576013.0
576014.0
576077.0
576078.0
576080.0
576081.0
576082.0
576085.0
576086.0
576087.0
576088.0
576089.0
576090.0
576091.0
576093.0
576094.0
576095.0
576096.0
576159.0
576160.0
576161.0
576162.0
576163.0
576167.0
576168.0
576169.0
576170.0
576176.0
576242.0
576243.0
576244.0
576245.0
576247.0
576248.0
576249.0
576250.0
576251.0
576323.0
576324.0
576325.0
576326.0
576327.0
576329.0
576330.0
576331.0
576332.0
576333.0
576334.0
576335.0
576336.0
576405.0
576406.0
576407.0
576408.0
576409.0
576411.0
576412.0
576413.0
576414.0
576415.0
576416.0
576417.0
576418.0
576419.0
576485.0
576486.0
576487.0
576488.0
576489.0
576490.0
576491.0
576492.0
576494.0
576495.0
576496.0
576497.0
576499.0
576500.0
576501.0
576567.0
576568.0
576570.0
576571.0
576572.0
576573.0
576574.0
576576.0
576577.0
576649.0
576650.0
576652.0
576653.0
576654.0
576655.0
576656.0
576658.0
576659.0
576731.0
576733.0
576734.0
576735.0
576736.0
576737.0
576813.0
576815.0
576816.0
576817.0
576818.0
576819.0
576895.0
576897.0
576898.0
576899.0
576900.0
0.0
576902.0
576977.0
576978.0
576980.0
576981.0
576982.0
576983.0
576984.0
577059.0
0.0
0.0
0.0
0.0
0.0
0.0
577226.0
0.0
0.0
577308.0
577309.0
577390.0
577391.0
577471.0
577472.0
577553.0
577554.0
0.0
0.0
0.0
0.0
0.0
583960.0
583961.0
583962.0
0.0
0.0
0.0
0.0
0.0
0.0
0.0
0.0
583971.0
583972.0
584039.0
584040.0
584042.0
584043.0
584044.0
0.0
0.0
0.0
0.0
0.0
0.0
584052.0
584053.0
584054.0
584119.0
584121.0
584122.0
584123.0
584124.0
584125.0
0.0
0.0
0.0
584134.0
584135.0
584199.0
584200.0
584201.0
584202.0
584203.0
584204.0
584205.0
584206.0
584207.0
584209.0
0.0
0.0
584214.0
584215.0
584216.0
0.0
0.0
584282.0
584283.0
584284.0
584285.0
584286.0
584291.0
584292.0
0.0
0.0
584296.0
584297.0
584360.0
584361.0
0.0
0.0
0.0
584365.0
584366.0
584367.0
584368.0
584369.0
584370.0
584373.0
584374.0
584375.0
0.0
584377.0
584378.0
584442.0
584443.0
584444.0
0.0
584447.0
584448.0
584449.0
584450.0
584451.0
584452.0
584453.0
584456.0
584457.0
584458.0
584459.0
584460.0
584524.0
584525.0
584526.0
584527.0
584529.0
584530.0
584531.0
584532.0
584533.0
584534.0
584535.0
584536.0
584537.0
584538.0
584539.0
584540.0
584541.0
584542.0
584606.0
584607.0
584608.0
584609.0
584610.0
584612.0
584613.0
584614.0
584615.0
584616.0
584617.0
584618.0
584619.0
584620.0
584621.0
584622.0
584687.0
0.0
584690.0
584691.0
584692.0
584693.0
584696.0
584697.0
584698.0
584699.0
584700.0
584701.0
584703.0
584704.0
584769.0
584770.0
584773.0
584774.0
584775.0
584778.0
584779.0
584780.0
584781.0
584782.0
584783.0
584784.0
584785.0
584786.0
584787.0
584851.0
584852.0
584853.0
584854.0
584859.0
584860.0
584861.0
584862.0
584864.0
584867.0
584934.0
584935.0
584936.0
584939.0
584940.0
584941.0
584942.0
584943.0
584944.0
584945.0
584946.0
584949.0
585016.0
585017.0
585018.0
585019.0
585021.0
585022.0
585023.0
585024.0
585025.0
585026.0
585027.0
585028.0
585029.0
585096.0
585097.0
585098.0
585099.0
585100.0
585101.0
585103.0
585104.0
585105.0
585106.0
585107.0
585109.0
585110.0
585111.0
585178.0
585179.0
585180.0
585181.0
585182.0
585183.0
585185.0
585186.0
585187.0
585188.0
585191.0
585192.0
585193.0
585259.0
585261.0
585262.0
585263.0
585264.0
585265.0
585267.0
585268.0
585269.0
585272.0
585273.0
585274.0
585342.0
585344.0
585345.0
585346.0
585347.0
585348.0
585349.0
585350.0
585351.0
585423.0
585424.0
585425.0
585426.0
585427.0
585428.0
585430.0
585431.0
585432.0
585505.0
585506.0
585507.0
585508.0
585509.0
585510.0
585587.0
585589.0
585590.0
585591.0
585592.0
585593.0
585672.0
585673.0
585674.0
585675.0
585754.0
0.0
0.0
586000.0
586001.0
586082.0
586083.0
586163.0
586164.0
586245.0
586246.0
586327.0
586328.0
0.0
0.0
0.0
0.0
0.0
592735.0
592736.0
0.0
0.0
0.0
0.0
0.0
0.0
592744.0
592745.0
592814.0
592817.0
592818.0
0.0
0.0
0.0
0.0
0.0
592825.0
592826.0
592827.0
592895.0
592896.0
592897.0
592898.0
592899.0
592900.0
592901.0
0.0
0.0
0.0
0.0
592906.0
592907.0
592908.0
0.0
0.0
592975.0
592976.0
592977.0
592978.0
592979.0
592980.0
592981.0
592982.0
592983.0
592984.0
0.0
0.0
592988.0
592989.0
0.0
0.0
0.0
593057.0
593058.0
593059.0
593060.0
593061.0
593062.0
593065.0
593066.0
0.0
0.0
593070.0
593071.0
593135.0
0.0
593137.0
593138.0
593139.0
593140.0
593141.0
593143.0
593144.0
593145.0
593148.0
593149.0
593150.0
593151.0
593152.0
593216.0
593217.0
593218.0
593219.0
593220.0
593221.0
593222.0
593223.0
593224.0
593226.0
593227.0
593228.0
593229.0
593230.0
593231.0
593232.0
593300.0
593301.0
593302.0
593303.0
593305.0
593306.0
593307.0
593309.0
593310.0
593311.0
593312.0
593313.0
593314.0
0.0
593382.0
593383.0
593384.0
593385.0
593386.0
593388.0
593389.0
593390.0
593391.0
593392.0
593394.0
593395.0
593396.0
593397.0
593462.0
593464.0
593465.0
593466.0
593467.0
593468.0
593470.0
593471.0
593472.0
593473.0
593474.0
593475.0
593476.0
593477.0
593478.0
593544.0
593545.0
593550.0
593551.0
593552.0
593553.0
593554.0
593556.0
593557.0
593558.0
593559.0
593626.0
593627.0
593631.0
593632.0
593633.0
593635.0
593636.0
593637.0
593638.0
593639.0
593640.0
593641.0
593708.0
593709.0
593710.0
593713.0
593714.0
593715.0
593716.0
593717.0
593718.0
593719.0
593720.0
593721.0
593723.0
593790.0
593791.0
593792.0
593795.0
593796.0
593797.0
593798.0
593799.0
593801.0
593802.0
593803.0
593871.0
593872.0
593873.0
593874.0
593875.0
593877.0
593878.0
593879.0
593882.0
593883.0
593884.0
593885.0
593953.0
593954.0
593955.0
593956.0
593958.0
593959.0
593960.0
593961.0
593962.0
593964.0
593965.0
593966.0
594033.0
594036.0
594037.0
594038.0
594039.0
594040.0
594041.0
594042.0
594043.0
594046.0
594047.0
594115.0
594116.0
594118.0
594119.0
594121.0
594122.0
594123.0
594124.0
594128.0
594129.0
594197.0
594198.0
594199.0
594200.0
594201.0
594204.0
0.0
594281.0
594282.0
594283.0
594284.0
594363.0
594364.0
594365.0
594366.0
594446.0
594937.0
594938.0
595019.0
595020.0
0.0
0.0
0.0
601516.0
601517.0
601518.0
601589.0
601590.0
601591.0
601592.0
0.0
0.0
0.0
0.0
601599.0
601600.0
601670.0
601671.0
601672.0
601673.0
601674.0
601675.0
601676.0
0.0
0.0
0.0
601680.0
601681.0
601749.0
601752.0
601753.0
601754.0
601755.0
601756.0
601757.0
601758.0
0.0
0.0
0.0
601829.0
601830.0
601831.0
601832.0
601833.0
601835.0
601836.0
601837.0
601838.0
601839.0
601840.0
601841.0
0.0
601912.0
601913.0
601914.0
601915.0
601916.0
601918.0
601919.0
601920.0
601921.0
601922.0
601923.0
601924.0
601994.0
601995.0
601996.0
601997.0
601998.0
601999.0
602001.0
602002.0
602003.0
602004.0
602005.0
602074.0
602075.0
602076.0
602077.0
602078.0
602079.0
602080.0
602081.0
602082.0
602083.0
602084.0
602086.0
602087.0
602156.0
602157.0
602158.0
602159.0
602160.0
602161.0
602162.0
602163.0
602164.0
602165.0
602166.0
602167.0
602168.0
602236.0
602238.0
602239.0
602240.0
602241.0
602243.0
602244.0
602245.0
602246.0
602248.0
602249.0
602250.0
602318.0
602320.0
602323.0
602324.0
602325.0
602326.0
602327.0
602328.0
602332.0
602333.0
602400.0
0.0
602405.0
602406.0
602407.0
602408.0
602409.0
602414.0
602486.0
602487.0
602488.0
602489.0
602493.0
602495.0
602568.0
602569.0
602570.0
602571.0
602574.0
602575.0
602576.0
602577.0
602649.0
602650.0
602651.0
602652.0
602653.0
602656.0
602657.0
602658.0
602659.0
602728.0
602731.0
602732.0
602733.0
602734.0
602738.0
602739.0
602740.0
602808.0
602812.0
602813.0
602814.0
602815.0
602820.0
602821.0
602822.0
602894.0
602895.0
602896.0
602902.0
602903.0
602974.0
602976.0
603056.0
603057.0
603137.0
603138.0
603627.0
603628.0
603629.0
610366.0
0.0
610446.0
610447.0
610448.0
610449.0
610528.0
610529.0
610530.0
610531.0
610532.0
610606.0
610607.0
610611.0
610612.0
610613.0
610614.0
610688.0
610689.0
610690.0
610691.0
610695.0
610770.0
610771.0
610772.0
610773.0
610775.0
610776.0
610848.0
610849.0
610850.0
610851.0
610852.0
610853.0
610854.0
610855.0
610856.0
610857.0
610858.0
610929.0
610930.0
610931.0
610932.0
610933.0
610934.0
610935.0
610936.0
610937.0
610938.0
610939.0
610940.0
610941.0
611012.0
611013.0
611014.0
611015.0
611016.0
611017.0
611018.0
611019.0
611020.0
611021.0
611022.0
611023.0
611024.0
611094.0
611095.0
611096.0
611097.0
611098.0
611099.0
611100.0
611101.0
611105.0
611176.0
611177.0
611178.0
611179.0
611180.0
611181.0
611182.0
611183.0
611187.0
611257.0
611258.0
611259.0
611260.0
611261.0
611262.0
611263.0
611264.0
611265.0
611267.0
611269.0
611338.0
611339.0
611340.0
611341.0
611342.0
611343.0
611344.0
611346.0
611348.0
611349.0
611350.0
611351.0
611420.0
611421.0
611422.0
611423.0
611424.0
611425.0
611426.0
611430.0
611431.0
611432.0
611433.0
611502.0
611503.0
611504.0
611505.0
611506.0
611507.0
611512.0
611513.0
611514.0
611515.0
611585.0
611586.0
611587.0
611588.0
611666.0
611667.0
611748.0
611828.0
611829.0
619544.0
619545.0
619549.0
619624.0
619625.0
619626.0
619627.0
619629.0
619630.0
619631.0
619632.0
619704.0
619705.0
619706.0
619707.0
619708.0
619709.0
619710.0
619711.0
619712.0
619713.0
619714.0
619786.0
619787.0
619788.0
619789.0
619790.0
619791.0
619792.0
619793.0
619794.0
619795.0
619796.0
619868.0
619869.0
619870.0
619871.0
619872.0
619873.0
619874.0
619875.0
619876.0
619877.0
619949.0
619950.0
619951.0
619952.0
619953.0
619954.0
619955.0
619956.0
619957.0
619958.0
619959.0
620031.0
620032.0
620033.0
620034.0
620035.0
620036.0
620037.0
620038.0
620039.0
620041.0
620113.0
620114.0
620115.0
620116.0
620117.0
620119.0
620120.0
620122.0
620123.0
620124.0
620125.0
620195.0
620196.0
620198.0
620204.0
620206.0
620362.0
620439.0
620443.0
620524.0
620525.0
628404.0
628405.0
628485.0
628486.0
628487.0
628488.0
628564.0
628565.0
628566.0
628567.0
628568.0
628569.0
628570.0
628644.0
628645.0
628646.0
628647.0
628648.0
628649.0
628650.0
628651.0
628653.0
628725.0
628726.0
628727.0
628728.0
628729.0
628730.0
628731.0
628732.0
628733.0
628734.0
628808.0
628809.0
628810.0
628811.0
628812.0
628813.0
628814.0
628815.0
628890.0
628893.0
628894.0
628971.0
628972.0
628973.0
629053.0
629054.0
629134.0
629135.0
629136.0
629216.0
629217.0
637341.0
637342.0
637343.0
637418.0
637420.0
637421.0
637422.0
637423.0
637424.0
637425.0
637500.0
637501.0
637502.0
637503.0
637504.0
637505.0
637506.0
637507.0
637581.0
637582.0
637583.0
637584.0
637585.0
637586.0
637587.0
637588.0
637663.0
637664.0
637665.0
637666.0
637745.0
637746.0
637747.0
637748.0
637827.0
637828.0
646117.0
646193.0
646194.0
646196.0
646197.0
646198.0
646199.0
646275.0
646276.0
646277.0
646278.0
646279.0
646280.0
646356.0
646357.0
646358.0
646359.0
646360.0
646439.0
646440.0
646441.0
646442.0
646522.0
654968.0
655050.0
655051.0
655052.0
655132.0
655133.0
655214.0
