56328.0
56329.0
56409.0
56410.0
56411.0
63944.0
64022.0
64023.0
64024.0
64025.0
64103.0
64104.0
64105.0
71475.0
71476.0
71477.0
71555.0
71556.0
71557.0
71636.0
71637.0
71638.0
71639.0
71717.0
71718.0
71719.0
71720.0
71798.0
71799.0
79010.0
79011.0
79012.0
79015.0
79016.0
79089.0
79090.0
79091.0
79092.0
79093.0
79095.0
79096.0
79097.0
79169.0
79170.0
79171.0
79172.0
79173.0
79174.0
79176.0
79177.0
79178.0
79249.0
79250.0
79251.0
79252.0
79253.0
79254.0
79255.0
79258.0
79259.0
79330.0
79331.0
79332.0
79333.0
79334.0
79412.0
79414.0
79415.0
79416.0
79493.0
79494.0
79574.0
86548.0
86549.0
86624.0
86625.0
86626.0
86627.0
86628.0
86629.0
86630.0
86631.0
86702.0
86703.0
86704.0
86705.0
86706.0
86707.0
86708.0
86709.0
86710.0
86711.0
86783.0
86784.0
86785.0
86786.0
86787.0
86788.0
86789.0
86790.0
86791.0
86792.0
86793.0
86863.0
86864.0
86865.0
86866.0
86867.0
86868.0
86869.0
86870.0
86871.0
86873.0
86944.0
86945.0
86946.0
86947.0
86948.0
86949.0
86950.0
86951.0
86953.0
86954.0
87025.0
87026.0
87028.0
87029.0
87030.0
87031.0
87034.0
87107.0
87108.0
87109.0
87110.0
87111.0
94083.0
94084.0
94155.0
94156.0
94157.0
94158.0
94162.0
94163.0
94164.0
94165.0
94235.0
94236.0
94239.0
94240.0
94242.0
94243.0
94244.0
94245.0
94317.0
94320.0
94321.0
94322.0
94323.0
94324.0
94325.0
94326.0
94397.0
94398.0
94399.0
94400.0
94401.0
94402.0
94403.0
94404.0
94405.0
94406.0
94407.0
94478.0
94479.0
94480.0
94481.0
94483.0
94484.0
94485.0
94487.0
94488.0
94558.0
94560.0
94561.0
94562.0
94563.0
94564.0
94565.0
94566.0
94568.0
94569.0
94639.0
94640.0
94641.0
94643.0
94644.0
94645.0
94646.0
94648.0
94649.0
94721.0
94722.0
94723.0
94724.0
94725.0
94726.0
94728.0
94729.0
94730.0
94803.0
94805.0
94806.0
101534.0
101611.0
101612.0
101613.0
101614.0
101615.0
101616.0
101617.0
101618.0
101619.0
101688.0
101691.0
101692.0
101693.0
101694.0
101695.0
101696.0
101697.0
101698.0
101699.0
101700.0
101768.0
101769.0
101770.0
101771.0
101772.0
101773.0
101774.0
101775.0
101776.0
101777.0
101778.0
101779.0
101780.0
101781.0
101849.0
101850.0
101851.0
101852.0
101853.0
101854.0
101855.0
101857.0
101858.0
101859.0
101860.0
101861.0
101930.0
101931.0
101934.0
101935.0
101936.0
101937.0
101938.0
101940.0
101941.0
102015.0
102016.0
102017.0
102018.0
102019.0
102021.0
102093.0
102094.0
102095.0
102096.0
102097.0
102098.0
102099.0
102100.0
102102.0
102173.0
102174.0
102175.0
102177.0
102178.0
102179.0
102180.0
102182.0
102183.0
102253.0
102255.0
102256.0
102257.0
102259.0
102260.0
102261.0
102263.0
102264.0
102334.0
102335.0
102336.0
102337.0
102339.0
102340.0
102341.0
102343.0
102344.0
102345.0
102416.0
102417.0
102418.0
102419.0
102420.0
102421.0
102422.0
102423.0
102424.0
102425.0
102426.0
102427.0
102498.0
102499.0
102501.0
102502.0
102505.0
102507.0
102579.0
102580.0
102660.0
102661.0
102900.0
0.0
0.0
0.0
0.0
0.0
0.0
109147.0
109149.0
109150.0
109226.0
109227.0
109228.0
109229.0
109230.0
109231.0
109232.0
109233.0
109305.0
109306.0
109307.0
109308.0
109309.0
109310.0
109311.0
109312.0
109313.0
109314.0
109315.0
109382.0
109383.0
109384.0
109385.0
109386.0
109387.0
109388.0
109389.0
109390.0
109391.0
109392.0
109393.0
109394.0
109395.0
109396.0
109463.0
109464.0
109465.0
109466.0
109467.0
109468.0
109469.0
109470.0
109471.0
109472.0
109473.0
109474.0
109475.0
109476.0
109543.0
109544.0
109545.0
109546.0
109547.0
109548.0
109549.0
109550.0
109551.0
109552.0
109553.0
109554.0
109555.0
109556.0
109557.0
0.0
109625.0
109629.0
109630.0
109631.0
109633.0
109635.0
109636.0
109637.0
0.0
0.0
0.0
109709.0
109710.0
109711.0
109712.0
109713.0
109714.0
109716.0
109717.0
0.0
0.0
0.0
109789.0
109790.0
109793.0
109794.0
109795.0
109796.0
109797.0
0.0
0.0
109868.0
109869.0
109870.0
109874.0
109875.0
109877.0
109878.0
109948.0
109949.0
109950.0
109951.0
109952.0
109953.0
109954.0
109955.0
109956.0
109958.0
109959.0
110028.0
110029.0
110030.0
110031.0
110032.0
110033.0
110034.0
110035.0
110036.0
110039.0
110040.0
110110.0
110111.0
110112.0
110113.0
110114.0
110115.0
110116.0
110117.0
110119.0
110120.0
110121.0
110122.0
110123.0
110193.0
110196.0
110197.0
110200.0
110201.0
110202.0
110203.0
110283.0
110514.0
110594.0
110595.0
0.0
110915.0
110997.0
0.0
116842.0
116843.0
116844.0
116845.0
116846.0
116847.0
116918.0
116919.0
116920.0
116921.0
116922.0
116923.0
116924.0
116925.0
116926.0
116927.0
116995.0
116999.0
117000.0
117001.0
117002.0
117003.0
117010.0
117075.0
117076.0
117077.0
117078.0
117079.0
117080.0
117081.0
117082.0
117085.0
117086.0
117087.0
117088.0
117089.0
117090.0
117091.0
117156.0
117157.0
117158.0
117159.0
117160.0
117161.0
117162.0
117163.0
117165.0
117166.0
117167.0
117168.0
117169.0
117171.0
117172.0
117238.0
117239.0
117241.0
117242.0
117243.0
117244.0
117245.0
117246.0
117247.0
117248.0
117249.0
117251.0
117252.0
0.0
0.0
0.0
117323.0
117324.0
117325.0
117326.0
117327.0
117328.0
117329.0
117331.0
117332.0
0.0
0.0
0.0
0.0
117404.0
117405.0
117406.0
117407.0
117408.0
117409.0
117411.0
117412.0
0.0
0.0
0.0
0.0
0.0
117486.0
117487.0
117488.0
117489.0
117490.0
117491.0
117492.0
0.0
0.0
0.0
0.0
117565.0
117569.0
117570.0
117645.0
117646.0
117647.0
117648.0
117649.0
117650.0
117651.0
117653.0
117654.0
117725.0
117726.0
117727.0
117728.0
117730.0
117731.0
117734.0
117735.0
117805.0
117806.0
117807.0
117808.0
117809.0
117811.0
117812.0
117814.0
117815.0
117816.0
117817.0
117818.0
117887.0
117888.0
117889.0
117890.0
117894.0
117895.0
117896.0
117897.0
117898.0
117974.0
117975.0
117976.0
117977.0
117978.0
118056.0
118057.0
118058.0
118059.0
118208.0
118209.0
118289.0
118290.0
118373.0
0.0
118453.0
118454.0
118529.0
118530.0
118531.0
118533.0
118534.0
118610.0
118611.0
118612.0
118613.0
118692.0
118693.0
118694.0
118773.0
118774.0
118775.0
124291.0
124368.0
124369.0
124372.0
124373.0
0.0
0.0
0.0
0.0
0.0
124449.0
124450.0
124452.0
124453.0
124454.0
0.0
0.0
0.0
0.0
0.0
0.0
124530.0
124531.0
124532.0
124533.0
124534.0
124535.0
124537.0
124538.0
124539.0
124540.0
0.0
0.0
0.0
0.0
124611.0
124612.0
124613.0
124614.0
124615.0
124616.0
124617.0
124618.0
124619.0
124620.0
124621.0
124622.0
0.0
0.0
124690.0
124691.0
124693.0
124694.0
124695.0
124696.0
124697.0
124698.0
124702.0
124703.0
124704.0
124705.0
124771.0
124772.0
124773.0
124776.0
124777.0
124780.0
124781.0
124782.0
124783.0
124784.0
124785.0
124786.0
124851.0
124852.0
124853.0
124854.0
124855.0
124857.0
124858.0
124861.0
124862.0
124863.0
124864.0
124866.0
124867.0
124934.0
124935.0
124936.0
124937.0
124938.0
124939.0
124940.0
124941.0
124942.0
124943.0
124944.0
124946.0
124947.0
0.0
0.0
125017.0
125018.0
125019.0
125020.0
125021.0
125022.0
125023.0
125024.0
125026.0
125027.0
0.0
0.0
0.0
0.0
0.0
125099.0
125100.0
125101.0
125102.0
125103.0
125104.0
125106.0
125107.0
0.0
0.0
0.0
0.0
0.0
125180.0
125181.0
125182.0
125183.0
125184.0
125185.0
125186.0
125187.0
125188.0
0.0
0.0
0.0
0.0
0.0
125264.0
125265.0
125268.0
0.0
0.0
0.0
125341.0
125342.0
125344.0
125345.0
125346.0
125349.0
0.0
0.0
125422.0
125423.0
125425.0
125426.0
125427.0
125429.0
125430.0
125432.0
0.0
0.0
0.0
125503.0
125506.0
125507.0
125509.0
125510.0
125511.0
125512.0
125513.0
0.0
0.0
125581.0
125584.0
125589.0
125590.0
125591.0
125592.0
125593.0
125594.0
0.0
0.0
125662.0
125670.0
125671.0
125672.0
125673.0
125674.0
0.0
0.0
0.0
125743.0
125751.0
125752.0
125753.0
125754.0
0.0
0.0
0.0
125823.0
125824.0
125832.0
125833.0
0.0
125903.0
125904.0
125905.0
0.0
125985.0
125987.0
0.0
0.0
126067.0
126068.0
0.0
126148.0
126149.0
126227.0
0.0
126307.0
126308.0
126309.0
126388.0
126389.0
126390.0
0.0
126468.0
126469.0
126470.0
126471.0
126549.0
126550.0
126551.0
131904.0
131906.0
0.0
0.0
0.0
131985.0
131986.0
131987.0
131988.0
0.0
0.0
0.0
0.0
0.0
132062.0
0.0
132064.0
132065.0
132066.0
132067.0
132068.0
132069.0
0.0
0.0
0.0
0.0
132143.0
132144.0
132145.0
132146.0
132147.0
132148.0
132149.0
132150.0
0.0
0.0
0.0
0.0
0.0
0.0
132224.0
132225.0
132226.0
132227.0
132228.0
132229.0
132230.0
132231.0
132232.0
132233.0
132234.0
132235.0
0.0
0.0
0.0
0.0
0.0
132305.0
132306.0
132307.0
132308.0
132309.0
132311.0
132312.0
132313.0
132314.0
132315.0
132316.0
0.0
0.0
0.0
0.0
0.0
0.0
0.0
132387.0
132388.0
132389.0
132390.0
132391.0
132392.0
132393.0
132394.0
132397.0
132398.0
0.0
0.0
0.0
0.0
132466.0
0.0
132468.0
132469.0
132470.0
132471.0
132472.0
132474.0
132476.0
132477.0
132478.0
132479.0
132480.0
0.0
132548.0
132549.0
132550.0
132551.0
132552.0
132553.0
132556.0
132557.0
132558.0
132560.0
132561.0
132562.0
0.0
0.0
132629.0
132630.0
132631.0
132632.0
132633.0
132634.0
132636.0
132637.0
132638.0
132639.0
132641.0
132642.0
132643.0
0.0
132711.0
132712.0
132713.0
132714.0
132715.0
132716.0
132717.0
132718.0
132719.0
132721.0
132722.0
132723.0
0.0
0.0
0.0
0.0
0.0
132793.0
132794.0
132795.0
132796.0
132797.0
132798.0
132799.0
132800.0
132802.0
132803.0
0.0
0.0
0.0
0.0
0.0
132875.0
132876.0
132877.0
132878.0
132879.0
132880.0
132882.0
132883.0
0.0
0.0
0.0
0.0
0.0
132958.0
132959.0
132960.0
132961.0
132963.0
0.0
0.0
0.0
0.0
0.0
133039.0
133040.0
133041.0
133044.0
133045.0
133046.0
0.0
0.0
0.0
0.0
0.0
133120.0
133121.0
133124.0
133125.0
133126.0
133127.0
0.0
0.0
0.0
0.0
0.0
133197.0
133205.0
133206.0
133207.0
133208.0
0.0
0.0
0.0
133275.0
133276.0
133277.0
133278.0
133285.0
133286.0
133287.0
133288.0
133289.0
0.0
0.0
0.0
0.0
133356.0
133357.0
133358.0
133359.0
133366.0
133367.0
133368.0
133369.0
0.0
0.0
0.0
0.0
133437.0
133438.0
133439.0
133447.0
133448.0
133449.0
0.0
0.0
0.0
133517.0
133518.0
133519.0
133520.0
0.0
0.0
0.0
133599.0
133600.0
133601.0
0.0
0.0
133680.0
133681.0
133682.0
133683.0
0.0
133758.0
133759.0
133761.0
133762.0
133763.0
133764.0
0.0
0.0
133840.0
133842.0
133843.0
133844.0
133921.0
0.0
0.0
134002.0
134003.0
134004.0
0.0
134083.0
134084.0
134085.0
134164.0
134165.0
0.0
134244.0
134245.0
134246.0
134325.0
134326.0
134327.0
0.0
0.0
0.0
134407.0
0.0
0.0
0.0
0.0
0.0
0.0
0.0
0.0
0.0
0.0
0.0
0.0
0.0
0.0
139436.0
139437.0
0.0
0.0
0.0
0.0
0.0
139595.0
139596.0
139597.0
139598.0
0.0
0.0
0.0
0.0
0.0
0.0
0.0
139676.0
139677.0
0.0
139679.0
139680.0
139681.0
139682.0
0.0
0.0
0.0
0.0
0.0
139757.0
139758.0
139759.0
139760.0
139761.0
139763.0
139764.0
0.0
0.0
0.0
0.0
139838.0
139839.0
139840.0
139841.0
139842.0
139844.0
139845.0
0.0
0.0
0.0
0.0
0.0
0.0
0.0
0.0
139918.0
139919.0
139920.0
139921.0
139922.0
139923.0
139925.0
139926.0
0.0
139929.0
0.0
0.0
0.0
0.0
0.0
0.0
0.0
0.0
140001.0
140003.0
140004.0
140005.0
140006.0
140007.0
140008.0
140009.0
140010.0
140011.0
0.0
0.0
0.0
0.0
0.0
0.0
140081.0
140082.0
140084.0
140085.0
140086.0
140087.0
140088.0
140089.0
140090.0
140092.0
140093.0
140094.0
0.0
0.0
0.0
0.0
140162.0
140163.0
140164.0
140165.0
140166.0
140167.0
140169.0
140170.0
140173.0
140174.0
140175.0
140176.0
0.0
0.0
140243.0
140244.0
140245.0
140246.0
140247.0
140248.0
140251.0
140252.0
140254.0
140255.0
140256.0
0.0
0.0
140324.0
140325.0
140326.0
140327.0
140328.0
140329.0
140332.0
140333.0
140336.0
140337.0
140338.0
0.0
0.0
140406.0
140407.0
140408.0
140409.0
140410.0
140411.0
140412.0
140413.0
140414.0
140417.0
0.0
0.0
0.0
0.0
140488.0
140489.0
140490.0
140491.0
140492.0
140493.0
140494.0
140495.0
140497.0
140498.0
0.0
0.0
0.0
0.0
0.0
0.0
0.0
140570.0
140571.0
140572.0
140573.0
140574.0
140575.0
140577.0
0.0
0.0
0.0
0.0
0.0
0.0
140652.0
140653.0
140654.0
140655.0
140656.0
140658.0
140659.0
140660.0
140661.0
0.0
0.0
0.0
0.0
0.0
0.0
140735.0
140736.0
140739.0
140740.0
140741.0
140742.0
0.0
0.0
0.0
140812.0
140820.0
140821.0
140822.0
0.0
0.0
0.0
140890.0
140891.0
140892.0
140893.0
140901.0
140902.0
140903.0
0.0
0.0
0.0
140970.0
140971.0
140972.0
140973.0
140974.0
140982.0
140983.0
0.0
0.0
0.0
141051.0
141052.0
141053.0
141054.0
141055.0
0.0
0.0
0.0
141131.0
141132.0
141133.0
141134.0
141135.0
141212.0
141213.0
141214.0
141215.0
141216.0
141293.0
141294.0
141295.0
141296.0
141297.0
0.0
141374.0
141375.0
141376.0
141377.0
141378.0
0.0
0.0
141454.0
141455.0
141456.0
141457.0
141458.0
141459.0
0.0
141535.0
141536.0
141537.0
141538.0
141539.0
141616.0
141617.0
141618.0
141619.0
0.0
0.0
141697.0
141698.0
141699.0
0.0
0.0
141778.0
141779.0
141780.0
0.0
141859.0
141860.0
141940.0
141941.0
0.0
142020.0
142021.0
142022.0
0.0
0.0
0.0
0.0
0.0
142102.0
0.0
0.0
0.0
0.0
0.0
0.0
0.0
0.0
0.0
0.0
0.0
0.0
0.0
0.0
0.0
0.0
0.0
147049.0
147050.0
147051.0
147052.0
147130.0
147131.0
147132.0
147133.0
147134.0
0.0
147210.0
147211.0
147212.0
0.0
0.0
147215.0
0.0
0.0
0.0
0.0
0.0
0.0
0.0
0.0
147291.0
147292.0
147293.0
147295.0
147296.0
0.0
0.0
0.0
0.0
0.0
0.0
0.0
147372.0
147373.0
147374.0
147375.0
147377.0
0.0
0.0
0.0
0.0
0.0
0.0
147452.0
0.0
147455.0
147456.0
147458.0
0.0
0.0
0.0
0.0
147532.0
147533.0
147534.0
147536.0
147537.0
147539.0
0.0
0.0
0.0
0.0
0.0
0.0
0.0
0.0
147550.0
0.0
0.0
0.0
147614.0
147617.0
147618.0
147620.0
147621.0
147622.0
0.0
147624.0
147625.0
0.0
0.0
0.0
147629.0
0.0
0.0
0.0
147695.0
147696.0
147698.0
147699.0
147701.0
147702.0
147704.0
147705.0
147706.0
0.0
0.0
147775.0
147776.0
147777.0
147778.0
147779.0
147780.0
147781.0
147783.0
147784.0
147785.0
147786.0
147787.0
147788.0
147789.0
147790.0
0.0
147856.0
147857.0
147858.0
147859.0
147861.0
147864.0
147865.0
147866.0
147868.0
147869.0
147870.0
147871.0
147938.0
147939.0
147940.0
147941.0
147942.0
147949.0
147950.0
147951.0
0.0
0.0
148019.0
148020.0
148021.0
148022.0
148023.0
148024.0
148030.0
148031.0
148032.0
0.0
0.0
148101.0
148102.0
148103.0
148104.0
148105.0
148106.0
148107.0
148108.0
148109.0
0.0
0.0
0.0
148183.0
148184.0
148185.0
148186.0
148187.0
148188.0
148189.0
148192.0
0.0
0.0
0.0
0.0
148265.0
148266.0
148267.0
148268.0
148269.0
148270.0
148273.0
148274.0
148275.0
0.0
0.0
0.0
0.0
0.0
0.0
0.0
148347.0
148348.0
148349.0
148350.0
148351.0
148353.0
148354.0
148355.0
148356.0
148357.0
0.0
0.0
0.0
0.0
0.0
148426.0
148434.0
148435.0
148436.0
148437.0
0.0
0.0
0.0
148505.0
148506.0
148507.0
148515.0
148516.0
148517.0
0.0
0.0
0.0
0.0
148586.0
148587.0
148588.0
148596.0
148597.0
0.0
0.0
0.0
0.0
0.0
148667.0
148668.0
148669.0
0.0
0.0
0.0
148747.0
148748.0
148749.0
148750.0
0.0
0.0
148828.0
148829.0
148830.0
148908.0
148909.0
148910.0
148911.0
148989.0
148990.0
148991.0
148992.0
0.0
149069.0
149070.0
149071.0
149072.0
0.0
0.0
0.0
149150.0
149151.0
149152.0
149153.0
0.0
0.0
0.0
149230.0
149231.0
149232.0
149233.0
0.0
149311.0
149312.0
149313.0
149314.0
0.0
0.0
0.0
0.0
0.0
0.0
0.0
0.0
0.0
0.0
0.0
0.0
0.0
0.0
0.0
0.0
0.0
0.0
0.0
0.0
0.0
0.0
0.0
0.0
0.0
0.0
0.0
0.0
0.0
0.0
0.0
0.0
0.0
0.0
0.0
0.0
154664.0
154665.0
154666.0
0.0
154743.0
154744.0
154745.0
154746.0
154747.0
0.0
0.0
0.0
0.0
0.0
0.0
0.0
154825.0
154826.0
154828.0
154829.0
0.0
0.0
0.0
0.0
0.0
0.0
0.0
0.0
154905.0
0.0
0.0
154909.0
0.0
0.0
0.0
0.0
0.0
0.0
0.0
0.0
0.0
0.0
0.0
154986.0
0.0
0.0
154990.0
154991.0
0.0
0.0
0.0
0.0
0.0
0.0
0.0
0.0
0.0
0.0
0.0
155068.0
155069.0
155071.0
155072.0
0.0
0.0
0.0
0.0
0.0
0.0
0.0
0.0
155146.0
0.0
0.0
0.0
155150.0
155151.0
155153.0
0.0
0.0
0.0
0.0
0.0
0.0
0.0
155227.0
155228.0
0.0
155231.0
155232.0
155233.0
155234.0
155235.0
155236.0
155238.0
0.0
0.0
155245.0
155246.0
0.0
0.0
155308.0
155309.0
155312.0
155313.0
155315.0
155316.0
155317.0
155318.0
155319.0
155320.0
0.0
0.0
155323.0
155324.0
155325.0
155326.0
155327.0
0.0
155389.0
155390.0
155391.0
155394.0
155396.0
155397.0
155398.0
155399.0
155400.0
155401.0
155402.0
0.0
155404.0
155405.0
155407.0
0.0
155470.0
155471.0
155472.0
155473.0
155478.0
155479.0
155480.0
155481.0
155482.0
155485.0
155486.0
0.0
0.0
155551.0
155552.0
155553.0
155554.0
155555.0
155559.0
155560.0
155561.0
155564.0
155565.0
155566.0
0.0
0.0
155633.0
155634.0
155635.0
155636.0
155637.0
155645.0
155646.0
0.0
0.0
155714.0
155715.0
155716.0
155717.0
155718.0
155719.0
155725.0
155726.0
155727.0
0.0
0.0
0.0
155796.0
155797.0
155798.0
155799.0
155800.0
155801.0
155802.0
155803.0
0.0
0.0
0.0
155879.0
155880.0
155881.0
155884.0
155888.0
155889.0
0.0
0.0
0.0
155960.0
155961.0
155962.0
155965.0
155968.0
155969.0
155971.0
0.0
0.0
0.0
0.0
0.0
0.0
156045.0
156049.0
156050.0
156051.0
156052.0
156053.0
0.0
0.0
0.0
0.0
0.0
156120.0
156121.0
156129.0
156130.0
156131.0
156132.0
156133.0
0.0
0.0
0.0
0.0
156201.0
156202.0
156211.0
156212.0
0.0
0.0
0.0
156282.0
156283.0
0.0
0.0
0.0
0.0
0.0
0.0
0.0
0.0
0.0
0.0
0.0
0.0
0.0
0.0
0.0
0.0
0.0
0.0
0.0
0.0
0.0
0.0
0.0
0.0
0.0
0.0
0.0
0.0
0.0
0.0
0.0
0.0
0.0
0.0
0.0
0.0
0.0
0.0
0.0
0.0
0.0
0.0
0.0
0.0
0.0
0.0
0.0
0.0
0.0
0.0
0.0
0.0
0.0
0.0
0.0
0.0
0.0
0.0
0.0
0.0
0.0
0.0
0.0
0.0
0.0
0.0
0.0
0.0
0.0
162278.0
162279.0
162280.0
0.0
162359.0
162360.0
162361.0
162362.0
0.0
0.0
0.0
0.0
162438.0
162439.0
162440.0
162441.0
162442.0
0.0
0.0
0.0
0.0
0.0
0.0
0.0
0.0
0.0
0.0
0.0
162520.0
162521.0
162523.0
0.0
0.0
0.0
0.0
0.0
0.0
0.0
0.0
0.0
0.0
0.0
0.0
0.0
162604.0
0.0
0.0
0.0
0.0
0.0
0.0
0.0
0.0
0.0
0.0
0.0
0.0
0.0
0.0
0.0
0.0
162685.0
0.0
0.0
0.0
0.0
0.0
0.0
0.0
0.0
0.0
0.0
0.0
0.0
0.0
162766.0
0.0
0.0
0.0
0.0
0.0
0.0
0.0
0.0
0.0
0.0
0.0
0.0
0.0
162847.0
162848.0
162849.0
0.0
0.0
0.0
0.0
0.0
0.0
0.0
0.0
0.0
0.0
0.0
0.0
0.0
162928.0
162929.0
162930.0
162931.0
0.0
0.0
0.0
162940.0
162941.0
0.0
0.0
163004.0
163010.0
163011.0
163012.0
163018.0
163019.0
163020.0
163021.0
163022.0
0.0
0.0
163084.0
163085.0
163091.0
163092.0
163093.0
163094.0
163095.0
163096.0
163099.0
163100.0
163101.0
163102.0
0.0
0.0
163165.0
163166.0
163167.0
163168.0
163173.0
163174.0
163175.0
163176.0
163180.0
163181.0
163182.0
163183.0
0.0
0.0
0.0
163247.0
163248.0
163249.0
163250.0
163255.0
163259.0
163260.0
163261.0
163263.0
163264.0
0.0
0.0
163329.0
163330.0
163331.0
163332.0
163340.0
163341.0
0.0
0.0
0.0
163411.0
163412.0
163413.0
163421.0
163422.0
0.0
0.0
0.0
163493.0
163494.0
163502.0
163503.0
0.0
0.0
0.0
0.0
163576.0
163583.0
163584.0
163585.0
0.0
0.0
163658.0
163664.0
163665.0
163666.0
163667.0
0.0
0.0
163745.0
163746.0
163747.0
0.0
0.0
0.0
0.0
0.0
163815.0
0.0
0.0
0.0
0.0
0.0
163896.0
0.0
0.0
0.0
0.0
0.0
0.0
0.0
0.0
0.0
0.0
0.0
0.0
0.0
0.0
0.0
0.0
0.0
0.0
0.0
0.0
0.0
0.0
0.0
0.0
0.0
0.0
0.0
0.0
0.0
0.0
0.0
0.0
0.0
0.0
0.0
0.0
0.0
0.0
0.0
0.0
0.0
0.0
0.0
0.0
0.0
0.0
0.0
0.0
0.0
0.0
0.0
0.0
0.0
0.0
0.0
0.0
0.0
0.0
0.0
0.0
0.0
0.0
0.0
0.0
0.0
0.0
0.0
0.0
0.0
0.0
0.0
0.0
0.0
0.0
0.0
0.0
0.0
0.0
0.0
0.0
0.0
0.0
0.0
0.0
169893.0
169894.0
0.0
169973.0
169974.0
169975.0
169976.0
0.0
0.0
170054.0
170055.0
170056.0
170057.0
0.0
0.0
0.0
0.0
0.0
0.0
170133.0
170134.0
170135.0
170137.0
170138.0
0.0
0.0
0.0
0.0
0.0
0.0
0.0
0.0
0.0
0.0
0.0
0.0
170214.0
170215.0
170216.0
170218.0
0.0
0.0
0.0
0.0
0.0
0.0
0.0
0.0
0.0
0.0
0.0
0.0
0.0
0.0
0.0
0.0
0.0
170298.0
170299.0
0.0
0.0
0.0
0.0
0.0
0.0
0.0
0.0
0.0
0.0
0.0
0.0
0.0
0.0
0.0
0.0
0.0
0.0
170379.0
170380.0
0.0
0.0
0.0
0.0
0.0
0.0
0.0
0.0
0.0
0.0
0.0
0.0
0.0
0.0
0.0
170460.0
170461.0
170462.0
170463.0
0.0
0.0
0.0
0.0
0.0
0.0
0.0
0.0
0.0
0.0
0.0
0.0
0.0
0.0
170542.0
170543.0
170544.0
0.0
0.0
0.0
0.0
0.0
0.0
0.0
0.0
0.0
0.0
0.0
0.0
0.0
0.0
170623.0
170624.0
170625.0
170626.0
0.0
0.0
0.0
0.0
0.0
0.0
170635.0
170636.0
170705.0
170706.0
170714.0
170715.0
170716.0
170717.0
170788.0
170794.0
170795.0
170796.0
170797.0
0.0
0.0
170875.0
170876.0
170877.0
170878.0
0.0
0.0
170955.0
170956.0
170957.0
170958.0
0.0
171035.0
171036.0
171037.0
0.0
0.0
0.0
0.0
171116.0
171117.0
171118.0
0.0
0.0
0.0
0.0
171197.0
171198.0
171199.0
171200.0
0.0
0.0
0.0
0.0
171278.0
171279.0
171280.0
171360.0
171361.0
0.0
0.0
0.0
0.0
0.0
0.0
0.0
0.0
0.0
0.0
0.0
0.0
0.0
0.0
0.0
0.0
0.0
0.0
0.0
0.0
0.0
0.0
0.0
0.0
0.0
0.0
0.0
0.0
0.0
0.0
0.0
0.0
0.0
0.0
0.0
0.0
0.0
0.0
0.0
0.0
0.0
0.0
0.0
0.0
0.0
0.0
0.0
0.0
0.0
0.0
0.0
0.0
0.0
0.0
0.0
0.0
0.0
0.0
0.0
0.0
0.0
0.0
0.0
0.0
0.0
0.0
0.0
0.0
0.0
0.0
0.0
0.0
0.0
0.0
0.0
0.0
0.0
0.0
0.0
0.0
0.0
0.0
0.0
0.0
0.0
0.0
0.0
0.0
0.0
0.0
0.0
0.0
177588.0
177668.0
177669.0
0.0
0.0
0.0
0.0
0.0
0.0
177748.0
177749.0
177752.0
0.0
0.0
0.0
0.0
0.0
0.0
0.0
0.0
0.0
177828.0
177829.0
177830.0
177832.0
177833.0
0.0
0.0
0.0
0.0
0.0
0.0
0.0
0.0
0.0
0.0
0.0
0.0
0.0
177909.0
177910.0
177911.0
177913.0
0.0
0.0
0.0
0.0
0.0
0.0
0.0
0.0
0.0
0.0
0.0
0.0
0.0
0.0
177993.0
0.0
0.0
0.0
0.0
0.0
0.0
0.0
0.0
0.0
0.0
0.0
0.0
0.0
178074.0
178075.0
0.0
0.0
0.0
0.0
0.0
0.0
0.0
0.0
0.0
0.0
0.0
0.0
0.0
0.0
178155.0
178156.0
0.0
0.0
0.0
0.0
0.0
0.0
0.0
0.0
0.0
0.0
0.0
0.0
0.0
0.0
178237.0
0.0
0.0
0.0
0.0
0.0
0.0
0.0
0.0
0.0
0.0
0.0
178318.0
178319.0
0.0
0.0
0.0
0.0
0.0
0.0
0.0
0.0
0.0
0.0
0.0
0.0
0.0
0.0
0.0
0.0
0.0
0.0
0.0
0.0
0.0
0.0
0.0
0.0
0.0
0.0
0.0
0.0
0.0
0.0
0.0
0.0
0.0
0.0
0.0
0.0
0.0
0.0
0.0
0.0
0.0
0.0
0.0
0.0
0.0
0.0
0.0
0.0
0.0
0.0
0.0
0.0
0.0
0.0
0.0
0.0
0.0
0.0
0.0
0.0
0.0
0.0
0.0
0.0
0.0
0.0
0.0
0.0
0.0
0.0
0.0
0.0
0.0
0.0
0.0
0.0
0.0
0.0
0.0
0.0
0.0
0.0
0.0
0.0
0.0
0.0
0.0
0.0
0.0
0.0
0.0
0.0
0.0
0.0
0.0
0.0
0.0
0.0
0.0
0.0
0.0
0.0
0.0
0.0
0.0
0.0
0.0
0.0
0.0
0.0
0.0
0.0
0.0
0.0
0.0
0.0
0.0
0.0
0.0
0.0
0.0
0.0
0.0
0.0
0.0
0.0
0.0
0.0
0.0
0.0
0.0
0.0
0.0
0.0
0.0
0.0
0.0
0.0
0.0
0.0
0.0
0.0
0.0
185523.0
185524.0
0.0
0.0
0.0
0.0
0.0
0.0
0.0
0.0
0.0
185605.0
0.0
0.0
0.0
0.0
0.0
0.0
0.0
0.0
0.0
0.0
0.0
0.0
0.0
0.0
0.0
0.0
0.0
0.0
0.0
0.0
0.0
0.0
0.0
0.0
0.0
0.0
0.0
0.0
0.0
0.0
0.0
0.0
0.0
0.0
0.0
0.0
0.0
0.0
0.0
0.0
0.0
0.0
0.0
0.0
0.0
0.0
0.0
0.0
0.0
0.0
0.0
0.0
0.0
0.0
0.0
0.0
0.0
0.0
0.0
0.0
0.0
0.0
0.0
0.0
0.0
0.0
0.0
0.0
0.0
0.0
0.0
0.0
0.0
0.0
0.0
0.0
0.0
0.0
0.0
0.0
0.0
0.0
0.0
0.0
0.0
0.0
0.0
0.0
0.0
0.0
0.0
0.0
0.0
0.0
0.0
0.0
0.0
0.0
0.0
0.0
0.0
0.0
0.0
0.0
0.0
0.0
0.0
0.0
0.0
0.0
0.0
0.0
0.0
0.0
0.0
0.0
0.0
0.0
0.0
0.0
0.0
0.0
0.0
0.0
0.0
0.0
0.0
0.0
0.0
0.0
0.0
0.0
0.0
0.0
0.0
0.0
0.0
0.0
0.0
0.0
0.0
0.0
0.0
0.0
0.0
0.0
0.0
0.0
0.0
0.0
0.0
0.0
0.0
0.0
0.0
0.0
0.0
0.0
0.0
0.0
0.0
0.0
0.0
0.0
0.0
0.0
0.0
0.0
0.0
0.0
0.0
0.0
0.0
0.0
0.0
0.0
0.0
0.0
0.0
0.0
0.0
0.0
0.0
0.0
0.0
0.0
0.0
0.0
0.0
0.0
0.0
0.0
0.0
0.0
0.0
0.0
0.0
0.0
0.0
0.0
0.0
0.0
0.0
0.0
0.0
0.0
0.0
0.0
0.0
0.0
0.0
0.0
0.0
0.0
0.0
0.0
0.0
0.0
0.0
0.0
0.0
0.0
0.0
0.0
0.0
0.0
0.0
0.0
0.0
0.0
0.0
0.0
0.0
0.0
0.0
0.0
0.0
0.0
0.0
0.0
0.0
0.0
0.0
0.0
0.0
0.0
0.0
0.0
0.0
0.0
0.0
0.0
0.0
0.0
0.0
0.0
0.0
0.0
0.0
0.0
0.0
0.0
0.0
0.0
0.0
0.0
0.0
0.0
0.0
0.0
0.0
0.0
0.0
0.0
0.0
0.0
0.0
0.0
0.0
0.0
0.0
0.0
0.0
0.0
0.0
0.0
0.0
0.0
0.0
0.0
0.0
0.0
0.0
0.0
0.0
0.0
0.0
0.0
0.0
0.0
0.0
0.0
0.0
0.0
0.0
0.0
0.0
0.0
0.0
0.0
0.0
0.0
0.0
0.0
0.0
0.0
0.0
0.0
0.0
0.0
0.0
0.0
0.0
0.0
0.0
0.0
0.0
0.0
0.0
0.0
0.0
0.0
0.0
0.0
0.0
0.0
0.0
0.0
0.0
0.0
0.0
0.0
0.0
0.0
0.0
0.0
0.0
0.0
0.0
0.0
0.0
0.0
0.0
0.0
0.0
0.0
0.0
0.0
0.0
0.0
0.0
0.0
0.0
0.0
0.0
0.0
0.0
0.0
0.0
0.0
0.0
0.0
0.0
0.0
0.0
0.0
0.0
0.0
0.0
0.0
0.0
0.0
0.0
0.0
0.0
0.0
0.0
0.0
0.0
0.0
0.0
0.0
0.0
0.0
0.0
0.0
0.0
0.0
0.0
0.0
0.0
0.0
0.0
0.0
0.0
0.0
0.0
0.0
0.0
0.0
0.0
0.0
0.0
0.0
0.0
0.0
0.0
0.0
0.0
0.0
0.0
0.0
0.0
0.0
0.0
0.0
0.0
0.0
0.0
0.0
0.0
0.0
0.0
0.0
0.0
0.0
0.0
0.0
0.0
0.0
0.0
0.0
0.0
0.0
0.0
0.0
0.0
0.0
0.0
0.0
0.0
0.0
0.0
0.0
0.0
0.0
0.0
0.0
0.0
0.0
0.0
0.0
0.0
0.0
0.0
0.0
0.0
0.0
0.0
0.0
0.0
0.0
0.0
0.0
0.0
0.0
0.0
0.0
0.0
0.0
0.0
0.0
0.0
0.0
0.0
0.0
0.0
0.0
0.0
0.0
0.0
0.0
0.0
0.0
0.0
0.0
0.0
0.0
0.0
0.0
0.0
0.0
0.0
0.0
0.0
0.0
0.0
0.0
0.0
0.0
0.0
0.0
0.0
0.0
0.0
0.0
0.0
0.0
0.0
0.0
0.0
0.0
0.0
0.0
0.0
0.0
0.0
0.0
0.0
0.0
0.0
0.0
0.0
0.0
0.0
0.0
0.0
0.0
0.0
0.0
0.0
0.0
0.0
0.0
0.0
0.0
0.0
0.0
0.0
0.0
0.0
0.0
0.0
0.0
0.0
0.0
0.0
0.0
0.0
0.0
0.0
0.0
0.0
0.0
0.0
0.0
0.0
0.0
0.0
0.0
0.0
0.0
0.0
0.0
0.0
0.0
0.0
0.0
0.0
0.0
0.0
0.0
0.0
0.0
0.0
0.0
0.0
0.0
0.0
0.0
0.0
0.0
0.0
0.0
0.0
0.0
0.0
0.0
0.0
0.0
0.0
0.0
0.0
0.0
0.0
0.0
0.0
0.0
0.0
0.0
0.0
0.0
0.0
0.0
0.0
0.0
0.0
0.0
0.0
0.0
0.0
0.0
0.0
0.0
0.0
0.0
0.0
0.0
0.0
0.0
0.0
0.0
0.0
0.0
0.0
0.0
0.0
0.0
0.0
0.0
0.0
0.0
0.0
0.0
0.0
0.0
0.0
0.0
0.0
0.0
0.0
0.0
0.0
0.0
0.0
0.0
0.0
0.0
0.0
0.0
0.0
0.0
0.0
0.0
0.0
0.0
0.0
0.0
0.0
0.0
0.0
0.0
0.0
0.0
0.0
0.0
0.0
0.0
0.0
0.0
0.0
0.0
0.0
0.0
0.0
0.0
0.0
0.0
0.0
0.0
0.0
0.0
0.0
0.0
0.0
0.0
0.0
0.0
0.0
0.0
0.0
0.0
0.0
0.0
0.0
0.0
0.0
0.0
0.0
0.0
0.0
0.0
0.0
0.0
0.0
0.0
0.0
0.0
0.0
0.0
0.0
0.0
0.0
0.0
0.0
0.0
0.0
0.0
0.0
0.0
0.0
0.0
0.0
0.0
0.0
0.0
0.0
0.0
0.0
0.0
0.0
0.0
0.0
0.0
0.0
0.0
0.0
0.0
0.0
0.0
0.0
0.0
0.0
0.0
0.0
0.0
0.0
0.0
0.0
0.0
0.0
0.0
0.0
0.0
0.0
0.0
0.0
0.0
0.0
0.0
0.0
0.0
0.0
0.0
0.0
0.0
0.0
0.0
0.0
0.0
0.0
0.0
0.0
0.0
0.0
0.0
0.0
0.0
0.0
0.0
0.0
0.0
0.0
0.0
0.0
0.0
0.0
0.0
0.0
0.0
0.0
0.0
0.0
0.0
0.0
0.0
0.0
0.0
0.0
0.0
0.0
0.0
0.0
0.0
0.0
0.0
0.0
0.0
0.0
0.0
0.0
0.0
0.0
0.0
0.0
0.0
0.0
0.0
0.0
0.0
0.0
0.0
0.0
0.0
0.0
0.0
0.0
0.0
0.0
0.0
0.0
0.0
0.0
0.0
0.0
0.0
0.0
0.0
0.0
0.0
0.0
0.0
0.0
0.0
0.0
0.0
0.0
0.0
0.0
0.0
0.0
0.0
0.0
0.0
0.0
0.0
0.0
0.0
0.0
0.0
0.0
0.0
0.0
0.0
0.0
0.0
0.0
0.0
0.0
0.0
0.0
0.0
0.0
0.0
0.0
0.0
0.0
0.0
0.0
0.0
0.0
0.0
0.0
0.0
0.0
0.0
0.0
0.0
0.0
0.0
0.0
0.0
0.0
0.0
0.0
0.0
0.0
0.0
0.0
0.0
0.0
0.0
0.0
0.0
0.0
0.0
0.0
0.0
0.0
0.0
0.0
0.0
0.0
0.0
0.0
0.0
0.0
0.0
0.0
0.0
0.0
0.0
0.0
0.0
0.0
0.0
0.0
0.0
0.0
0.0
0.0
0.0
0.0
0.0
0.0
0.0
0.0
0.0
0.0
0.0
0.0
0.0
0.0
0.0
0.0
0.0
0.0
0.0
0.0
0.0
0.0
0.0
0.0
0.0
0.0
0.0
0.0
0.0
0.0
0.0
0.0
0.0
0.0
0.0
0.0
0.0
0.0
0.0
0.0
0.0
0.0
0.0
0.0
0.0
0.0
0.0
0.0
0.0
0.0
0.0
0.0
0.0
0.0
0.0
0.0
0.0
0.0
0.0
0.0
0.0
0.0
0.0
0.0
0.0
0.0
0.0
0.0
0.0
0.0
0.0
0.0
0.0
0.0
0.0
0.0
0.0
0.0
0.0
0.0
0.0
0.0
0.0
0.0
0.0
0.0
0.0
0.0
0.0
0.0
0.0
0.0
0.0
0.0
0.0
0.0
0.0
0.0
0.0
0.0
0.0
0.0
0.0
0.0
0.0
0.0
0.0
0.0
0.0
0.0
0.0
0.0
0.0
0.0
0.0
0.0
0.0
0.0
0.0
0.0
0.0
0.0
0.0
0.0
0.0
0.0
0.0
0.0
0.0
0.0
0.0
0.0
0.0
0.0
0.0
0.0
0.0
0.0
0.0
0.0
0.0
0.0
0.0
0.0
0.0
0.0
0.0
0.0
0.0
0.0
0.0
0.0
0.0
0.0
0.0
0.0
0.0
0.0
0.0
0.0
0.0
0.0
0.0
0.0
0.0
0.0
0.0
0.0
0.0
0.0
0.0
0.0
0.0
0.0
0.0
0.0
0.0
0.0
0.0
0.0
0.0
0.0
0.0
0.0
0.0
0.0
0.0
0.0
0.0
0.0
0.0
0.0
0.0
0.0
0.0
0.0
0.0
0.0
0.0
0.0
0.0
0.0
0.0
0.0
0.0
0.0
0.0
0.0
0.0
0.0
0.0
0.0
0.0
0.0
0.0
0.0
0.0
0.0
0.0
0.0
0.0
0.0
0.0
0.0
0.0
0.0
0.0
0.0
0.0
0.0
0.0
0.0
0.0
0.0
0.0
0.0
0.0
0.0
0.0
0.0
0.0
0.0
0.0
0.0
0.0
0.0
0.0
0.0
0.0
0.0
0.0
0.0
0.0
0.0
0.0
0.0
0.0
0.0
0.0
0.0
0.0
0.0
0.0
0.0
0.0
0.0
0.0
0.0
0.0
0.0
0.0
0.0
0.0
0.0
0.0
0.0
0.0
0.0
0.0
0.0
0.0
0.0
0.0
0.0
0.0
0.0
0.0
0.0
0.0
0.0
0.0
0.0
0.0
0.0
0.0
0.0
0.0
0.0
0.0
0.0
0.0
0.0
0.0
0.0
0.0
0.0
0.0
0.0
0.0
0.0
0.0
0.0
0.0
0.0
0.0
0.0
0.0
0.0
0.0
0.0
0.0
0.0
0.0
0.0
0.0
0.0
0.0
0.0
0.0
0.0
0.0
0.0
0.0
0.0
0.0
0.0
0.0
0.0
0.0
0.0
0.0
0.0
0.0
0.0
0.0
0.0
0.0
0.0
0.0
0.0
0.0
0.0
0.0
0.0
0.0
0.0
0.0
0.0
0.0
0.0
0.0
0.0
0.0
0.0
0.0
0.0
0.0
0.0
0.0
0.0
0.0
0.0
0.0
0.0
0.0
0.0
0.0
0.0
0.0
0.0
0.0
0.0
0.0
0.0
0.0
0.0
0.0
0.0
0.0
0.0
0.0
0.0
0.0
0.0
0.0
0.0
0.0
0.0
0.0
0.0
0.0
0.0
0.0
0.0
0.0
0.0
0.0
0.0
0.0
0.0
0.0
0.0
0.0
0.0
0.0
0.0
0.0
0.0
0.0
0.0
0.0
0.0
0.0
0.0
0.0
0.0
0.0
0.0
0.0
0.0
0.0
0.0
0.0
0.0
0.0
0.0
0.0
0.0
0.0
0.0
0.0
0.0
0.0
0.0
0.0
0.0
0.0
0.0
0.0
0.0
0.0
0.0
0.0
0.0
0.0
0.0
0.0
0.0
0.0
0.0
0.0
0.0
0.0
0.0
0.0
0.0
0.0
0.0
0.0
0.0
0.0
0.0
0.0
0.0
0.0
0.0
0.0
0.0
0.0
0.0
0.0
0.0
0.0
0.0
0.0
0.0
0.0
0.0
0.0
0.0
0.0
0.0
0.0
0.0
0.0
0.0
0.0
0.0
0.0
0.0
0.0
0.0
0.0
0.0
0.0
0.0
0.0
0.0
0.0
0.0
0.0
0.0
0.0
0.0
0.0
0.0
0.0
0.0
0.0
0.0
0.0
0.0
0.0
0.0
0.0
0.0
0.0
0.0
0.0
0.0
0.0
0.0
0.0
0.0
0.0
0.0
0.0
0.0
0.0
0.0
0.0
0.0
0.0
0.0
0.0
0.0
0.0
0.0
0.0
0.0
0.0
0.0
0.0
0.0
0.0
0.0
0.0
0.0
0.0
0.0
0.0
0.0
0.0
0.0
0.0
0.0
0.0
0.0
0.0
0.0
0.0
0.0
0.0
0.0
0.0
0.0
0.0
0.0
0.0
0.0
0.0
0.0
0.0
0.0
0.0
0.0
0.0
0.0
0.0
0.0
0.0
0.0
0.0
0.0
0.0
0.0
0.0
0.0
0.0
0.0
0.0
0.0
0.0
0.0
0.0
0.0
0.0
0.0
0.0
0.0
0.0
0.0
0.0
0.0
0.0
0.0
0.0
0.0
0.0
0.0
0.0
0.0
0.0
0.0
0.0
0.0
0.0
0.0
0.0
0.0
0.0
0.0
0.0
0.0
0.0
0.0
0.0
0.0
0.0
0.0
0.0
0.0
0.0
0.0
0.0
0.0
0.0
0.0
0.0
0.0
0.0
0.0
0.0
0.0
0.0
0.0
0.0
0.0
0.0
0.0
0.0
0.0
0.0
0.0
0.0
0.0
0.0
0.0
0.0
0.0
0.0
0.0
0.0
0.0
0.0
0.0
0.0
0.0
0.0
0.0
0.0
0.0
0.0
0.0
0.0
0.0
0.0
0.0
0.0
0.0
0.0
0.0
0.0
0.0
0.0
0.0
0.0
0.0
0.0
0.0
0.0
0.0
0.0
0.0
0.0
0.0
0.0
0.0
0.0
0.0
0.0
0.0
0.0
0.0
0.0
0.0
0.0
0.0
0.0
0.0
0.0
0.0
0.0
0.0
0.0
0.0
0.0
0.0
0.0
0.0
0.0
0.0
0.0
0.0
0.0
0.0
0.0
0.0
0.0
0.0
0.0
0.0
0.0
0.0
0.0
0.0
0.0
0.0
0.0
0.0
0.0
0.0
0.0
0.0
0.0
0.0
0.0
0.0
0.0
0.0
0.0
0.0
0.0
0.0
0.0
0.0
0.0
0.0
0.0
0.0
0.0
0.0
0.0
0.0
0.0
0.0
0.0
0.0
0.0
0.0
0.0
0.0
0.0
0.0
0.0
0.0
0.0
0.0
0.0
0.0
0.0
0.0
0.0
0.0
0.0
0.0
0.0
0.0
0.0
0.0
0.0
0.0
0.0
0.0
0.0
0.0
0.0
0.0
0.0
0.0
0.0
0.0
0.0
0.0
0.0
0.0
0.0
0.0
0.0
0.0
0.0
0.0
0.0
0.0
0.0
0.0
0.0
0.0
0.0
0.0
0.0
0.0
0.0
0.0
0.0
0.0
0.0
0.0
0.0
0.0
0.0
0.0
0.0
0.0
0.0
0.0
0.0
0.0
0.0
0.0
0.0
0.0
0.0
0.0
0.0
0.0
0.0
0.0
0.0
0.0
0.0
0.0
0.0
0.0
0.0
0.0
0.0
0.0
0.0
0.0
0.0
0.0
0.0
0.0
0.0
0.0
0.0
0.0
0.0
0.0
0.0
0.0
0.0
0.0
0.0
0.0
0.0
0.0
0.0
0.0
0.0
0.0
0.0
0.0
0.0
0.0
0.0
0.0
0.0
0.0
0.0
0.0
0.0
0.0
0.0
0.0
0.0
0.0
0.0
0.0
0.0
0.0
0.0
0.0
0.0
0.0
0.0
408603.0
408605.0
408606.0
0.0
0.0
0.0
0.0
0.0
0.0
0.0
0.0
0.0
0.0
0.0
0.0
0.0
0.0
0.0
0.0
0.0
0.0
0.0
0.0
0.0
0.0
0.0
0.0
0.0
0.0
0.0
0.0
0.0
0.0
0.0
0.0
0.0
0.0
0.0
0.0
0.0
0.0
0.0
0.0
0.0
0.0
0.0
0.0
0.0
0.0
0.0
0.0
0.0
0.0
0.0
0.0
0.0
0.0
0.0
0.0
0.0
0.0
0.0
0.0
0.0
0.0
0.0
0.0
0.0
0.0
0.0
0.0
0.0
0.0
0.0
0.0
0.0
0.0
0.0
0.0
0.0
0.0
0.0
0.0
0.0
0.0
0.0
0.0
0.0
0.0
0.0
0.0
0.0
0.0
0.0
0.0
0.0
0.0
0.0
0.0
0.0
0.0
0.0
0.0
0.0
0.0
0.0
0.0
0.0
0.0
0.0
0.0
0.0
0.0
0.0
0.0
0.0
0.0
0.0
0.0
0.0
0.0
0.0
0.0
0.0
0.0
0.0
0.0
0.0
0.0
0.0
0.0
0.0
0.0
0.0
0.0
0.0
0.0
0.0
0.0
0.0
0.0
0.0
0.0
0.0
0.0
0.0
0.0
0.0
0.0
0.0
0.0
0.0
0.0
0.0
0.0
0.0
0.0
0.0
0.0
0.0
0.0
0.0
0.0
0.0
0.0
0.0
0.0
0.0
0.0
0.0
0.0
0.0
0.0
0.0
0.0
0.0
0.0
0.0
0.0
0.0
0.0
0.0
0.0
0.0
0.0
0.0
0.0
0.0
0.0
0.0
0.0
0.0
0.0
0.0
0.0
0.0
0.0
0.0
0.0
416219.0
416220.0
0.0
0.0
0.0
0.0
0.0
0.0
416298.0
416299.0
416300.0
416301.0
416302.0
0.0
0.0
0.0
0.0
0.0
0.0
0.0
0.0
0.0
0.0
416379.0
0.0
0.0
0.0
0.0
0.0
0.0
0.0
0.0
0.0
0.0
0.0
0.0
0.0
0.0
0.0
0.0
0.0
0.0
0.0
0.0
0.0
0.0
0.0
0.0
0.0
0.0
0.0
0.0
0.0
0.0
0.0
0.0
0.0
0.0
0.0
0.0
0.0
0.0
0.0
416785.0
0.0
0.0
0.0
0.0
0.0
0.0
0.0
0.0
0.0
0.0
0.0
0.0
0.0
0.0
0.0
0.0
0.0
0.0
0.0
0.0
0.0
0.0
0.0
0.0
0.0
0.0
0.0
0.0
0.0
0.0
0.0
0.0
0.0
0.0
0.0
0.0
0.0
0.0
0.0
0.0
0.0
0.0
0.0
0.0
0.0
0.0
0.0
0.0
0.0
0.0
0.0
0.0
0.0
0.0
0.0
0.0
0.0
0.0
0.0
0.0
0.0
0.0
0.0
0.0
0.0
0.0
0.0
0.0
0.0
0.0
0.0
0.0
0.0
0.0
0.0
0.0
0.0
0.0
0.0
0.0
0.0
0.0
0.0
0.0
0.0
0.0
0.0
0.0
0.0
0.0
0.0
0.0
0.0
0.0
0.0
0.0
0.0
0.0
0.0
0.0
0.0
0.0
0.0
0.0
0.0
0.0
0.0
0.0
0.0
0.0
0.0
0.0
0.0
0.0
0.0
0.0
0.0
0.0
0.0
0.0
0.0
0.0
0.0
0.0
0.0
0.0
0.0
0.0
0.0
0.0
0.0
0.0
0.0
0.0
0.0
0.0
0.0
0.0
0.0
0.0
0.0
0.0
0.0
0.0
0.0
0.0
0.0
0.0
0.0
0.0
0.0
0.0
0.0
0.0
0.0
0.0
0.0
0.0
0.0
0.0
0.0
423913.0
423914.0
423915.0
0.0
0.0
0.0
0.0
0.0
423993.0
423994.0
423995.0
423996.0
423997.0
0.0
0.0
0.0
0.0
0.0
0.0
0.0
0.0
0.0
0.0
424074.0
424075.0
424076.0
424077.0
424078.0
0.0
0.0
0.0
0.0
0.0
0.0
0.0
0.0
0.0
0.0
0.0
0.0
424155.0
424156.0
424157.0
0.0
0.0
0.0
0.0
0.0
0.0
0.0
0.0
0.0
0.0
424236.0
424237.0
424238.0
0.0
0.0
0.0
0.0
0.0
0.0
0.0
0.0
0.0
0.0
424318.0
424319.0
0.0
0.0
0.0
0.0
0.0
0.0
424398.0
424399.0
424400.0
0.0
0.0
0.0
0.0
0.0
0.0
424479.0
424480.0
424481.0
0.0
0.0
0.0
0.0
424559.0
424560.0
424561.0
424562.0
0.0
0.0
0.0
0.0
0.0
424639.0
424640.0
424641.0
424642.0
0.0
0.0
0.0
0.0
424721.0
424722.0
424723.0
0.0
0.0
0.0
424803.0
424804.0
0.0
424885.0
0.0
0.0
0.0
0.0
0.0
0.0
0.0
0.0
0.0
0.0
0.0
0.0
0.0
0.0
0.0
0.0
0.0
0.0
0.0
0.0
0.0
425682.0
0.0
0.0
0.0
0.0
425763.0
0.0
0.0
0.0
0.0
0.0
0.0
0.0
0.0
0.0
0.0
0.0
0.0
0.0
0.0
0.0
0.0
0.0
0.0
0.0
0.0
0.0
0.0
0.0
0.0
0.0
0.0
0.0
0.0
0.0
0.0
0.0
0.0
0.0
0.0
0.0
0.0
0.0
0.0
0.0
0.0
0.0
0.0
0.0
0.0
0.0
0.0
0.0
0.0
0.0
0.0
0.0
0.0
0.0
0.0
0.0
0.0
0.0
0.0
0.0
0.0
0.0
0.0
0.0
0.0
0.0
0.0
0.0
0.0
0.0
0.0
0.0
0.0
0.0
0.0
0.0
0.0
0.0
0.0
0.0
0.0
0.0
0.0
0.0
0.0
0.0
0.0
0.0
0.0
0.0
0.0
0.0
0.0
0.0
0.0
0.0
0.0
0.0
0.0
0.0
0.0
0.0
0.0
0.0
0.0
0.0
0.0
0.0
0.0
0.0
0.0
0.0
0.0
0.0
0.0
0.0
0.0
0.0
0.0
0.0
0.0
0.0
0.0
0.0
0.0
431688.0
431689.0
431691.0
0.0
0.0
0.0
0.0
0.0
0.0
431768.0
431769.0
431770.0
431771.0
431772.0
0.0
0.0
0.0
0.0
0.0
0.0
0.0
0.0
0.0
0.0
0.0
431850.0
431851.0
431852.0
431853.0
0.0
0.0
0.0
0.0
0.0
0.0
0.0
0.0
0.0
0.0
0.0
0.0
431932.0
431933.0
0.0
0.0
0.0
0.0
0.0
0.0
0.0
0.0
0.0
0.0
0.0
432012.0
432013.0
432014.0
0.0
0.0
0.0
0.0
0.0
0.0
0.0
0.0
432093.0
432094.0
432095.0
0.0
0.0
0.0
0.0
0.0
0.0
0.0
432171.0
432172.0
432173.0
432174.0
432175.0
432176.0
0.0
0.0
0.0
0.0
0.0
0.0
432252.0
432253.0
432254.0
432255.0
432256.0
432257.0
0.0
0.0
0.0
0.0
0.0
0.0
432326.0
432327.0
432328.0
432329.0
432330.0
432334.0
432335.0
432336.0
432337.0
0.0
0.0
0.0
0.0
0.0
432407.0
432408.0
432409.0
432410.0
432411.0
432415.0
432416.0
432417.0
432418.0
432419.0
0.0
0.0
0.0
0.0
432488.0
432497.0
432498.0
432499.0
432500.0
432501.0
0.0
432579.0
432580.0
432581.0
432582.0
0.0
0.0
432661.0
432662.0
432663.0
432664.0
0.0
432743.0
432744.0
432745.0
0.0
432826.0
0.0
0.0
0.0
0.0
0.0
0.0
0.0
0.0
433296.0
0.0
0.0
0.0
0.0
0.0
433377.0
433378.0
0.0
0.0
0.0
433457.0
433458.0
433459.0
0.0
433538.0
433539.0
433619.0
433620.0
0.0
433700.0
0.0
0.0
0.0
0.0
0.0
0.0
0.0
0.0
0.0
0.0
0.0
0.0
0.0
0.0
0.0
0.0
0.0
0.0
0.0
0.0
0.0
0.0
0.0
0.0
0.0
0.0
0.0
0.0
0.0
0.0
0.0
0.0
0.0
0.0
0.0
0.0
0.0
0.0
0.0
0.0
0.0
0.0
0.0
0.0
0.0
0.0
0.0
0.0
0.0
0.0
0.0
0.0
0.0
0.0
0.0
0.0
0.0
0.0
0.0
0.0
0.0
0.0
0.0
0.0
0.0
0.0
0.0
0.0
0.0
0.0
0.0
0.0
0.0
0.0
0.0
0.0
0.0
0.0
0.0
0.0
439466.0
439467.0
0.0
0.0
0.0
0.0
0.0
0.0
439547.0
0.0
0.0
0.0
0.0
0.0
0.0
0.0
0.0
0.0
0.0
0.0
439623.0
439627.0
439628.0
0.0
0.0
0.0
0.0
0.0
0.0
0.0
0.0
0.0
0.0
439707.0
439708.0
439709.0
0.0
0.0
0.0
0.0
0.0
0.0
0.0
439785.0
439786.0
439787.0
439788.0
439789.0
439790.0
0.0
0.0
0.0
0.0
0.0
0.0
0.0
439865.0
439866.0
439867.0
439868.0
439869.0
439870.0
439871.0
0.0
0.0
0.0
0.0
0.0
0.0
0.0
439943.0
439944.0
439946.0
439947.0
439948.0
439949.0
439951.0
0.0
0.0
0.0
0.0
440019.0
440020.0
440021.0
440022.0
440023.0
440024.0
440025.0
440026.0
440028.0
440029.0
440030.0
440031.0
440032.0
440033.0
0.0
0.0
0.0
0.0
440100.0
440101.0
440102.0
440103.0
440104.0
440105.0
440106.0
440107.0
440111.0
440112.0
440113.0
440114.0
0.0
0.0
0.0
0.0
440181.0
440182.0
440186.0
440187.0
440188.0
440193.0
440194.0
440195.0
440196.0
0.0
0.0
440263.0
440268.0
440269.0
440274.0
440275.0
440276.0
440277.0
440278.0
0.0
440356.0
440357.0
440358.0
440359.0
440360.0
0.0
0.0
0.0
0.0
0.0
440438.0
440439.0
440440.0
440441.0
0.0
0.0
0.0
0.0
0.0
0.0
440519.0
440520.0
440521.0
440522.0
0.0
0.0
440599.0
440600.0
440601.0
440602.0
0.0
0.0
0.0
0.0
440680.0
440681.0
440682.0
440683.0
440748.0
0.0
0.0
0.0
0.0
0.0
0.0
440761.0
440762.0
440829.0
440830.0
0.0
0.0
0.0
0.0
0.0
440911.0
0.0
0.0
0.0
0.0
0.0
0.0
0.0
0.0
0.0
0.0
441072.0
0.0
0.0
0.0
0.0
0.0
441152.0
441153.0
0.0
0.0
441233.0
441234.0
441235.0
0.0
441315.0
441316.0
441317.0
0.0
0.0
441396.0
441397.0
441398.0
0.0
0.0
441477.0
441478.0
0.0
0.0
441558.0
441559.0
0.0
0.0
441639.0
0.0
0.0
441720.0
0.0
0.0
0.0
0.0
0.0
0.0
0.0
0.0
0.0
0.0
0.0
0.0
0.0
0.0
0.0
0.0
0.0
0.0
0.0
0.0
0.0
447233.0
447237.0
447242.0
0.0
0.0
0.0
0.0
0.0
0.0
447314.0
447315.0
447316.0
447317.0
447319.0
447322.0
447323.0
0.0
0.0
0.0
0.0
0.0
0.0
0.0
0.0
0.0
0.0
447400.0
447401.0
447402.0
447403.0
447404.0
0.0
0.0
0.0
0.0
0.0
0.0
0.0
0.0
0.0
0.0
447479.0
447480.0
447481.0
447482.0
447483.0
447484.0
447485.0
0.0
0.0
0.0
0.0
0.0
0.0
0.0
0.0
0.0
0.0
0.0
447560.0
447561.0
447562.0
447565.0
0.0
0.0
0.0
0.0
0.0
0.0
0.0
0.0
0.0
447638.0
447639.0
447641.0
447642.0
447643.0
447644.0
447645.0
447646.0
447647.0
0.0
0.0
0.0
0.0
0.0
447714.0
447715.0
447716.0
0.0
447718.0
447719.0
447720.0
447721.0
447724.0
447725.0
447726.0
447727.0
447728.0
447729.0
0.0
0.0
0.0
0.0
0.0
0.0
447795.0
447796.0
447797.0
447798.0
447799.0
447800.0
447801.0
447802.0
447803.0
447807.0
447808.0
447809.0
447810.0
447811.0
0.0
0.0
0.0
0.0
0.0
447876.0
447877.0
447878.0
447879.0
447880.0
447881.0
447882.0
447883.0
447884.0
447885.0
447888.0
447889.0
447890.0
447891.0
447892.0
0.0
0.0
0.0
447957.0
447958.0
447963.0
447964.0
447965.0
447966.0
447967.0
447968.0
447970.0
447971.0
447972.0
447973.0
447974.0
0.0
0.0
0.0
0.0
0.0
448048.0
448049.0
448051.0
448052.0
448053.0
448054.0
448055.0
0.0
0.0
0.0
0.0
0.0
448129.0
448130.0
448133.0
448135.0
448136.0
0.0
0.0
0.0
0.0
0.0
448207.0
448208.0
448209.0
448210.0
448211.0
448213.0
448214.0
448215.0
448216.0
448217.0
0.0
0.0
0.0
448288.0
448289.0
448290.0
448291.0
448293.0
448294.0
448295.0
448296.0
448297.0
0.0
0.0
0.0
0.0
448369.0
448370.0
448371.0
448374.0
448375.0
448376.0
448377.0
448378.0
0.0
0.0
0.0
0.0
0.0
448451.0
448455.0
448456.0
448457.0
448524.0
448525.0
448526.0
448536.0
448537.0
448539.0
448540.0
448541.0
448605.0
448606.0
448607.0
0.0
448620.0
448621.0
448622.0
0.0
0.0
448701.0
448702.0
448703.0
0.0
0.0
0.0
0.0
448782.0
448783.0
448784.0
448847.0
448848.0
448849.0
448864.0
448928.0
448929.0
448930.0
449009.0
449010.0
449011.0
449012.0
449090.0
449091.0
449092.0
449093.0
449171.0
449172.0
449173.0
449174.0
449252.0
449253.0
449254.0
449255.0
0.0
449333.0
449334.0
449335.0
449336.0
0.0
449414.0
449415.0
449416.0
449493.0
0.0
449495.0
449496.0
449497.0
0.0
0.0
449576.0
449577.0
449578.0
0.0
0.0
449657.0
449658.0
0.0
449739.0
0.0
0.0
455009.0
455010.0
455011.0
455012.0
455014.0
0.0
0.0
0.0
455089.0
455090.0
455091.0
455092.0
455095.0
455096.0
455098.0
0.0
0.0
0.0
0.0
0.0
0.0
0.0
0.0
455169.0
455170.0
455171.0
455172.0
455173.0
455174.0
455175.0
455176.0
455177.0
455179.0
0.0
0.0
0.0
0.0
0.0
0.0
0.0
0.0
0.0
0.0
0.0
0.0
0.0
0.0
0.0
455255.0
455256.0
455257.0
455258.0
455259.0
455260.0
455261.0
455262.0
0.0
0.0
0.0
0.0
0.0
0.0
0.0
0.0
0.0
0.0
0.0
0.0
455332.0
455333.0
455334.0
455336.0
455337.0
455338.0
455339.0
455340.0
455341.0
455342.0
455343.0
0.0
0.0
0.0
0.0
0.0
0.0
0.0
0.0
0.0
0.0
455413.0
455414.0
455415.0
455421.0
455422.0
455423.0
455424.0
455425.0
0.0
0.0
0.0
0.0
0.0
455490.0
455491.0
455492.0
455493.0
455494.0
455495.0
455496.0
455497.0
455498.0
455499.0
455500.0
455502.0
455503.0
455504.0
455505.0
455506.0
0.0
0.0
0.0
0.0
455571.0
455572.0
455573.0
0.0
455575.0
455576.0
455577.0
455578.0
455579.0
455580.0
455581.0
455582.0
455584.0
455585.0
455586.0
455587.0
455588.0
0.0
0.0
0.0
0.0
455652.0
0.0
455658.0
455659.0
455660.0
455661.0
455662.0
455663.0
455664.0
455666.0
455667.0
455668.0
455669.0
0.0
0.0
0.0
0.0
0.0
0.0
455741.0
455742.0
455743.0
455744.0
455745.0
455747.0
455748.0
455749.0
455750.0
0.0
0.0
0.0
0.0
0.0
455821.0
455822.0
455823.0
455824.0
455825.0
455828.0
455831.0
0.0
0.0
0.0
0.0
455901.0
455902.0
455903.0
455904.0
455905.0
455906.0
455908.0
455909.0
455910.0
0.0
0.0
0.0
0.0
455982.0
455983.0
455984.0
455985.0
455986.0
455988.0
455989.0
455990.0
455991.0
455992.0
0.0
0.0
0.0
0.0
456063.0
456064.0
456065.0
456066.0
456067.0
456069.0
456070.0
456071.0
456072.0
0.0
0.0
456144.0
456145.0
456146.0
456149.0
456150.0
456151.0
456152.0
456153.0
456154.0
456219.0
456220.0
456225.0
456226.0
456227.0
456230.0
456231.0
456232.0
456233.0
456234.0
456235.0
456300.0
456301.0
456302.0
456303.0
456305.0
456306.0
456307.0
456311.0
456312.0
456313.0
456314.0
456315.0
456316.0
456317.0
0.0
456383.0
456384.0
456393.0
456394.0
456395.0
456396.0
456397.0
456398.0
456399.0
0.0
0.0
456464.0
456465.0
456477.0
456478.0
456479.0
456480.0
0.0
0.0
456545.0
456623.0
456624.0
456625.0
456703.0
456704.0
456705.0
456706.0
456784.0
456785.0
456786.0
456787.0
456788.0
456864.0
456865.0
456866.0
456867.0
456868.0
456869.0
456945.0
456946.0
456947.0
456948.0
456949.0
456950.0
457025.0
457026.0
457027.0
457028.0
457029.0
457030.0
457031.0
457106.0
457109.0
457110.0
457111.0
457112.0
457187.0
457188.0
457189.0
457190.0
457191.0
457192.0
457193.0
457270.0
457271.0
457272.0
457273.0
457349.0
457350.0
457351.0
457352.0
457353.0
457354.0
457432.0
457433.0
457434.0
457435.0
0.0
0.0
0.0
0.0
0.0
0.0
0.0
462784.0
462785.0
462786.0
462787.0
462788.0
0.0
0.0
462864.0
462865.0
462866.0
462867.0
462868.0
462869.0
462874.0
462875.0
0.0
0.0
0.0
0.0
0.0
0.0
0.0
0.0
0.0
0.0
462946.0
462947.0
462948.0
462949.0
462950.0
462951.0
462952.0
462953.0
462954.0
462955.0
462956.0
462957.0
0.0
0.0
0.0
0.0
0.0
0.0
0.0
0.0
0.0
0.0
0.0
0.0
0.0
463027.0
463028.0
463031.0
463032.0
463033.0
463034.0
463035.0
463036.0
463037.0
463038.0
463039.0
0.0
0.0
0.0
0.0
0.0
0.0
0.0
0.0
0.0
0.0
463108.0
463109.0
463110.0
463116.0
463117.0
463118.0
463119.0
463120.0
0.0
0.0
0.0
0.0
463185.0
463186.0
463187.0
0.0
463189.0
463190.0
463191.0
463192.0
463193.0
463194.0
463198.0
463199.0
463200.0
463201.0
0.0
0.0
0.0
0.0
463266.0
463267.0
463268.0
0.0
463270.0
463271.0
463272.0
463273.0
463274.0
463275.0
463276.0
463277.0
463278.0
463280.0
463281.0
463282.0
463283.0
0.0
0.0
0.0
0.0
463347.0
0.0
0.0
463353.0
463354.0
463355.0
463356.0
463358.0
463359.0
463361.0
463362.0
463364.0
0.0
0.0
0.0
0.0
0.0
0.0
463436.0
463437.0
463438.0
463439.0
463440.0
463442.0
463443.0
463444.0
463445.0
0.0
0.0
0.0
0.0
463515.0
463516.0
463517.0
463518.0
463519.0
463520.0
463522.0
463523.0
463524.0
463525.0
0.0
0.0
0.0
463595.0
463596.0
463597.0
463598.0
463599.0
463600.0
463601.0
463602.0
463603.0
463604.0
463605.0
0.0
0.0
0.0
463676.0
463677.0
463678.0
463679.0
463680.0
463681.0
463683.0
463684.0
463685.0
463686.0
0.0
0.0
0.0
463757.0
463758.0
463759.0
463760.0
463761.0
463764.0
463765.0
463766.0
0.0
0.0
463838.0
463839.0
463840.0
463841.0
463844.0
463845.0
463846.0
463847.0
463848.0
463849.0
463914.0
463915.0
463919.0
463920.0
463921.0
463922.0
463924.0
463925.0
463926.0
463927.0
463928.0
463929.0
463930.0
463994.0
463995.0
463996.0
463997.0
464000.0
464001.0
464002.0
464005.0
464006.0
464007.0
464008.0
464009.0
464010.0
464075.0
464076.0
464077.0
464078.0
464079.0
464081.0
464082.0
464083.0
464088.0
464089.0
464090.0
464091.0
464093.0
464157.0
464158.0
464159.0
464160.0
464171.0
464172.0
464238.0
464239.0
464240.0
464318.0
464319.0
464320.0
464321.0
464398.0
464399.0
464400.0
464401.0
464402.0
464478.0
464479.0
464480.0
464481.0
464482.0
464558.0
464559.0
464560.0
464640.0
464641.0
464720.0
464721.0
464722.0
464724.0
464725.0
464801.0
464802.0
464804.0
464805.0
464806.0
464882.0
464883.0
464885.0
464886.0
464887.0
464966.0
464967.0
464968.0
465044.0
465045.0
465046.0
465047.0
465048.0
465049.0
465127.0
465128.0
465129.0
465130.0
0.0
465209.0
465210.0
0.0
0.0
0.0
0.0
0.0
470561.0
470562.0
470563.0
470564.0
470640.0
470641.0
470642.0
470643.0
470644.0
470645.0
470646.0
470647.0
470648.0
470650.0
470651.0
470652.0
0.0
0.0
0.0
0.0
0.0
470721.0
470722.0
470723.0
470724.0
470725.0
470726.0
470727.0
470728.0
470729.0
470730.0
470731.0
470732.0
470733.0
470734.0
0.0
0.0
0.0
0.0
0.0
470804.0
470805.0
470806.0
470807.0
470808.0
470809.0
470810.0
470811.0
470812.0
470813.0
470814.0
0.0
0.0
0.0
0.0
0.0
0.0
0.0
0.0
0.0
470883.0
470884.0
470885.0
470886.0
470887.0
470889.0
470890.0
470892.0
470894.0
470895.0
470896.0
0.0
0.0
0.0
0.0
0.0
0.0
470965.0
470966.0
470967.0
470968.0
470969.0
470970.0
470971.0
470972.0
470973.0
470975.0
470976.0
470977.0
470978.0
0.0
0.0
0.0
0.0
0.0
0.0
0.0
0.0
471048.0
471049.0
471050.0
471053.0
471054.0
471055.0
471056.0
471057.0
471058.0
471059.0
0.0
0.0
0.0
0.0
0.0
471129.0
471130.0
471131.0
471132.0
471133.0
471134.0
471135.0
471136.0
471137.0
471138.0
471139.0
471140.0
0.0
0.0
0.0
0.0
471209.0
471210.0
471211.0
471212.0
471213.0
471214.0
471215.0
471217.0
471218.0
471219.0
471220.0
0.0
0.0
0.0
471290.0
471291.0
471292.0
471294.0
471295.0
471297.0
471298.0
471299.0
471300.0
0.0
0.0
0.0
471371.0
471372.0
471373.0
471374.0
471375.0
471376.0
471378.0
471379.0
471380.0
471381.0
0.0
0.0
471451.0
471452.0
471453.0
471454.0
471455.0
471459.0
471460.0
471461.0
471462.0
0.0
0.0
471532.0
471533.0
471534.0
471535.0
471538.0
471539.0
471540.0
471541.0
471542.0
471543.0
471544.0
0.0
0.0
471613.0
471614.0
471615.0
471616.0
471619.0
471620.0
471621.0
471622.0
471623.0
471624.0
471625.0
471689.0
471690.0
471695.0
471696.0
0.0
471700.0
471701.0
471702.0
471703.0
471704.0
471705.0
471770.0
471771.0
471772.0
471776.0
471777.0
471778.0
471783.0
471784.0
471785.0
471786.0
471851.0
471852.0
471853.0
471854.0
471857.0
471858.0
471859.0
471865.0
471866.0
471867.0
471932.0
471933.0
471934.0
471935.0
471944.0
472013.0
472014.0
472015.0
472016.0
472093.0
472094.0
472095.0
472096.0
472097.0
472173.0
472174.0
472175.0
472176.0
472177.0
472178.0
472253.0
472254.0
472255.0
472256.0
472257.0
472258.0
472334.0
472335.0
472415.0
472416.0
472496.0
472497.0
472660.0
478418.0
478419.0
478420.0
478421.0
478425.0
478427.0
478428.0
478429.0
0.0
0.0
0.0
0.0
478499.0
478500.0
478501.0
478502.0
478503.0
478504.0
478505.0
478506.0
478507.0
478508.0
478509.0
478510.0
0.0
0.0
0.0
0.0
0.0
0.0
0.0
0.0
478579.0
478580.0
478581.0
478582.0
478583.0
478584.0
478585.0
478586.0
478587.0
478588.0
478589.0
478590.0
478591.0
0.0
0.0
0.0
0.0
0.0
0.0
0.0
0.0
478660.0
478661.0
478662.0
478663.0
478664.0
478665.0
478666.0
478668.0
478669.0
478670.0
478671.0
478672.0
478673.0
0.0
0.0
0.0
0.0
0.0
0.0
478743.0
478744.0
478747.0
478748.0
478749.0
478751.0
478752.0
478753.0
478754.0
0.0
0.0
0.0
0.0
0.0
0.0
478823.0
478824.0
478825.0
478826.0
478827.0
478828.0
478829.0
478831.0
478832.0
478833.0
478834.0
478901.0
478902.0
478903.0
478904.0
478905.0
478906.0
478907.0
478908.0
478909.0
478911.0
478912.0
478913.0
478914.0
0.0
478982.0
478983.0
478985.0
478987.0
478988.0
478989.0
478990.0
478992.0
478993.0
478994.0
478995.0
0.0
0.0
479065.0
479066.0
479067.0
479068.0
479069.0
479070.0
479072.0
479073.0
479074.0
479075.0
0.0
0.0
0.0
479146.0
479147.0
479148.0
479149.0
479152.0
479153.0
479154.0
479155.0
479156.0
479157.0
0.0
0.0
479226.0
479227.0
479228.0
479229.0
479230.0
479233.0
479234.0
479236.0
479237.0
479238.0
479239.0
479240.0
0.0
0.0
0.0
479306.0
479307.0
479308.0
479309.0
479310.0
479311.0
479314.0
479315.0
479316.0
479317.0
479318.0
479319.0
479320.0
479321.0
0.0
0.0
479386.0
479387.0
479388.0
479389.0
479390.0
479392.0
479395.0
479396.0
479397.0
479398.0
479399.0
479400.0
479401.0
479465.0
479466.0
479468.0
479469.0
479471.0
479472.0
479473.0
479479.0
479480.0
479546.0
479547.0
0.0
479553.0
479554.0
479558.0
479560.0
479561.0
479627.0
479628.0
479629.0
479630.0
0.0
479638.0
479639.0
479709.0
479710.0
479711.0
479789.0
479790.0
479791.0
479792.0
479868.0
479869.0
479870.0
479871.0
479872.0
479873.0
479948.0
479949.0
479950.0
479951.0
479952.0
480028.0
480029.0
480030.0
480110.0
480111.0
480191.0
0.0
486205.0
0.0
0.0
0.0
0.0
0.0
0.0
486275.0
486277.0
486278.0
486279.0
486280.0
486281.0
486283.0
486284.0
486285.0
486286.0
0.0
0.0
0.0
0.0
0.0
0.0
0.0
486353.0
486354.0
0.0
486356.0
486357.0
486360.0
486363.0
486364.0
486365.0
486366.0
486367.0
0.0
0.0
0.0
0.0
0.0
0.0
0.0
0.0
486435.0
486436.0
486437.0
486438.0
486439.0
486441.0
486442.0
486443.0
486444.0
486445.0
486446.0
486447.0
486448.0
0.0
0.0
0.0
486516.0
486517.0
486518.0
486519.0
486520.0
486521.0
486522.0
486523.0
486524.0
486525.0
486526.0
486527.0
486528.0
486596.0
486597.0
486599.0
486601.0
486602.0
486603.0
486605.0
486606.0
486607.0
486608.0
486677.0
486678.0
486679.0
486680.0
486682.0
486683.0
486684.0
486686.0
486687.0
486688.0
486689.0
0.0
0.0
486759.0
486760.0
486761.0
486764.0
486766.0
486767.0
486768.0
486769.0
486770.0
0.0
0.0
486839.0
486840.0
486841.0
486842.0
486843.0
486846.0
486847.0
486848.0
486849.0
486850.0
486851.0
486852.0
0.0
0.0
486920.0
486921.0
486922.0
486924.0
486925.0
486927.0
486928.0
486929.0
486930.0
486931.0
486932.0
486933.0
486934.0
0.0
0.0
0.0
487001.0
487002.0
487003.0
487004.0
487005.0
487006.0
487009.0
487010.0
487011.0
487012.0
487013.0
487014.0
487015.0
487016.0
0.0
0.0
0.0
487081.0
487082.0
487083.0
487084.0
487085.0
487086.0
487087.0
487093.0
487094.0
0.0
487162.0
487163.0
487164.0
487165.0
487166.0
487167.0
487172.0
487173.0
487174.0
487175.0
0.0
0.0
0.0
487245.0
487247.0
487248.0
487249.0
487252.0
487253.0
487254.0
487255.0
487320.0
487321.0
0.0
0.0
0.0
0.0
0.0
487333.0
487334.0
487335.0
487401.0
487402.0
487403.0
487404.0
487405.0
487406.0
487484.0
487485.0
487486.0
487487.0
487723.0
487724.0
487804.0
487805.0
0.0
494049.0
494050.0
494062.0
0.0
0.0
0.0
0.0
494129.0
494130.0
494131.0
494132.0
494133.0
494139.0
494140.0
494141.0
494142.0
0.0
0.0
0.0
0.0
0.0
494210.0
494211.0
494212.0
494213.0
494214.0
494216.0
494217.0
494218.0
494219.0
494220.0
494221.0
494222.0
494223.0
0.0
494291.0
494292.0
494293.0
494294.0
494295.0
494296.0
494297.0
494298.0
494299.0
494300.0
494301.0
494302.0
494303.0
494304.0
494372.0
494373.0
494374.0
494375.0
494377.0
494378.0
494379.0
494380.0
494381.0
494382.0
494383.0
494384.0
494452.0
494453.0
494454.0
494455.0
494460.0
494461.0
494462.0
494463.0
494464.0
0.0
494534.0
494535.0
494536.0
494537.0
494538.0
494541.0
494542.0
494543.0
494545.0
494615.0
494616.0
494617.0
494618.0
494619.0
494620.0
494622.0
494623.0
494624.0
494625.0
494626.0
494628.0
494629.0
0.0
494694.0
494695.0
494696.0
494697.0
494698.0
494699.0
494700.0
494701.0
494705.0
494708.0
494709.0
494710.0
0.0
0.0
0.0
494776.0
494777.0
0.0
494779.0
494780.0
494786.0
0.0
0.0
494858.0
494859.0
0.0
494861.0
494862.0
494866.0
494867.0
494868.0
0.0
0.0
0.0
494940.0
0.0
0.0
0.0
494947.0
494948.0
495015.0
495016.0
495017.0
495018.0
0.0
0.0
0.0
0.0
495028.0
495029.0
495095.0
495096.0
495097.0
495098.0
495099.0
495100.0
495101.0
0.0
0.0
495176.0
495177.0
495180.0
495258.0
0.0
0.0
0.0
501907.0
501916.0
501917.0
501918.0
501988.0
501989.0
501991.0
501992.0
501993.0
501994.0
501997.0
501998.0
501999.0
502068.0
502069.0
502070.0
502072.0
502073.0
502074.0
502075.0
502076.0
502077.0
502078.0
502079.0
502149.0
502150.0
502151.0
502152.0
502153.0
502154.0
502155.0
502156.0
502159.0
502230.0
502231.0
502232.0
502233.0
502234.0
502235.0
502237.0
502238.0
502239.0
502240.0
502313.0
502314.0
502315.0
502316.0
502317.0
502318.0
502319.0
502320.0
502323.0
0.0
0.0
0.0
502391.0
0.0
0.0
502395.0
502397.0
502398.0
502404.0
0.0
0.0
0.0
502472.0
0.0
0.0
502475.0
502479.0
502481.0
0.0
0.0
502553.0
0.0
0.0
502556.0
502561.0
502562.0
502630.0
502631.0
0.0
0.0
502636.0
0.0
0.0
502642.0
502643.0
502710.0
502711.0
502712.0
502713.0
0.0
0.0
0.0
0.0
502723.0
502724.0
502791.0
502792.0
502793.0
502794.0
502795.0
0.0
0.0
0.0
502804.0
502805.0
502871.0
502872.0
502952.0
502953.0
509692.0
509693.0
509768.0
509769.0
509772.0
509773.0
509848.0
509849.0
509850.0
509851.0
509852.0
509854.0
509928.0
509929.0
509930.0
509931.0
509932.0
509933.0
509934.0
510010.0
510011.0
510012.0
510014.0
510015.0
510016.0
0.0
0.0
510086.0
510091.0
510092.0
510093.0
0.0
0.0
510167.0
510168.0
0.0
510170.0
510173.0
510174.0
510176.0
510177.0
0.0
0.0
510248.0
510250.0
510251.0
510254.0
510255.0
510257.0
0.0
0.0
0.0
0.0
510337.0
510338.0
0.0
0.0
0.0
0.0
510418.0
510419.0
0.0
0.0
0.0
510499.0
517625.0
517626.0
517627.0
517628.0
517629.0
517705.0
517707.0
517708.0
517709.0
517710.0
0.0
517786.0
517787.0
517788.0
517789.0
517790.0
517791.0
0.0
517862.0
517863.0
0.0
517867.0
517868.0
517869.0
517870.0
517871.0
517872.0
0.0
0.0
0.0
517949.0
517950.0
517951.0
517952.0
517953.0
0.0
0.0
518031.0
518032.0
518033.0
0.0
518113.0
518114.0
518194.0
518195.0
525403.0
525404.0
525481.0
525482.0
525484.0
525485.0
525486.0
525487.0
0.0
525562.0
525563.0
525564.0
525565.0
525566.0
525567.0
525568.0
0.0
0.0
525644.0
525645.0
525646.0
525647.0
525648.0
525725.0
525726.0
525727.0
525728.0
525729.0
525807.0
525809.0
525810.0
525889.0
525890.0
525970.0
525971.0
526052.0
533261.0
533262.0
533337.0
533339.0
533340.0
533341.0
533342.0
533343.0
533420.0
533421.0
533422.0
533423.0
533424.0
533501.0
533502.0
533503.0
533504.0
533505.0
533582.0
533583.0
533584.0
533585.0
533586.0
533664.0
533665.0
533666.0
533746.0
541114.0
541115.0
541116.0
541118.0
541119.0
541196.0
541197.0
541198.0
541199.0
541200.0
541277.0
541279.0
541280.0
541361.0
541441.0
