0.0
0.0
74448.0
74526.0
74527.0
74603.0
74604.0
0.0
74681.0
74682.0
0.0
0.0
0.0
0.0
82244.0
82245.0
82322.0
82323.0
0.0
0.0
82401.0
82402.0
82403.0
82404.0
0.0
0.0
0.0
0.0
82482.0
82483.0
82484.0
82485.0
0.0
0.0
0.0
0.0
82560.0
82561.0
82562.0
0.0
0.0
0.0
0.0
82637.0
82638.0
0.0
0.0
0.0
0.0
0.0
82715.0
82716.0
0.0
0.0
0.0
0.0
0.0
0.0
0.0
0.0
90123.0
90124.0
90199.0
90200.0
90201.0
90202.0
90203.0
90204.0
90205.0
90276.0
90277.0
90278.0
90279.0
90280.0
90281.0
90282.0
90283.0
90284.0
90285.0
90356.0
90357.0
90358.0
90359.0
90360.0
90361.0
90362.0
90434.0
90435.0
90436.0
90437.0
90438.0
90440.0
0.0
0.0
90512.0
90514.0
90515.0
90516.0
90517.0
90518.0
90519.0
0.0
0.0
0.0
0.0
0.0
90593.0
90594.0
90595.0
90596.0
0.0
0.0
0.0
0.0
0.0
0.0
0.0
0.0
0.0
0.0
90754.0
0.0
0.0
0.0
0.0
0.0
0.0
0.0
0.0
0.0
0.0
0.0
97999.0
98000.0
98001.0
98073.0
98074.0
98075.0
98076.0
98077.0
98078.0
98079.0
98151.0
98152.0
98153.0
98154.0
98157.0
98158.0
98159.0
98160.0
98226.0
98227.0
98233.0
98234.0
98235.0
98236.0
98237.0
98239.0
98240.0
98241.0
98242.0
98303.0
98304.0
98305.0
98306.0
98307.0
98310.0
98311.0
98312.0
98313.0
98314.0
98315.0
98316.0
98317.0
98318.0
98319.0
98381.0
98382.0
98383.0
0.0
0.0
98389.0
98391.0
98392.0
98393.0
98394.0
98395.0
98396.0
98397.0
98459.0
98460.0
98461.0
0.0
98469.0
98470.0
98471.0
98472.0
98473.0
98474.0
98475.0
0.0
0.0
0.0
0.0
0.0
98548.0
98549.0
98550.0
98551.0
98552.0
0.0
0.0
98627.0
98628.0
98629.0
98630.0
0.0
0.0
0.0
98705.0
98706.0
98707.0
0.0
0.0
98786.0
98787.0
0.0
0.0
0.0
0.0
0.0
0.0
0.0
0.0
0.0
0.0
0.0
105955.0
105956.0
105957.0
105958.0
105960.0
106027.0
106028.0
106029.0
106030.0
106031.0
106032.0
106033.0
106034.0
106035.0
106036.0
106037.0
106038.0
106039.0
106105.0
106106.0
106107.0
106108.0
106109.0
106110.0
106111.0
106112.0
106113.0
106114.0
106115.0
106116.0
106117.0
106119.0
106120.0
106181.0
106182.0
106184.0
106185.0
106186.0
106187.0
106188.0
106189.0
106190.0
106191.0
106192.0
106193.0
106194.0
106195.0
106196.0
106197.0
106198.0
106258.0
106259.0
106260.0
106261.0
106262.0
106263.0
106264.0
106266.0
106267.0
106268.0
106269.0
106270.0
106271.0
106272.0
106273.0
106274.0
106275.0
106276.0
106336.0
106337.0
106338.0
106339.0
106340.0
106341.0
106342.0
106343.0
106344.0
106345.0
106346.0
106351.0
106352.0
106353.0
106354.0
106414.0
106415.0
106416.0
106417.0
0.0
106419.0
106420.0
0.0
106422.0
106423.0
106424.0
106429.0
106430.0
106431.0
0.0
0.0
106495.0
0.0
0.0
0.0
0.0
0.0
106505.0
106506.0
106507.0
106508.0
0.0
0.0
0.0
0.0
0.0
0.0
106583.0
106584.0
106586.0
106587.0
0.0
0.0
0.0
0.0
0.0
0.0
106661.0
106662.0
106663.0
106664.0
106665.0
0.0
0.0
106739.0
106740.0
106741.0
106742.0
0.0
0.0
0.0
106818.0
0.0
0.0
0.0
0.0
0.0
0.0
0.0
0.0
0.0
0.0
0.0
0.0
0.0
0.0
0.0
0.0
0.0
0.0
0.0
0.0
0.0
113904.0
113905.0
113906.0
113914.0
113982.0
113983.0
113985.0
113986.0
113987.0
113988.0
113989.0
113990.0
113991.0
113992.0
113993.0
113994.0
113995.0
113996.0
113997.0
114060.0
114061.0
114062.0
114063.0
114064.0
114065.0
114066.0
114067.0
114068.0
114069.0
114070.0
114071.0
114072.0
114073.0
114074.0
114075.0
114076.0
114137.0
114138.0
114139.0
114140.0
114141.0
114142.0
114145.0
114146.0
114147.0
114148.0
114149.0
114150.0
114151.0
114152.0
114153.0
114154.0
114215.0
114216.0
114217.0
114218.0
114219.0
114220.0
114221.0
114222.0
114223.0
114224.0
114225.0
114229.0
114230.0
114231.0
114232.0
114293.0
114294.0
114295.0
114296.0
114297.0
114298.0
114299.0
114300.0
114301.0
114302.0
114303.0
114304.0
114305.0
114306.0
114307.0
114308.0
114309.0
114310.0
0.0
114373.0
114374.0
114375.0
114376.0
114377.0
114378.0
114379.0
114380.0
114381.0
114382.0
114383.0
114384.0
114385.0
114386.0
114387.0
114388.0
0.0
0.0
114453.0
114454.0
114455.0
114456.0
114457.0
114458.0
114459.0
114460.0
114461.0
114462.0
114464.0
114465.0
0.0
114529.0
0.0
0.0
0.0
0.0
114536.0
114541.0
114542.0
114543.0
0.0
0.0
0.0
0.0
0.0
0.0
0.0
0.0
114614.0
114617.0
114618.0
114619.0
0.0
0.0
0.0
0.0
0.0
0.0
0.0
0.0
0.0
0.0
114695.0
114696.0
114697.0
114698.0
114699.0
114700.0
0.0
0.0
0.0
0.0
0.0
0.0
114773.0
114774.0
114775.0
114776.0
114777.0
114778.0
0.0
0.0
114851.0
114852.0
114853.0
114855.0
114856.0
0.0
0.0
0.0
0.0
0.0
0.0
114934.0
0.0
0.0
0.0
0.0
0.0
0.0
0.0
0.0
0.0
0.0
0.0
0.0
0.0
0.0
0.0
0.0
0.0
0.0
0.0
0.0
0.0
0.0
0.0
0.0
121787.0
121788.0
121789.0
121790.0
121791.0
121860.0
121861.0
121862.0
121863.0
121864.0
121865.0
121866.0
121867.0
121868.0
121869.0
121870.0
121937.0
121938.0
121939.0
121940.0
121941.0
121942.0
121943.0
121944.0
121945.0
121946.0
121949.0
121950.0
121951.0
121952.0
122015.0
122016.0
122017.0
122019.0
122020.0
122021.0
122022.0
122023.0
122024.0
122025.0
122026.0
122027.0
122028.0
122029.0
122030.0
122031.0
122091.0
122093.0
122094.0
122096.0
122097.0
122099.0
122100.0
122101.0
122102.0
122103.0
122108.0
122109.0
122110.0
122170.0
122171.0
122172.0
122173.0
122174.0
122175.0
122176.0
122177.0
122180.0
122181.0
122182.0
122183.0
122184.0
122185.0
122186.0
122187.0
122188.0
122249.0
122250.0
122251.0
122252.0
122253.0
122254.0
122255.0
122256.0
122257.0
122258.0
122259.0
122260.0
122261.0
122262.0
122263.0
122264.0
122265.0
122266.0
122327.0
122328.0
122329.0
122330.0
122331.0
122332.0
122333.0
122334.0
122335.0
122336.0
122337.0
122338.0
122340.0
122341.0
122342.0
122343.0
122344.0
0.0
0.0
122406.0
122407.0
122408.0
122409.0
122410.0
122411.0
122412.0
122414.0
122415.0
122416.0
122417.0
122418.0
122419.0
122421.0
122422.0
0.0
0.0
0.0
122486.0
122487.0
122488.0
122489.0
122490.0
122491.0
122492.0
122493.0
122494.0
122495.0
122496.0
122498.0
122499.0
0.0
0.0
0.0
0.0
122565.0
122566.0
122567.0
122568.0
122569.0
122570.0
122571.0
122572.0
122575.0
122577.0
0.0
0.0
0.0
0.0
122648.0
122652.0
122653.0
0.0
0.0
0.0
0.0
0.0
0.0
0.0
0.0
0.0
0.0
122726.0
122729.0
122730.0
122731.0
122732.0
0.0
0.0
0.0
0.0
0.0
0.0
0.0
0.0
0.0
0.0
122807.0
122808.0
122809.0
122810.0
0.0
0.0
0.0
122885.0
122886.0
122887.0
122889.0
122890.0
0.0
0.0
0.0
0.0
0.0
0.0
0.0
0.0
0.0
0.0
0.0
0.0
0.0
0.0
0.0
0.0
0.0
0.0
0.0
0.0
0.0
0.0
0.0
0.0
0.0
0.0
0.0
0.0
0.0
0.0
0.0
0.0
0.0
0.0
0.0
0.0
0.0
0.0
0.0
0.0
0.0
0.0
0.0
0.0
0.0
0.0
0.0
0.0
0.0
0.0
0.0
129743.0
129744.0
129745.0
129747.0
129748.0
129749.0
129750.0
129818.0
129819.0
129820.0
129821.0
129822.0
129823.0
129824.0
129825.0
129826.0
129827.0
129828.0
129829.0
129830.0
129831.0
129832.0
129893.0
129894.0
129895.0
129896.0
129897.0
129898.0
129899.0
129900.0
129901.0
129902.0
129903.0
129904.0
129905.0
129906.0
129907.0
129908.0
129909.0
129910.0
129970.0
129971.0
129972.0
129973.0
129975.0
129976.0
129977.0
129978.0
129979.0
129980.0
129981.0
129982.0
129983.0
129984.0
129985.0
129986.0
129987.0
129988.0
130049.0
130050.0
130053.0
130054.0
130055.0
130056.0
130057.0
130058.0
130059.0
130060.0
130061.0
130062.0
130063.0
130064.0
130065.0
130125.0
130126.0
130127.0
130128.0
130129.0
130133.0
130134.0
130135.0
130136.0
130137.0
130138.0
130142.0
130143.0
130204.0
130205.0
130206.0
130207.0
130208.0
130209.0
130210.0
130211.0
130212.0
130215.0
130216.0
130217.0
130218.0
130220.0
130221.0
130283.0
130284.0
130285.0
130286.0
130287.0
130288.0
130289.0
130290.0
130291.0
130292.0
130293.0
130294.0
130295.0
130296.0
130297.0
130361.0
130362.0
130364.0
130365.0
130366.0
130367.0
130368.0
130369.0
130370.0
130371.0
130372.0
130373.0
130374.0
130375.0
130377.0
0.0
0.0
130440.0
130441.0
130442.0
130443.0
130444.0
130445.0
130446.0
130447.0
130449.0
130451.0
130452.0
130454.0
130455.0
0.0
0.0
0.0
130521.0
130522.0
130523.0
130524.0
130525.0
130526.0
130527.0
130528.0
130529.0
130530.0
130531.0
130532.0
130533.0
0.0
0.0
0.0
0.0
0.0
0.0
130599.0
130600.0
130601.0
130602.0
130603.0
130604.0
130605.0
130606.0
130609.0
0.0
0.0
0.0
0.0
0.0
0.0
130679.0
130680.0
130681.0
130682.0
130683.0
130686.0
130687.0
0.0
0.0
0.0
0.0
0.0
0.0
0.0
0.0
130760.0
130764.0
130765.0
130766.0
0.0
0.0
0.0
0.0
0.0
0.0
0.0
0.0
0.0
130838.0
130841.0
130842.0
130843.0
130844.0
0.0
0.0
0.0
0.0
0.0
130913.0
0.0
130916.0
130920.0
130921.0
130986.0
0.0
0.0
0.0
0.0
131064.0
0.0
0.0
0.0
0.0
0.0
0.0
0.0
0.0
131142.0
131143.0
0.0
0.0
0.0
0.0
0.0
131220.0
131221.0
0.0
0.0
0.0
0.0
131298.0
131299.0
0.0
0.0
0.0
0.0
0.0
131376.0
131377.0
131378.0
131379.0
0.0
0.0
0.0
131455.0
131456.0
0.0
0.0
0.0
0.0
0.0
0.0
0.0
0.0
0.0
0.0
0.0
0.0
0.0
0.0
0.0
0.0
0.0
0.0
0.0
0.0
0.0
0.0
0.0
0.0
0.0
0.0
0.0
0.0
0.0
0.0
0.0
0.0
0.0
0.0
0.0
0.0
0.0
0.0
0.0
0.0
0.0
0.0
0.0
0.0
0.0
0.0
0.0
0.0
0.0
0.0
0.0
0.0
0.0
0.0
0.0
137618.0
137619.0
137620.0
137621.0
137622.0
137625.0
137626.0
137695.0
137697.0
137698.0
137699.0
137700.0
137701.0
137703.0
137707.0
0.0
0.0
0.0
137775.0
137776.0
137777.0
137778.0
137779.0
137780.0
137781.0
137782.0
137783.0
137784.0
137785.0
137786.0
137787.0
137849.0
0.0
0.0
0.0
137853.0
137854.0
137855.0
137856.0
137857.0
137858.0
137859.0
137860.0
137861.0
137862.0
137863.0
137864.0
137865.0
137866.0
137926.0
137927.0
137928.0
0.0
137930.0
137937.0
137938.0
137939.0
137940.0
137941.0
137942.0
137943.0
137944.0
137945.0
138004.0
138005.0
138006.0
138010.0
138011.0
138012.0
138013.0
138014.0
138015.0
138016.0
138020.0
138021.0
138022.0
138081.0
138082.0
138083.0
138084.0
138085.0
138087.0
138088.0
138089.0
138090.0
138091.0
138093.0
138094.0
138095.0
138096.0
138097.0
138098.0
138158.0
138159.0
138160.0
138161.0
138162.0
138163.0
138164.0
138168.0
138169.0
138170.0
138171.0
138172.0
138175.0
138176.0
138236.0
138237.0
138238.0
138239.0
138240.0
138241.0
138242.0
138243.0
138244.0
138245.0
138246.0
138253.0
0.0
138317.0
138318.0
138319.0
138320.0
138321.0
138322.0
138323.0
138324.0
138325.0
138327.0
138328.0
138329.0
138395.0
138396.0
138397.0
138399.0
138400.0
138401.0
138402.0
138403.0
138404.0
138405.0
138406.0
138407.0
0.0
0.0
0.0
138474.0
138475.0
138476.0
138477.0
138478.0
138479.0
138480.0
138481.0
138482.0
138483.0
138484.0
138485.0
0.0
0.0
138558.0
138559.0
138560.0
138561.0
138562.0
138563.0
138565.0
138566.0
0.0
0.0
0.0
0.0
0.0
138633.0
138634.0
138635.0
138636.0
138637.0
138638.0
138639.0
138640.0
138642.0
138643.0
0.0
0.0
0.0
0.0
0.0
0.0
138713.0
138714.0
138715.0
138716.0
138717.0
138720.0
138721.0
0.0
0.0
0.0
0.0
0.0
0.0
138792.0
138793.0
138794.0
138795.0
138798.0
138799.0
0.0
0.0
0.0
0.0
0.0
0.0
0.0
138870.0
138871.0
138872.0
138873.0
138876.0
138877.0
138878.0
0.0
0.0
0.0
0.0
138946.0
138947.0
138948.0
138949.0
138954.0
138955.0
0.0
0.0
0.0
0.0
0.0
139097.0
139098.0
139099.0
0.0
0.0
0.0
0.0
0.0
0.0
139175.0
139176.0
139177.0
0.0
0.0
0.0
0.0
139253.0
139254.0
139255.0
0.0
0.0
0.0
0.0
0.0
139331.0
139332.0
139333.0
0.0
0.0
0.0
0.0
139409.0
139410.0
139411.0
139412.0
139413.0
0.0
0.0
139487.0
139488.0
139489.0
139490.0
139491.0
0.0
0.0
139566.0
139567.0
139568.0
0.0
0.0
0.0
0.0
0.0
0.0
0.0
0.0
0.0
0.0
0.0
0.0
0.0
0.0
0.0
0.0
0.0
0.0
0.0
0.0
0.0
0.0
0.0
0.0
0.0
0.0
0.0
0.0
0.0
0.0
0.0
0.0
0.0
0.0
0.0
0.0
0.0
0.0
0.0
0.0
0.0
0.0
0.0
0.0
0.0
0.0
0.0
0.0
0.0
145577.0
145578.0
145579.0
145580.0
145581.0
145582.0
145583.0
145584.0
0.0
145650.0
145651.0
145652.0
145653.0
145654.0
145655.0
145656.0
145657.0
145658.0
145659.0
145660.0
0.0
145728.0
145729.0
145730.0
145731.0
145732.0
145733.0
145734.0
145735.0
145736.0
145737.0
145738.0
145742.0
145805.0
145806.0
145807.0
145810.0
145813.0
145814.0
145815.0
145816.0
145818.0
145819.0
145820.0
145821.0
145882.0
145883.0
145884.0
0.0
145891.0
145892.0
145897.0
145898.0
145899.0
145900.0
145960.0
145961.0
0.0
0.0
145969.0
145972.0
145973.0
145974.0
145975.0
145976.0
145977.0
146037.0
146038.0
146039.0
146040.0
146041.0
146042.0
146045.0
146046.0
146047.0
146048.0
146049.0
146050.0
146052.0
146053.0
146114.0
146115.0
146116.0
146117.0
146118.0
146119.0
146120.0
146123.0
146124.0
146125.0
146126.0
146127.0
146128.0
146129.0
146130.0
146131.0
146192.0
146193.0
146194.0
146195.0
146196.0
146197.0
146198.0
146202.0
146203.0
146204.0
146205.0
146206.0
146207.0
146208.0
146209.0
146210.0
146272.0
146273.0
146274.0
146275.0
146276.0
146277.0
146278.0
146279.0
146280.0
146283.0
146286.0
146287.0
146288.0
146352.0
146353.0
146354.0
146355.0
146356.0
146357.0
146358.0
146359.0
146360.0
146364.0
146365.0
146366.0
0.0
146430.0
146431.0
146433.0
146434.0
146435.0
146436.0
146437.0
146438.0
146439.0
146440.0
146441.0
146443.0
0.0
0.0
0.0
146509.0
146510.0
146511.0
146512.0
146513.0
146514.0
146515.0
146516.0
146517.0
146518.0
146519.0
146521.0
0.0
0.0
146592.0
146593.0
146594.0
146595.0
146596.0
146597.0
146599.0
146600.0
0.0
0.0
0.0
0.0
0.0
0.0
146668.0
146669.0
146670.0
146671.0
146672.0
146673.0
146674.0
146676.0
146677.0
0.0
0.0
0.0
0.0
0.0
0.0
0.0
146747.0
146748.0
146749.0
146750.0
146751.0
146754.0
146755.0
0.0
0.0
0.0
0.0
146825.0
146826.0
146827.0
146828.0
146829.0
146832.0
146833.0
146834.0
0.0
0.0
0.0
0.0
0.0
146903.0
146904.0
146905.0
146906.0
0.0
146910.0
146911.0
0.0
0.0
0.0
0.0
0.0
146981.0
146982.0
146983.0
0.0
147056.0
147057.0
0.0
0.0
147134.0
0.0
0.0
0.0
147208.0
147209.0
147210.0
147211.0
0.0
0.0
0.0
0.0
147287.0
147288.0
147289.0
147290.0
147291.0
0.0
0.0
147364.0
147365.0
147366.0
147367.0
147368.0
147369.0
147442.0
147443.0
147444.0
147445.0
147446.0
147447.0
147520.0
147521.0
147522.0
147523.0
147524.0
0.0
0.0
147600.0
147601.0
147602.0
0.0
0.0
147679.0
147680.0
0.0
0.0
0.0
0.0
0.0
0.0
0.0
0.0
0.0
0.0
0.0
0.0
0.0
0.0
0.0
0.0
0.0
0.0
0.0
0.0
0.0
0.0
0.0
0.0
0.0
0.0
0.0
0.0
0.0
0.0
0.0
0.0
0.0
0.0
0.0
0.0
0.0
0.0
0.0
0.0
0.0
0.0
0.0
0.0
0.0
0.0
0.0
0.0
153455.0
153532.0
153533.0
153539.0
153540.0
0.0
153611.0
153612.0
153613.0
0.0
153615.0
153616.0
153617.0
153618.0
0.0
0.0
153684.0
153685.0
153686.0
153687.0
153688.0
153689.0
153690.0
153691.0
153692.0
153694.0
153695.0
0.0
0.0
153761.0
153762.0
153763.0
153764.0
153765.0
153766.0
153767.0
153838.0
153839.0
153840.0
153842.0
153843.0
153844.0
153854.0
153916.0
153917.0
153994.0
153995.0
153996.0
153997.0
153998.0
154006.0
154007.0
154008.0
154009.0
0.0
154071.0
154072.0
154073.0
154074.0
154075.0
154076.0
154080.0
154081.0
154082.0
154083.0
154084.0
154087.0
154089.0
0.0
154149.0
154150.0
154151.0
154152.0
154154.0
0.0
154158.0
154159.0
154160.0
154161.0
154162.0
154163.0
154164.0
154165.0
154167.0
0.0
0.0
154228.0
154229.0
154230.0
154231.0
154232.0
154233.0
154237.0
154238.0
154239.0
154240.0
154241.0
154242.0
154243.0
154244.0
0.0
0.0
154308.0
154309.0
154310.0
154311.0
154316.0
154317.0
154320.0
154321.0
0.0
0.0
154387.0
154388.0
154389.0
154390.0
154391.0
154392.0
154393.0
154398.0
154399.0
0.0
0.0
0.0
154465.0
154466.0
154467.0
154468.0
154469.0
154470.0
154471.0
154472.0
154476.0
154477.0
0.0
0.0
154543.0
154544.0
154545.0
154546.0
154548.0
154549.0
154550.0
154551.0
154552.0
154554.0
154555.0
154556.0
0.0
0.0
154627.0
154628.0
154629.0
154630.0
154632.0
154633.0
154634.0
0.0
0.0
0.0
0.0
0.0
0.0
154703.0
154705.0
154706.0
154707.0
154708.0
154710.0
154711.0
154712.0
0.0
0.0
0.0
0.0
0.0
0.0
154781.0
154782.0
154783.0
154784.0
154785.0
154788.0
154789.0
154790.0
0.0
0.0
0.0
0.0
0.0
154859.0
154860.0
154861.0
154862.0
0.0
154866.0
154867.0
154868.0
0.0
0.0
154934.0
0.0
0.0
154937.0
154938.0
154939.0
154944.0
154945.0
0.0
0.0
0.0
155012.0
0.0
0.0
0.0
0.0
155089.0
155090.0
155091.0
0.0
0.0
155165.0
155166.0
155167.0
155168.0
155169.0
155170.0
0.0
155243.0
155244.0
155245.0
155246.0
155247.0
155248.0
155249.0
155322.0
155323.0
155324.0
155325.0
155326.0
155327.0
155400.0
155401.0
155402.0
155403.0
155404.0
155476.0
155477.0
155478.0
155479.0
155480.0
155554.0
155555.0
155556.0
155557.0
155558.0
155631.0
155632.0
155634.0
155635.0
155636.0
0.0
0.0
0.0
155713.0
155714.0
0.0
0.0
0.0
0.0
0.0
0.0
0.0
0.0
0.0
0.0
0.0
0.0
0.0
0.0
0.0
0.0
0.0
0.0
0.0
0.0
0.0
0.0
0.0
0.0
0.0
0.0
0.0
0.0
0.0
0.0
0.0
0.0
0.0
0.0
0.0
0.0
0.0
0.0
0.0
0.0
0.0
0.0
0.0
0.0
0.0
0.0
0.0
0.0
0.0
0.0
0.0
0.0
0.0
0.0
0.0
0.0
0.0
0.0
0.0
0.0
0.0
0.0
0.0
0.0
0.0
0.0
0.0
0.0
0.0
0.0
0.0
0.0
0.0
0.0
0.0
0.0
0.0
0.0
0.0
161411.0
161412.0
161413.0
161487.0
161488.0
161489.0
161490.0
0.0
0.0
0.0
0.0
0.0
161563.0
161564.0
161565.0
161566.0
161567.0
161573.0
0.0
0.0
0.0
0.0
161640.0
161641.0
161642.0
161643.0
161644.0
161645.0
161646.0
0.0
161648.0
161649.0
161650.0
161651.0
161652.0
0.0
0.0
0.0
161717.0
161718.0
161719.0
161720.0
161721.0
161722.0
161723.0
161724.0
0.0
161726.0
161727.0
161728.0
161729.0
0.0
0.0
161795.0
161796.0
161797.0
161798.0
161800.0
161801.0
161802.0
161803.0
161804.0
161805.0
161806.0
161872.0
161873.0
161875.0
161876.0
161877.0
161878.0
161879.0
161880.0
161882.0
161883.0
161950.0
161951.0
161955.0
161956.0
161957.0
161958.0
0.0
162028.0
162029.0
0.0
0.0
0.0
162040.0
162041.0
162042.0
162043.0
162044.0
0.0
0.0
0.0
0.0
0.0
0.0
0.0
162117.0
162118.0
162119.0
162120.0
162121.0
162122.0
162123.0
162124.0
0.0
0.0
0.0
0.0
162186.0
0.0
0.0
0.0
162194.0
162195.0
162196.0
162197.0
162198.0
162200.0
162201.0
162202.0
0.0
162263.0
162264.0
162265.0
0.0
0.0
162272.0
162273.0
162274.0
162275.0
162276.0
162277.0
162278.0
0.0
0.0
162343.0
162344.0
162345.0
162354.0
162355.0
162356.0
0.0
0.0
0.0
0.0
0.0
162421.0
162422.0
162423.0
162424.0
162432.0
162433.0
162434.0
162435.0
0.0
0.0
0.0
0.0
0.0
162500.0
162501.0
162502.0
162503.0
162510.0
162511.0
0.0
0.0
162578.0
162579.0
162580.0
162583.0
162584.0
162585.0
162588.0
162589.0
0.0
0.0
0.0
162661.0
162662.0
162663.0
162664.0
162666.0
162667.0
162668.0
0.0
0.0
0.0
0.0
0.0
162740.0
162741.0
162744.0
162745.0
162746.0
0.0
0.0
0.0
0.0
0.0
162814.0
162815.0
162816.0
162818.0
162819.0
162822.0
162823.0
162824.0
162825.0
162826.0
0.0
0.0
0.0
162890.0
0.0
162893.0
162894.0
162900.0
162901.0
0.0
0.0
162967.0
162968.0
162969.0
0.0
162971.0
162979.0
0.0
0.0
163045.0
163046.0
163047.0
0.0
0.0
163123.0
163124.0
163125.0
163199.0
163200.0
163201.0
163202.0
163203.0
163204.0
163205.0
163277.0
163278.0
163279.0
163280.0
163281.0
163282.0
163283.0
163355.0
163356.0
163357.0
163358.0
163359.0
163360.0
163434.0
163435.0
163437.0
163438.0
163510.0
163511.0
163512.0
163513.0
163514.0
0.0
163589.0
163590.0
163591.0
163592.0
163593.0
0.0
0.0
163668.0
163669.0
163670.0
163671.0
0.0
0.0
0.0
163747.0
163748.0
0.0
0.0
0.0
0.0
0.0
0.0
0.0
0.0
0.0
0.0
0.0
0.0
0.0
0.0
0.0
0.0
0.0
0.0
0.0
0.0
0.0
0.0
0.0
0.0
0.0
0.0
0.0
0.0
0.0
0.0
0.0
0.0
0.0
0.0
0.0
0.0
0.0
0.0
0.0
0.0
0.0
0.0
0.0
0.0
0.0
0.0
0.0
0.0
0.0
0.0
0.0
0.0
0.0
0.0
0.0
0.0
0.0
0.0
0.0
0.0
0.0
0.0
0.0
0.0
0.0
0.0
0.0
0.0
0.0
0.0
0.0
0.0
0.0
0.0
0.0
0.0
0.0
0.0
0.0
0.0
0.0
0.0
0.0
0.0
0.0
0.0
0.0
0.0
0.0
0.0
0.0
0.0
0.0
0.0
0.0
169366.0
169367.0
169368.0
169444.0
169445.0
169446.0
0.0
0.0
0.0
0.0
0.0
169519.0
169520.0
169521.0
169522.0
169523.0
0.0
0.0
0.0
0.0
0.0
0.0
0.0
0.0
169597.0
169598.0
169599.0
169601.0
0.0
0.0
0.0
0.0
0.0
0.0
0.0
0.0
169676.0
169677.0
169678.0
0.0
169682.0
0.0
0.0
169685.0
0.0
0.0
169751.0
169752.0
169753.0
169754.0
169755.0
169756.0
169757.0
0.0
0.0
169761.0
169762.0
169763.0
0.0
169828.0
169829.0
169831.0
169832.0
169833.0
169834.0
169835.0
169836.0
0.0
0.0
169839.0
169840.0
169906.0
169907.0
169910.0
169911.0
169912.0
169913.0
169914.0
0.0
0.0
0.0
169918.0
169984.0
169985.0
0.0
0.0
0.0
169989.0
169990.0
169991.0
169992.0
0.0
0.0
0.0
0.0
0.0
0.0
0.0
0.0
0.0
0.0
0.0
170069.0
170070.0
170075.0
170076.0
170077.0
0.0
0.0
0.0
0.0
0.0
0.0
0.0
0.0
170152.0
170153.0
170154.0
170155.0
170156.0
170157.0
0.0
0.0
0.0
0.0
0.0
0.0
0.0
170230.0
170231.0
170232.0
170233.0
170234.0
170235.0
0.0
0.0
0.0
0.0
170308.0
170309.0
170310.0
170311.0
170312.0
0.0
0.0
0.0
170378.0
170379.0
170388.0
170389.0
170390.0
0.0
0.0
0.0
0.0
0.0
170456.0
170466.0
170467.0
170468.0
170469.0
0.0
0.0
0.0
0.0
0.0
170544.0
170545.0
170546.0
170547.0
0.0
0.0
0.0
170622.0
170623.0
170624.0
0.0
0.0
170701.0
170702.0
170703.0
0.0
0.0
170778.0
170779.0
170780.0
170781.0
0.0
0.0
0.0
0.0
0.0
170856.0
170857.0
170858.0
0.0
0.0
0.0
0.0
170924.0
170935.0
0.0
0.0
171001.0
171002.0
171003.0
0.0
0.0
171079.0
171080.0
171081.0
0.0
171157.0
171158.0
171159.0
171233.0
171236.0
171237.0
171238.0
171311.0
171312.0
171314.0
171315.0
171316.0
171389.0
171390.0
171391.0
171392.0
171393.0
171467.0
171468.0
171469.0
171470.0
171545.0
171546.0
171547.0
171548.0
171549.0
0.0
171623.0
171624.0
171625.0
171626.0
171627.0
0.0
0.0
0.0
171703.0
171704.0
0.0
0.0
0.0
0.0
0.0
171782.0
0.0
0.0
0.0
0.0
0.0
0.0
0.0
0.0
0.0
0.0
0.0
0.0
0.0
0.0
0.0
0.0
0.0
0.0
0.0
0.0
0.0
0.0
0.0
0.0
0.0
0.0
0.0
0.0
0.0
0.0
0.0
0.0
0.0
0.0
0.0
0.0
0.0
0.0
0.0
0.0
0.0
0.0
0.0
0.0
0.0
0.0
0.0
0.0
0.0
0.0
0.0
0.0
0.0
0.0
0.0
0.0
0.0
0.0
0.0
0.0
0.0
0.0
0.0
0.0
0.0
0.0
0.0
0.0
0.0
0.0
0.0
0.0
0.0
0.0
0.0
0.0
0.0
0.0
0.0
0.0
0.0
0.0
0.0
0.0
0.0
0.0
0.0
0.0
0.0
0.0
0.0
0.0
0.0
0.0
177479.0
0.0
0.0
0.0
0.0
0.0
0.0
0.0
177553.0
177554.0
0.0
0.0
0.0
0.0
0.0
0.0
0.0
0.0
177631.0
177632.0
0.0
0.0
0.0
0.0
0.0
0.0
0.0
0.0
0.0
0.0
0.0
0.0
0.0
0.0
0.0
0.0
0.0
0.0
0.0
0.0
0.0
0.0
0.0
0.0
0.0
0.0
177862.0
177863.0
0.0
177868.0
177869.0
0.0
0.0
0.0
0.0
0.0
0.0
0.0
0.0
0.0
177946.0
177947.0
177948.0
0.0
0.0
0.0
0.0
0.0
0.0
0.0
0.0
0.0
0.0
178024.0
178025.0
178026.0
0.0
0.0
0.0
0.0
0.0
0.0
0.0
0.0
0.0
0.0
0.0
178103.0
178104.0
178105.0
0.0
0.0
0.0
0.0
0.0
0.0
0.0
0.0
0.0
0.0
0.0
0.0
0.0
178267.0
0.0
0.0
0.0
0.0
0.0
0.0
0.0
0.0
0.0
0.0
0.0
0.0
0.0
178503.0
0.0
0.0
0.0
0.0
0.0
178579.0
178580.0
178581.0
178582.0
0.0
0.0
0.0
178657.0
178658.0
178659.0
0.0
0.0
178735.0
178736.0
178737.0
0.0
0.0
178813.0
178814.0
178815.0
0.0
0.0
178891.0
178892.0
0.0
0.0
0.0
0.0
0.0
0.0
0.0
179189.0
179190.0
179267.0
179268.0
179345.0
179346.0
179423.0
179424.0
179425.0
179501.0
179502.0
179503.0
179504.0
0.0
179579.0
179580.0
179581.0
179582.0
0.0
0.0
0.0
179657.0
179658.0
179659.0
179660.0
0.0
0.0
0.0
0.0
0.0
0.0
179738.0
0.0
0.0
0.0
0.0
0.0
0.0
0.0
0.0
0.0
0.0
0.0
0.0
0.0
0.0
0.0
0.0
0.0
0.0
0.0
0.0
0.0
0.0
0.0
0.0
0.0
0.0
0.0
0.0
0.0
0.0
0.0
0.0
0.0
0.0
0.0
0.0
0.0
0.0
0.0
0.0
0.0
0.0
0.0
0.0
0.0
0.0
0.0
0.0
0.0
0.0
0.0
0.0
0.0
0.0
0.0
0.0
0.0
0.0
0.0
0.0
0.0
0.0
0.0
0.0
0.0
0.0
0.0
0.0
0.0
0.0
0.0
0.0
0.0
0.0
0.0
0.0
0.0
0.0
0.0
0.0
0.0
0.0
0.0
0.0
0.0
0.0
0.0
0.0
0.0
0.0
0.0
0.0
0.0
0.0
0.0
0.0
0.0
0.0
0.0
0.0
0.0
0.0
0.0
0.0
0.0
0.0
0.0
0.0
0.0
0.0
0.0
0.0
0.0
0.0
0.0
0.0
0.0
0.0
0.0
0.0
0.0
0.0
0.0
0.0
0.0
0.0
0.0
0.0
0.0
0.0
0.0
0.0
0.0
0.0
0.0
0.0
0.0
0.0
0.0
0.0
0.0
0.0
0.0
0.0
0.0
0.0
0.0
0.0
0.0
0.0
0.0
0.0
0.0
0.0
0.0
0.0
0.0
0.0
0.0
0.0
0.0
0.0
0.0
185904.0
0.0
0.0
0.0
0.0
0.0
0.0
0.0
0.0
0.0
0.0
0.0
0.0
185981.0
185982.0
185983.0
0.0
0.0
0.0
0.0
0.0
0.0
0.0
0.0
0.0
0.0
0.0
0.0
0.0
0.0
186059.0
186060.0
186061.0
0.0
0.0
0.0
0.0
0.0
0.0
0.0
0.0
0.0
0.0
0.0
0.0
0.0
0.0
0.0
186137.0
186138.0
186139.0
0.0
0.0
0.0
0.0
0.0
0.0
0.0
0.0
0.0
0.0
0.0
0.0
0.0
0.0
0.0
0.0
0.0
0.0
0.0
0.0
0.0
0.0
0.0
0.0
0.0
0.0
0.0
0.0
0.0
0.0
0.0
0.0
0.0
0.0
0.0
0.0
0.0
0.0
186615.0
0.0
0.0
186692.0
186693.0
0.0
0.0
186770.0
186771.0
186772.0
0.0
0.0
186848.0
186849.0
0.0
0.0
0.0
186913.0
0.0
0.0
186991.0
0.0
187068.0
187069.0
187146.0
187147.0
187223.0
187224.0
187225.0
187301.0
187302.0
187379.0
187380.0
0.0
0.0
187457.0
187458.0
0.0
0.0
0.0
187535.0
187536.0
0.0
0.0
0.0
0.0
187613.0
187614.0
187615.0
0.0
0.0
0.0
0.0
187692.0
187693.0
0.0
0.0
0.0
0.0
0.0
0.0
0.0
0.0
0.0
0.0
0.0
0.0
0.0
0.0
0.0
0.0
0.0
0.0
0.0
0.0
0.0
0.0
0.0
0.0
0.0
0.0
0.0
0.0
0.0
0.0
0.0
0.0
0.0
0.0
0.0
0.0
0.0
0.0
0.0
0.0
0.0
0.0
0.0
0.0
0.0
0.0
0.0
0.0
0.0
0.0
0.0
0.0
0.0
0.0
0.0
0.0
0.0
0.0
0.0
0.0
0.0
0.0
0.0
0.0
0.0
0.0
0.0
0.0
0.0
0.0
0.0
0.0
0.0
0.0
0.0
0.0
0.0
0.0
0.0
0.0
0.0
0.0
0.0
0.0
0.0
0.0
0.0
0.0
0.0
0.0
0.0
0.0
0.0
0.0
0.0
0.0
0.0
0.0
0.0
0.0
0.0
0.0
0.0
0.0
0.0
0.0
0.0
0.0
0.0
0.0
0.0
0.0
0.0
0.0
0.0
0.0
0.0
0.0
0.0
0.0
0.0
0.0
0.0
0.0
0.0
0.0
0.0
0.0
0.0
0.0
0.0
0.0
0.0
0.0
0.0
0.0
0.0
0.0
0.0
0.0
0.0
0.0
0.0
0.0
0.0
0.0
0.0
0.0
0.0
0.0
0.0
0.0
0.0
0.0
0.0
0.0
0.0
0.0
0.0
0.0
0.0
0.0
0.0
0.0
0.0
0.0
0.0
0.0
0.0
194016.0
0.0
0.0
0.0
0.0
0.0
0.0
0.0
0.0
0.0
0.0
0.0
0.0
0.0
0.0
0.0
194094.0
194095.0
0.0
0.0
0.0
0.0
0.0
0.0
0.0
0.0
0.0
0.0
0.0
0.0
0.0
0.0
0.0
194172.0
0.0
0.0
0.0
0.0
0.0
0.0
0.0
0.0
0.0
0.0
0.0
0.0
0.0
0.0
0.0
0.0
0.0
0.0
0.0
0.0
0.0
0.0
0.0
0.0
0.0
0.0
0.0
0.0
0.0
0.0
0.0
0.0
0.0
0.0
0.0
0.0
0.0
0.0
0.0
0.0
0.0
0.0
0.0
0.0
0.0
0.0
0.0
0.0
0.0
0.0
0.0
0.0
195024.0
195025.0
195102.0
195103.0
195180.0
195181.0
195257.0
195258.0
0.0
195335.0
195336.0
195337.0
0.0
0.0
0.0
0.0
0.0
0.0
0.0
0.0
0.0
0.0
0.0
195491.0
195492.0
195493.0
0.0
0.0
0.0
0.0
195569.0
195570.0
0.0
0.0
0.0
0.0
0.0
195647.0
195648.0
0.0
0.0
0.0
0.0
0.0
195725.0
195726.0
195727.0
0.0
0.0
0.0
0.0
0.0
0.0
0.0
0.0
0.0
0.0
0.0
0.0
0.0
0.0
0.0
0.0
0.0
0.0
0.0
0.0
0.0
0.0
0.0
0.0
0.0
0.0
0.0
0.0
0.0
0.0
0.0
0.0
0.0
0.0
0.0
0.0
0.0
0.0
0.0
0.0
0.0
0.0
0.0
0.0
0.0
0.0
0.0
0.0
0.0
0.0
0.0
0.0
0.0
0.0
0.0
0.0
0.0
0.0
0.0
0.0
0.0
0.0
0.0
0.0
0.0
0.0
0.0
0.0
0.0
0.0
0.0
0.0
0.0
0.0
0.0
0.0
0.0
0.0
0.0
0.0
0.0
0.0
0.0
0.0
0.0
0.0
0.0
0.0
0.0
0.0
0.0
0.0
0.0
0.0
0.0
0.0
0.0
0.0
0.0
0.0
0.0
0.0
0.0
0.0
0.0
0.0
0.0
0.0
0.0
0.0
0.0
0.0
0.0
0.0
0.0
0.0
0.0
0.0
0.0
0.0
0.0
0.0
0.0
0.0
0.0
0.0
0.0
0.0
0.0
0.0
0.0
0.0
0.0
0.0
0.0
0.0
0.0
0.0
0.0
0.0
0.0
0.0
0.0
0.0
0.0
0.0
0.0
0.0
0.0
0.0
0.0
0.0
0.0
0.0
0.0
0.0
0.0
0.0
0.0
0.0
0.0
0.0
0.0
0.0
0.0
0.0
0.0
0.0
0.0
0.0
0.0
0.0
0.0
0.0
0.0
0.0
0.0
0.0
0.0
0.0
0.0
0.0
0.0
0.0
0.0
0.0
0.0
0.0
0.0
0.0
0.0
0.0
0.0
0.0
0.0
0.0
0.0
0.0
0.0
0.0
0.0
0.0
0.0
0.0
0.0
0.0
0.0
0.0
0.0
0.0
0.0
0.0
0.0
0.0
0.0
0.0
0.0
0.0
0.0
203448.0
203449.0
0.0
0.0
0.0
203526.0
203527.0
0.0
0.0
0.0
0.0
203604.0
203605.0
0.0
0.0
0.0
0.0
0.0
203682.0
203683.0
0.0
0.0
0.0
0.0
0.0
0.0
0.0
0.0
0.0
0.0
0.0
0.0
0.0
0.0
0.0
0.0
0.0
0.0
0.0
0.0
0.0
0.0
0.0
0.0
0.0
0.0
0.0
0.0
0.0
0.0
0.0
0.0
0.0
0.0
0.0
0.0
0.0
0.0
0.0
0.0
0.0
0.0
0.0
0.0
0.0
0.0
0.0
0.0
0.0
0.0
0.0
0.0
0.0
0.0
0.0
0.0
0.0
0.0
0.0
0.0
0.0
0.0
0.0
0.0
0.0
0.0
0.0
0.0
0.0
0.0
0.0
0.0
0.0
0.0
0.0
0.0
0.0
0.0
0.0
0.0
0.0
0.0
0.0
0.0
0.0
0.0
0.0
0.0
0.0
0.0
0.0
0.0
0.0
0.0
0.0
0.0
0.0
0.0
0.0
0.0
0.0
0.0
0.0
0.0
0.0
0.0
0.0
0.0
0.0
0.0
0.0
0.0
0.0
0.0
0.0
0.0
0.0
0.0
0.0
0.0
0.0
0.0
0.0
0.0
0.0
0.0
0.0
0.0
0.0
0.0
0.0
0.0
0.0
0.0
0.0
0.0
0.0
0.0
0.0
0.0
0.0
0.0
0.0
0.0
0.0
0.0
0.0
0.0
0.0
0.0
0.0
0.0
0.0
0.0
0.0
0.0
0.0
0.0
0.0
0.0
0.0
0.0
0.0
0.0
0.0
0.0
0.0
0.0
0.0
0.0
0.0
0.0
0.0
211482.0
211483.0
0.0
0.0
0.0
0.0
211560.0
211561.0
0.0
0.0
0.0
0.0
211638.0
211639.0
0.0
0.0
0.0
0.0
0.0
0.0
0.0
0.0
0.0
0.0
0.0
0.0
0.0
0.0
0.0
0.0
0.0
0.0
0.0
0.0
0.0
0.0
0.0
0.0
0.0
0.0
0.0
0.0
0.0
0.0
0.0
0.0
0.0
0.0
0.0
0.0
0.0
0.0
0.0
0.0
0.0
0.0
0.0
0.0
0.0
0.0
0.0
0.0
0.0
0.0
0.0
0.0
0.0
0.0
0.0
0.0
0.0
0.0
0.0
0.0
0.0
0.0
0.0
0.0
0.0
0.0
0.0
0.0
0.0
0.0
0.0
0.0
0.0
0.0
0.0
0.0
0.0
0.0
0.0
0.0
0.0
0.0
0.0
0.0
0.0
0.0
0.0
0.0
0.0
0.0
0.0
0.0
0.0
0.0
0.0
0.0
0.0
0.0
0.0
0.0
0.0
0.0
0.0
0.0
0.0
0.0
0.0
0.0
0.0
0.0
0.0
0.0
0.0
0.0
0.0
0.0
0.0
0.0
0.0
0.0
0.0
0.0
0.0
0.0
0.0
0.0
0.0
0.0
0.0
0.0
0.0
0.0
0.0
0.0
0.0
0.0
0.0
0.0
0.0
0.0
0.0
0.0
0.0
0.0
0.0
0.0
0.0
0.0
0.0
0.0
0.0
0.0
0.0
0.0
0.0
0.0
0.0
0.0
0.0
0.0
0.0
0.0
0.0
0.0
0.0
0.0
0.0
0.0
0.0
0.0
0.0
0.0
0.0
0.0
0.0
0.0
0.0
0.0
0.0
0.0
0.0
0.0
0.0
0.0
0.0
0.0
0.0
0.0
0.0
0.0
0.0
0.0
0.0
0.0
0.0
0.0
0.0
0.0
0.0
0.0
0.0
0.0
0.0
0.0
0.0
0.0
0.0
0.0
0.0
0.0
0.0
0.0
0.0
0.0
0.0
0.0
0.0
0.0
0.0
0.0
0.0
0.0
0.0
0.0
0.0
0.0
0.0
0.0
0.0
0.0
0.0
0.0
0.0
0.0
0.0
0.0
0.0
0.0
0.0
0.0
0.0
0.0
0.0
0.0
0.0
0.0
0.0
0.0
0.0
0.0
0.0
0.0
0.0
0.0
0.0
0.0
0.0
0.0
0.0
0.0
0.0
0.0
0.0
0.0
0.0
0.0
0.0
0.0
0.0
0.0
0.0
0.0
0.0
0.0
0.0
0.0
0.0
0.0
0.0
0.0
0.0
0.0
0.0
0.0
0.0
0.0
0.0
0.0
0.0
0.0
0.0
0.0
0.0
0.0
0.0
0.0
0.0
0.0
0.0
0.0
0.0
0.0
0.0
0.0
0.0
0.0
0.0
0.0
0.0
0.0
0.0
0.0
0.0
0.0
0.0
0.0
0.0
0.0
0.0
0.0
0.0
0.0
0.0
0.0
0.0
0.0
0.0
0.0
0.0
0.0
0.0
0.0
0.0
0.0
0.0
0.0
0.0
0.0
0.0
0.0
0.0
0.0
0.0
0.0
0.0
0.0
0.0
0.0
0.0
0.0
0.0
0.0
0.0
0.0
0.0
0.0
0.0
0.0
0.0
0.0
0.0
0.0
0.0
0.0
0.0
0.0
0.0
0.0
0.0
0.0
0.0
0.0
0.0
0.0
0.0
0.0
0.0
0.0
0.0
0.0
0.0
0.0
0.0
0.0
0.0
0.0
0.0
0.0
0.0
0.0
0.0
0.0
0.0
0.0
0.0
0.0
0.0
0.0
0.0
0.0
0.0
0.0
0.0
0.0
0.0
0.0
0.0
0.0
0.0
0.0
0.0
0.0
0.0
0.0
0.0
0.0
0.0
0.0
0.0
0.0
0.0
0.0
0.0
0.0
0.0
0.0
0.0
0.0
0.0
0.0
0.0
0.0
0.0
0.0
0.0
0.0
0.0
0.0
0.0
0.0
0.0
0.0
0.0
0.0
0.0
0.0
0.0
0.0
0.0
0.0
0.0
0.0
0.0
0.0
0.0
0.0
0.0
0.0
0.0
0.0
0.0
0.0
0.0
0.0
0.0
0.0
0.0
0.0
0.0
0.0
0.0
0.0
0.0
0.0
0.0
0.0
0.0
0.0
0.0
0.0
0.0
0.0
0.0
0.0
0.0
0.0
0.0
0.0
0.0
0.0
0.0
0.0
0.0
0.0
0.0
0.0
0.0
0.0
0.0
0.0
0.0
0.0
0.0
0.0
0.0
0.0
0.0
0.0
0.0
0.0
0.0
0.0
0.0
0.0
0.0
0.0
0.0
0.0
0.0
0.0
0.0
0.0
0.0
0.0
0.0
0.0
0.0
0.0
0.0
0.0
0.0
0.0
0.0
0.0
0.0
0.0
0.0
0.0
0.0
0.0
0.0
0.0
0.0
0.0
0.0
0.0
0.0
0.0
0.0
0.0
0.0
0.0
0.0
0.0
0.0
0.0
0.0
0.0
0.0
0.0
0.0
0.0
0.0
0.0
0.0
0.0
0.0
0.0
0.0
0.0
0.0
0.0
0.0
0.0
0.0
0.0
0.0
0.0
0.0
0.0
0.0
0.0
0.0
0.0
0.0
0.0
0.0
0.0
0.0
0.0
0.0
0.0
0.0
0.0
0.0
0.0
0.0
0.0
0.0
0.0
0.0
0.0
0.0
0.0
0.0
0.0
0.0
0.0
0.0
0.0
0.0
0.0
0.0
0.0
0.0
0.0
0.0
0.0
0.0
0.0
0.0
0.0
0.0
0.0
0.0
0.0
0.0
0.0
0.0
0.0
0.0
0.0
0.0
0.0
0.0
0.0
0.0
0.0
0.0
0.0
0.0
0.0
0.0
0.0
0.0
0.0
0.0
0.0
0.0
0.0
0.0
0.0
0.0
0.0
0.0
0.0
0.0
0.0
0.0
0.0
0.0
0.0
0.0
0.0
0.0
0.0
0.0
0.0
0.0
0.0
0.0
0.0
0.0
0.0
0.0
0.0
0.0
0.0
0.0
0.0
0.0
0.0
0.0
0.0
0.0
0.0
0.0
0.0
0.0
0.0
0.0
0.0
0.0
0.0
0.0
0.0
0.0
0.0
0.0
0.0
0.0
0.0
0.0
0.0
0.0
0.0
0.0
0.0
0.0
0.0
0.0
0.0
0.0
0.0
0.0
0.0
0.0
0.0
0.0
0.0
0.0
0.0
0.0
0.0
0.0
0.0
0.0
0.0
0.0
0.0
0.0
0.0
0.0
0.0
0.0
0.0
0.0
0.0
0.0
0.0
0.0
0.0
0.0
0.0
0.0
0.0
0.0
0.0
0.0
0.0
0.0
0.0
0.0
0.0
0.0
0.0
0.0
0.0
0.0
0.0
0.0
0.0
0.0
0.0
0.0
0.0
0.0
0.0
0.0
0.0
0.0
0.0
0.0
0.0
0.0
0.0
0.0
0.0
0.0
0.0
0.0
0.0
0.0
0.0
0.0
0.0
0.0
0.0
0.0
0.0
0.0
0.0
0.0
0.0
0.0
0.0
0.0
0.0
0.0
0.0
0.0
0.0
0.0
0.0
0.0
0.0
0.0
0.0
0.0
0.0
0.0
0.0
0.0
0.0
0.0
0.0
0.0
0.0
0.0
0.0
0.0
0.0
0.0
0.0
0.0
0.0
0.0
0.0
0.0
0.0
0.0
0.0
0.0
0.0
0.0
0.0
0.0
0.0
0.0
0.0
0.0
0.0
0.0
0.0
0.0
0.0
0.0
0.0
0.0
0.0
0.0
0.0
0.0
0.0
0.0
0.0
0.0
0.0
0.0
0.0
0.0
0.0
0.0
0.0
0.0
0.0
0.0
0.0
0.0
0.0
0.0
0.0
0.0
0.0
0.0
0.0
0.0
0.0
0.0
0.0
0.0
0.0
0.0
0.0
0.0
0.0
0.0
0.0
0.0
0.0
0.0
0.0
0.0
0.0
0.0
0.0
0.0
0.0
0.0
0.0
0.0
0.0
0.0
0.0
0.0
0.0
0.0
0.0
0.0
0.0
0.0
0.0
0.0
0.0
0.0
0.0
0.0
0.0
0.0
0.0
0.0
0.0
0.0
0.0
0.0
0.0
0.0
0.0
0.0
0.0
0.0
0.0
0.0
0.0
0.0
0.0
0.0
0.0
0.0
0.0
0.0
0.0
0.0
0.0
0.0
0.0
0.0
0.0
0.0
0.0
0.0
0.0
0.0
0.0
0.0
0.0
0.0
0.0
0.0
0.0
0.0
0.0
0.0
0.0
0.0
0.0
0.0
0.0
0.0
0.0
0.0
0.0
0.0
0.0
0.0
0.0
0.0
0.0
0.0
0.0
0.0
0.0
0.0
0.0
0.0
0.0
0.0
0.0
0.0
0.0
0.0
0.0
0.0
0.0
0.0
0.0
0.0
0.0
0.0
0.0
0.0
0.0
0.0
0.0
0.0
0.0
0.0
0.0
0.0
0.0
0.0
0.0
0.0
0.0
0.0
0.0
0.0
0.0
0.0
0.0
0.0
0.0
0.0
0.0
0.0
0.0
0.0
0.0
0.0
0.0
0.0
0.0
0.0
0.0
0.0
0.0
0.0
0.0
0.0
0.0
0.0
0.0
0.0
0.0
0.0
0.0
0.0
0.0
0.0
0.0
0.0
0.0
0.0
0.0
0.0
0.0
0.0
0.0
0.0
0.0
0.0
0.0
0.0
0.0
0.0
0.0
0.0
0.0
0.0
0.0
0.0
0.0
0.0
0.0
0.0
0.0
0.0
0.0
0.0
0.0
0.0
0.0
0.0
0.0
0.0
0.0
0.0
0.0
0.0
0.0
0.0
0.0
0.0
0.0
0.0
0.0
0.0
0.0
0.0
0.0
0.0
0.0
0.0
0.0
0.0
0.0
0.0
0.0
0.0
0.0
0.0
0.0
0.0
0.0
0.0
0.0
0.0
0.0
0.0
0.0
0.0
0.0
0.0
0.0
0.0
0.0
0.0
0.0
0.0
0.0
0.0
0.0
0.0
0.0
0.0
0.0
0.0
0.0
0.0
0.0
0.0
0.0
0.0
0.0
0.0
0.0
0.0
0.0
0.0
0.0
0.0
387450.0
0.0
0.0
0.0
0.0
0.0
0.0
0.0
0.0
0.0
0.0
0.0
0.0
0.0
0.0
0.0
0.0
0.0
0.0
0.0
0.0
0.0
0.0
0.0
0.0
0.0
0.0
0.0
0.0
0.0
0.0
0.0
0.0
0.0
0.0
0.0
0.0
0.0
0.0
0.0
0.0
0.0
0.0
0.0
0.0
0.0
0.0
0.0
0.0
0.0
0.0
0.0
0.0
0.0
0.0
0.0
0.0
0.0
0.0
0.0
0.0
0.0
0.0
0.0
0.0
0.0
0.0
0.0
0.0
0.0
0.0
0.0
0.0
0.0
0.0
0.0
0.0
0.0
0.0
0.0
0.0
0.0
0.0
0.0
0.0
0.0
0.0
0.0
0.0
0.0
0.0
0.0
0.0
0.0
0.0
395328.0
395329.0
0.0
395406.0
395407.0
395483.0
395484.0
395485.0
395486.0
0.0
0.0
0.0
0.0
0.0
395562.0
395563.0
395564.0
0.0
0.0
0.0
0.0
0.0
0.0
0.0
0.0
395640.0
395641.0
395642.0
0.0
0.0
0.0
0.0
0.0
0.0
0.0
0.0
0.0
395718.0
395719.0
395720.0
0.0
0.0
0.0
0.0
0.0
0.0
0.0
0.0
0.0
0.0
395796.0
395797.0
0.0
0.0
0.0
0.0
0.0
0.0
0.0
0.0
0.0
0.0
0.0
395875.0
395876.0
0.0
0.0
0.0
0.0
0.0
0.0
0.0
0.0
395953.0
395954.0
0.0
0.0
0.0
0.0
0.0
396032.0
396033.0
0.0
0.0
0.0
0.0
0.0
396110.0
396111.0
0.0
0.0
0.0
0.0
396188.0
0.0
0.0
0.0
0.0
0.0
0.0
0.0
0.0
0.0
0.0
0.0
0.0
0.0
0.0
0.0
0.0
0.0
0.0
0.0
0.0
0.0
0.0
0.0
0.0
0.0
0.0
0.0
0.0
0.0
0.0
0.0
0.0
0.0
0.0
0.0
0.0
0.0
0.0
0.0
0.0
0.0
0.0
0.0
0.0
0.0
0.0
0.0
0.0
0.0
0.0
0.0
0.0
0.0
0.0
0.0
0.0
0.0
0.0
0.0
0.0
0.0
0.0
0.0
0.0
0.0
0.0
0.0
0.0
0.0
0.0
0.0
0.0
0.0
0.0
0.0
0.0
0.0
0.0
0.0
0.0
0.0
0.0
0.0
0.0
0.0
0.0
0.0
403362.0
403363.0
0.0
403440.0
403517.0
403518.0
403519.0
403520.0
403521.0
0.0
403595.0
403596.0
403597.0
403598.0
0.0
0.0
0.0
0.0
0.0
403674.0
403675.0
403676.0
0.0
0.0
0.0
0.0
0.0
0.0
0.0
0.0
403752.0
403753.0
403754.0
0.0
0.0
0.0
0.0
0.0
0.0
0.0
403830.0
403831.0
403832.0
0.0
0.0
0.0
0.0
0.0
403908.0
403909.0
403910.0
0.0
0.0
0.0
0.0
0.0
403987.0
403988.0
0.0
0.0
0.0
0.0
0.0
0.0
404066.0
404067.0
0.0
0.0
0.0
0.0
0.0
0.0
404143.0
404144.0
404145.0
0.0
0.0
0.0
0.0
0.0
0.0
0.0
404222.0
404223.0
0.0
0.0
0.0
0.0
0.0
0.0
0.0
0.0
0.0
0.0
0.0
0.0
0.0
0.0
0.0
0.0
0.0
0.0
0.0
0.0
0.0
0.0
0.0
0.0
0.0
0.0
0.0
0.0
0.0
0.0
0.0
0.0
0.0
0.0
0.0
0.0
0.0
0.0
0.0
0.0
0.0
0.0
0.0
0.0
0.0
0.0
0.0
0.0
0.0
0.0
0.0
0.0
0.0
0.0
0.0
0.0
0.0
0.0
0.0
0.0
0.0
0.0
0.0
0.0
0.0
0.0
0.0
0.0
0.0
0.0
0.0
0.0
0.0
0.0
0.0
0.0
0.0
0.0
0.0
0.0
0.0
0.0
0.0
0.0
0.0
0.0
0.0
0.0
0.0
0.0
0.0
0.0
0.0
0.0
0.0
0.0
0.0
0.0
0.0
0.0
0.0
0.0
0.0
0.0
0.0
0.0
0.0
0.0
0.0
0.0
0.0
0.0
0.0
0.0
0.0
0.0
0.0
0.0
0.0
0.0
0.0
0.0
0.0
0.0
0.0
0.0
0.0
0.0
0.0
0.0
0.0
0.0
0.0
0.0
0.0
0.0
0.0
0.0
0.0
0.0
0.0
0.0
0.0
0.0
0.0
0.0
0.0
0.0
0.0
0.0
0.0
0.0
411396.0
411397.0
411474.0
411475.0
411552.0
411553.0
411554.0
411629.0
411630.0
411632.0
411708.0
411709.0
411710.0
411786.0
411787.0
411788.0
0.0
0.0
411864.0
411865.0
0.0
0.0
411943.0
411944.0
0.0
0.0
412021.0
412022.0
412023.0
0.0
0.0
0.0
0.0
0.0
412099.0
412101.0
0.0
0.0
0.0
0.0
0.0
0.0
0.0
0.0
412179.0
0.0
0.0
0.0
0.0
0.0
0.0
0.0
0.0
0.0
0.0
0.0
0.0
0.0
0.0
0.0
0.0
0.0
0.0
0.0
0.0
0.0
0.0
0.0
0.0
0.0
0.0
0.0
0.0
0.0
0.0
0.0
0.0
0.0
0.0
0.0
0.0
0.0
0.0
0.0
0.0
0.0
0.0
0.0
0.0
0.0
0.0
0.0
0.0
0.0
0.0
0.0
0.0
0.0
0.0
0.0
0.0
0.0
0.0
0.0
0.0
0.0
0.0
0.0
0.0
0.0
0.0
0.0
0.0
0.0
0.0
0.0
0.0
0.0
0.0
0.0
0.0
0.0
0.0
0.0
0.0
0.0
0.0
0.0
0.0
0.0
0.0
0.0
0.0
0.0
0.0
0.0
0.0
0.0
0.0
0.0
0.0
0.0
0.0
0.0
0.0
0.0
0.0
0.0
0.0
0.0
0.0
0.0
0.0
0.0
0.0
0.0
0.0
0.0
0.0
0.0
0.0
0.0
0.0
0.0
0.0
0.0
0.0
0.0
0.0
0.0
0.0
0.0
0.0
0.0
0.0
0.0
0.0
0.0
0.0
0.0
0.0
0.0
0.0
0.0
0.0
0.0
0.0
0.0
0.0
0.0
0.0
0.0
0.0
0.0
0.0
0.0
0.0
0.0
0.0
0.0
0.0
0.0
0.0
0.0
0.0
0.0
0.0
0.0
0.0
0.0
0.0
0.0
0.0
0.0
0.0
0.0
0.0
0.0
0.0
0.0
0.0
0.0
0.0
0.0
0.0
0.0
0.0
0.0
0.0
0.0
0.0
0.0
0.0
0.0
0.0
0.0
0.0
0.0
0.0
0.0
0.0
0.0
0.0
0.0
0.0
0.0
0.0
0.0
0.0
0.0
0.0
0.0
0.0
0.0
0.0
0.0
0.0
0.0
0.0
0.0
0.0
0.0
0.0
0.0
0.0
0.0
419586.0
419587.0
0.0
419664.0
419665.0
0.0
419742.0
419743.0
0.0
0.0
419819.0
419820.0
419821.0
0.0
0.0
0.0
419898.0
419899.0
0.0
0.0
0.0
419976.0
419977.0
0.0
0.0
0.0
0.0
0.0
0.0
0.0
0.0
0.0
0.0
0.0
0.0
0.0
0.0
0.0
0.0
0.0
0.0
0.0
0.0
0.0
0.0
0.0
0.0
0.0
0.0
0.0
0.0
0.0
0.0
0.0
0.0
0.0
0.0
0.0
0.0
0.0
0.0
0.0
0.0
0.0
0.0
0.0
0.0
0.0
0.0
0.0
0.0
0.0
0.0
0.0
0.0
0.0
0.0
0.0
0.0
0.0
0.0
0.0
0.0
0.0
0.0
0.0
0.0
0.0
0.0
0.0
0.0
0.0
0.0
0.0
0.0
0.0
0.0
0.0
0.0
0.0
0.0
0.0
0.0
0.0
0.0
0.0
0.0
0.0
0.0
0.0
0.0
0.0
0.0
0.0
0.0
0.0
0.0
0.0
0.0
0.0
0.0
0.0
0.0
0.0
0.0
0.0
0.0
0.0
0.0
0.0
0.0
0.0
0.0
0.0
0.0
0.0
0.0
0.0
0.0
0.0
0.0
0.0
0.0
0.0
0.0
0.0
0.0
0.0
0.0
0.0
0.0
0.0
0.0
0.0
0.0
0.0
0.0
0.0
0.0
0.0
0.0
0.0
0.0
0.0
0.0
0.0
0.0
0.0
0.0
0.0
0.0
0.0
0.0
0.0
0.0
0.0
0.0
0.0
0.0
0.0
0.0
0.0
0.0
0.0
0.0
0.0
0.0
0.0
0.0
0.0
0.0
0.0
0.0
0.0
0.0
0.0
0.0
0.0
0.0
0.0
0.0
0.0
0.0
0.0
0.0
0.0
0.0
0.0
0.0
0.0
0.0
0.0
0.0
0.0
0.0
0.0
0.0
0.0
0.0
0.0
0.0
0.0
0.0
0.0
0.0
0.0
0.0
0.0
0.0
0.0
0.0
0.0
0.0
0.0
0.0
0.0
0.0
0.0
0.0
0.0
0.0
0.0
0.0
0.0
0.0
0.0
0.0
0.0
0.0
427698.0
427699.0
0.0
0.0
427775.0
427776.0
427777.0
0.0
0.0
0.0
427853.0
427854.0
427855.0
0.0
0.0
0.0
427931.0
427932.0
427933.0
0.0
0.0
0.0
428010.0
428011.0
0.0
0.0
0.0
428088.0
428089.0
0.0
0.0
0.0
0.0
0.0
0.0
0.0
0.0
0.0
0.0
0.0
0.0
0.0
0.0
0.0
0.0
0.0
0.0
0.0
0.0
0.0
0.0
0.0
0.0
0.0
0.0
0.0
0.0
0.0
0.0
0.0
0.0
0.0
0.0
0.0
0.0
0.0
0.0
0.0
0.0
0.0
0.0
0.0
0.0
0.0
0.0
0.0
0.0
0.0
0.0
0.0
0.0
0.0
0.0
0.0
0.0
0.0
0.0
0.0
0.0
0.0
0.0
0.0
0.0
0.0
0.0
0.0
0.0
0.0
0.0
0.0
0.0
0.0
0.0
0.0
0.0
0.0
0.0
0.0
0.0
0.0
0.0
0.0
0.0
0.0
0.0
0.0
0.0
0.0
0.0
0.0
0.0
0.0
0.0
0.0
0.0
0.0
0.0
0.0
0.0
0.0
0.0
0.0
0.0
0.0
0.0
0.0
0.0
0.0
0.0
0.0
0.0
0.0
0.0
0.0
0.0
0.0
0.0
0.0
0.0
0.0
0.0
0.0
0.0
0.0
0.0
0.0
0.0
0.0
0.0
0.0
0.0
0.0
0.0
0.0
0.0
434722.0
0.0
0.0
0.0
0.0
0.0
0.0
0.0
0.0
0.0
0.0
434800.0
0.0
0.0
0.0
0.0
0.0
0.0
0.0
0.0
0.0
0.0
0.0
0.0
0.0
0.0
0.0
0.0
0.0
0.0
0.0
0.0
0.0
0.0
0.0
0.0
0.0
0.0
0.0
0.0
0.0
0.0
0.0
0.0
0.0
0.0
0.0
0.0
0.0
0.0
0.0
0.0
0.0
0.0
0.0
0.0
0.0
0.0
0.0
0.0
0.0
0.0
0.0
0.0
0.0
0.0
0.0
0.0
0.0
0.0
0.0
0.0
0.0
0.0
0.0
0.0
435513.0
435514.0
435515.0
435516.0
0.0
0.0
0.0
0.0
435592.0
0.0
0.0
0.0
0.0
0.0
0.0
0.0
0.0
0.0
435810.0
0.0
0.0
0.0
435887.0
435888.0
0.0
0.0
0.0
435965.0
435966.0
0.0
0.0
0.0
436044.0
436045.0
0.0
0.0
0.0
436122.0
0.0
0.0
0.0
0.0
0.0
0.0
0.0
0.0
0.0
0.0
0.0
0.0
0.0
0.0
0.0
0.0
0.0
0.0
0.0
0.0
0.0
0.0
0.0
0.0
0.0
0.0
0.0
0.0
0.0
0.0
0.0
0.0
0.0
0.0
0.0
0.0
0.0
0.0
0.0
0.0
0.0
0.0
0.0
0.0
0.0
0.0
0.0
0.0
0.0
0.0
0.0
0.0
0.0
0.0
0.0
0.0
0.0
0.0
0.0
0.0
0.0
0.0
0.0
0.0
0.0
0.0
0.0
0.0
0.0
0.0
0.0
0.0
0.0
0.0
0.0
0.0
0.0
0.0
0.0
0.0
0.0
0.0
0.0
0.0
0.0
0.0
0.0
0.0
0.0
0.0
0.0
0.0
0.0
0.0
0.0
0.0
0.0
0.0
0.0
0.0
0.0
0.0
0.0
0.0
0.0
0.0
0.0
0.0
0.0
0.0
0.0
0.0
0.0
0.0
0.0
0.0
0.0
0.0
0.0
0.0
0.0
0.0
0.0
0.0
0.0
0.0
0.0
0.0
0.0
0.0
442834.0
442836.0
442837.0
0.0
0.0
0.0
0.0
0.0
0.0
0.0
0.0
0.0
0.0
0.0
0.0
0.0
0.0
0.0
0.0
0.0
0.0
0.0
0.0
0.0
0.0
0.0
0.0
0.0
0.0
0.0
0.0
0.0
0.0
0.0
0.0
0.0
0.0
0.0
0.0
0.0
0.0
0.0
0.0
0.0
0.0
0.0
0.0
0.0
0.0
0.0
0.0
0.0
0.0
0.0
0.0
0.0
0.0
443469.0
443470.0
443471.0
443472.0
443473.0
0.0
0.0
0.0
443547.0
443548.0
443549.0
443550.0
443551.0
0.0
0.0
0.0
0.0
443625.0
443626.0
443627.0
443628.0
443629.0
0.0
0.0
0.0
0.0
443703.0
443704.0
443705.0
443707.0
0.0
0.0
0.0
443767.0
443768.0
443781.0
443782.0
443783.0
0.0
443845.0
443846.0
443859.0
443860.0
443861.0
443921.0
443922.0
443923.0
0.0
0.0
443936.0
443937.0
443938.0
443939.0
443999.0
444000.0
0.0
0.0
444077.0
444078.0
0.0
0.0
0.0
444155.0
444156.0
0.0
0.0
0.0
444234.0
0.0
0.0
0.0
444312.0
0.0
0.0
0.0
0.0
0.0
0.0
0.0
0.0
0.0
0.0
0.0
0.0
0.0
0.0
0.0
0.0
0.0
0.0
0.0
0.0
0.0
0.0
444623.0
0.0
0.0
0.0
0.0
0.0
0.0
0.0
444701.0
444702.0
0.0
0.0
0.0
0.0
0.0
0.0
0.0
0.0
0.0
0.0
0.0
0.0
0.0
0.0
0.0
0.0
0.0
0.0
0.0
0.0
0.0
0.0
0.0
0.0
0.0
0.0
0.0
0.0
0.0
0.0
0.0
0.0
0.0
0.0
0.0
0.0
0.0
0.0
0.0
0.0
0.0
0.0
0.0
0.0
0.0
0.0
0.0
0.0
450636.0
450637.0
450638.0
0.0
0.0
0.0
0.0
0.0
0.0
0.0
0.0
450712.0
450713.0
450714.0
450715.0
0.0
0.0
0.0
0.0
0.0
0.0
0.0
0.0
0.0
0.0
0.0
0.0
450791.0
450792.0
450793.0
0.0
0.0
0.0
0.0
0.0
0.0
0.0
0.0
0.0
0.0
0.0
0.0
0.0
0.0
0.0
450870.0
450871.0
0.0
0.0
0.0
0.0
0.0
0.0
0.0
0.0
0.0
0.0
0.0
0.0
0.0
0.0
0.0
0.0
0.0
0.0
0.0
0.0
0.0
0.0
0.0
0.0
0.0
0.0
0.0
0.0
0.0
0.0
0.0
0.0
0.0
0.0
0.0
0.0
0.0
0.0
0.0
0.0
0.0
0.0
0.0
0.0
0.0
0.0
0.0
0.0
0.0
0.0
0.0
0.0
0.0
0.0
0.0
0.0
0.0
0.0
0.0
0.0
0.0
0.0
0.0
0.0
451425.0
451426.0
451427.0
0.0
0.0
0.0
0.0
451492.0
451493.0
451494.0
451495.0
451496.0
451503.0
451504.0
451505.0
0.0
0.0
0.0
451570.0
451571.0
451572.0
451573.0
451574.0
451581.0
451584.0
451585.0
0.0
0.0
0.0
451649.0
451659.0
451660.0
451661.0
451662.0
451663.0
0.0
0.0
0.0
451723.0
451737.0
451738.0
451739.0
451741.0
0.0
0.0
451800.0
451801.0
451802.0
451811.0
451812.0
451815.0
451816.0
451817.0
0.0
451877.0
451878.0
451879.0
451880.0
451889.0
451890.0
451891.0
451892.0
451893.0
451894.0
451895.0
451956.0
451957.0
451958.0
451968.0
451969.0
451970.0
451971.0
451972.0
451973.0
452034.0
452035.0
452047.0
452048.0
452049.0
452050.0
452111.0
452112.0
452189.0
452190.0
0.0
0.0
452267.0
452268.0
0.0
0.0
452345.0
452346.0
0.0
0.0
452423.0
0.0
0.0
0.0
0.0
0.0
0.0
0.0
0.0
452579.0
0.0
0.0
0.0
0.0
0.0
452657.0
0.0
452659.0
0.0
0.0
0.0
0.0
452735.0
452736.0
0.0
0.0
0.0
0.0
0.0
452813.0
452814.0
0.0
0.0
0.0
0.0
0.0
452891.0
452892.0
0.0
0.0
0.0
0.0
0.0
0.0
0.0
0.0
0.0
0.0
0.0
0.0
0.0
0.0
0.0
0.0
0.0
0.0
0.0
0.0
0.0
0.0
0.0
0.0
0.0
0.0
0.0
0.0
0.0
0.0
0.0
0.0
0.0
0.0
0.0
0.0
0.0
0.0
0.0
0.0
458594.0
0.0
0.0
0.0
458671.0
458672.0
458673.0
0.0
0.0
0.0
0.0
0.0
0.0
0.0
458746.0
458747.0
458748.0
458749.0
458750.0
458751.0
458752.0
0.0
0.0
0.0
0.0
0.0
0.0
0.0
0.0
0.0
458824.0
458825.0
458826.0
458827.0
0.0
0.0
0.0
0.0
0.0
0.0
0.0
0.0
0.0
0.0
0.0
0.0
458902.0
458903.0
458904.0
0.0
0.0
0.0
0.0
0.0
0.0
0.0
0.0
0.0
0.0
0.0
0.0
0.0
0.0
0.0
458980.0
458981.0
0.0
0.0
0.0
0.0
0.0
0.0
0.0
0.0
0.0
0.0
0.0
0.0
0.0
0.0
459059.0
0.0
0.0
0.0
0.0
0.0
0.0
0.0
0.0
459135.0
459136.0
459137.0
0.0
0.0
0.0
0.0
0.0
0.0
0.0
459214.0
459215.0
0.0
0.0
0.0
0.0
0.0
0.0
0.0
0.0
0.0
0.0
0.0
0.0
0.0
459446.0
459447.0
459448.0
459451.0
459452.0
459459.0
459460.0
459461.0
0.0
0.0
0.0
0.0
459524.0
459525.0
459526.0
459527.0
459528.0
459529.0
459530.0
459531.0
459532.0
459537.0
459539.0
459540.0
0.0
0.0
0.0
0.0
459602.0
459603.0
459604.0
459605.0
459606.0
459607.0
459608.0
459609.0
459615.0
459617.0
0.0
0.0
459681.0
459682.0
459683.0
459684.0
459685.0
459686.0
459688.0
459689.0
459690.0
459693.0
459694.0
459695.0
459696.0
459754.0
459755.0
0.0
459765.0
459766.0
459767.0
459768.0
459769.0
459771.0
459772.0
459773.0
459774.0
459832.0
459833.0
459834.0
459835.0
459836.0
459843.0
459844.0
459845.0
459846.0
459847.0
459848.0
459849.0
459850.0
459851.0
459852.0
459910.0
459911.0
459912.0
459913.0
459914.0
459921.0
459922.0
459923.0
459924.0
459925.0
459926.0
459927.0
459928.0
459929.0
459930.0
459990.0
459991.0
459992.0
459999.0
460000.0
460001.0
460002.0
460003.0
460004.0
460005.0
460006.0
460007.0
460068.0
460069.0
460070.0
460080.0
460081.0
460082.0
460083.0
460084.0
460145.0
460146.0
460147.0
460148.0
460223.0
460224.0
460301.0
460302.0
460379.0
460380.0
0.0
0.0
460457.0
460458.0
0.0
0.0
0.0
0.0
0.0
0.0
0.0
460613.0
460614.0
460615.0
0.0
0.0
460691.0
460692.0
460693.0
0.0
0.0
0.0
460769.0
460770.0
0.0
0.0
0.0
0.0
460847.0
460848.0
0.0
0.0
0.0
0.0
460924.0
460925.0
0.0
0.0
0.0
0.0
461002.0
461003.0
0.0
0.0
0.0
0.0
461080.0
0.0
0.0
0.0
0.0
0.0
0.0
0.0
0.0
0.0
0.0
0.0
0.0
0.0
0.0
0.0
0.0
0.0
0.0
0.0
0.0
0.0
0.0
0.0
0.0
0.0
0.0
0.0
0.0
0.0
0.0
0.0
0.0
0.0
0.0
0.0
0.0
0.0
466706.0
466707.0
466708.0
0.0
466781.0
466782.0
466783.0
466784.0
466785.0
466786.0
0.0
0.0
0.0
0.0
0.0
0.0
466858.0
466859.0
466860.0
466861.0
466862.0
466863.0
466864.0
0.0
0.0
0.0
0.0
0.0
0.0
0.0
0.0
0.0
0.0
466936.0
466938.0
466939.0
466940.0
466941.0
466942.0
0.0
466944.0
466945.0
466946.0
0.0
0.0
0.0
0.0
0.0
0.0
0.0
0.0
0.0
0.0
467014.0
467015.0
467017.0
467018.0
467020.0
467021.0
467022.0
467023.0
0.0
0.0
0.0
0.0
0.0
0.0
0.0
0.0
0.0
0.0
0.0
0.0
467092.0
467093.0
467095.0
467096.0
467098.0
467099.0
467100.0
0.0
0.0
0.0
0.0
0.0
0.0
467107.0
0.0
0.0
467169.0
467170.0
467171.0
467173.0
467174.0
467176.0
467177.0
467178.0
467179.0
467180.0
0.0
0.0
0.0
467184.0
467185.0
0.0
0.0
467247.0
467248.0
467249.0
467255.0
467256.0
0.0
0.0
0.0
0.0
467261.0
467262.0
467319.0
0.0
0.0
0.0
467325.0
467326.0
467327.0
0.0
0.0
0.0
0.0
0.0
0.0
0.0
467401.0
467402.0
467407.0
467408.0
0.0
0.0
467478.0
467479.0
467480.0
467481.0
467482.0
467484.0
467485.0
467486.0
467487.0
467493.0
467494.0
467495.0
0.0
0.0
467557.0
467558.0
467559.0
467560.0
467561.0
467562.0
467563.0
467564.0
467565.0
467566.0
467571.0
467572.0
0.0
0.0
0.0
0.0
467636.0
467637.0
467639.0
467640.0
467641.0
467642.0
467643.0
467649.0
467650.0
0.0
0.0
0.0
0.0
0.0
467715.0
467716.0
467717.0
467719.0
467720.0
467722.0
467723.0
467724.0
467725.0
467727.0
467728.0
467729.0
467788.0
467789.0
0.0
467799.0
467800.0
467801.0
467802.0
467803.0
467804.0
467805.0
467806.0
467807.0
467866.0
467867.0
467868.0
467876.0
467877.0
467878.0
467879.0
467880.0
467881.0
467882.0
467883.0
467884.0
467944.0
467945.0
467946.0
467947.0
467954.0
467955.0
467956.0
467957.0
467958.0
467959.0
467960.0
467961.0
467962.0
467963.0
467964.0
468022.0
468023.0
468024.0
468025.0
468026.0
468032.0
468033.0
468034.0
468035.0
468036.0
468037.0
468038.0
468039.0
468040.0
468041.0
468101.0
468102.0
468103.0
468104.0
468111.0
468112.0
468115.0
468116.0
468117.0
468118.0
468179.0
468180.0
468181.0
468182.0
468195.0
468257.0
468258.0
468259.0
468260.0
468335.0
468336.0
468413.0
468414.0
0.0
0.0
0.0
0.0
0.0
468571.0
0.0
468647.0
468648.0
468649.0
0.0
0.0
468725.0
468726.0
468727.0
0.0
0.0
468802.0
468803.0
0.0
0.0
0.0
0.0
468880.0
468881.0
0.0
0.0
0.0
468958.0
468959.0
0.0
0.0
0.0
0.0
469036.0
469037.0
0.0
0.0
0.0
0.0
469114.0
469115.0
0.0
0.0
0.0
0.0
0.0
0.0
0.0
0.0
0.0
0.0
0.0
0.0
0.0
0.0
0.0
0.0
0.0
0.0
0.0
0.0
0.0
0.0
0.0
0.0
0.0
0.0
0.0
0.0
0.0
0.0
0.0
0.0
0.0
0.0
0.0
0.0
0.0
0.0
0.0
0.0
0.0
0.0
0.0
0.0
0.0
0.0
0.0
0.0
474818.0
474892.0
474893.0
474894.0
474895.0
474896.0
474897.0
474898.0
0.0
474900.0
0.0
0.0
474969.0
474970.0
474971.0
474972.0
474973.0
474974.0
474975.0
474976.0
0.0
474978.0
474979.0
474980.0
0.0
0.0
0.0
0.0
0.0
475048.0
475049.0
475050.0
475051.0
475052.0
475053.0
475054.0
475055.0
475056.0
475057.0
0.0
0.0
0.0
0.0
0.0
475063.0
0.0
0.0
0.0
0.0
0.0
475129.0
475130.0
475131.0
475132.0
475133.0
475134.0
0.0
0.0
0.0
0.0
0.0
475140.0
475141.0
0.0
475198.0
0.0
0.0
0.0
475204.0
475205.0
475207.0
475208.0
475209.0
475210.0
475211.0
475212.0
475213.0
475214.0
0.0
0.0
475217.0
475218.0
0.0
0.0
0.0
475277.0
0.0
475281.0
475282.0
475283.0
475289.0
475290.0
475291.0
475292.0
475294.0
475295.0
0.0
0.0
475359.0
475360.0
475361.0
475365.0
475366.0
475369.0
475370.0
0.0
475372.0
475373.0
475431.0
475432.0
475433.0
475434.0
475435.0
475436.0
475438.0
475439.0
475441.0
475442.0
475443.0
475444.0
475450.0
475451.0
475452.0
0.0
0.0
475511.0
475512.0
475513.0
475514.0
475515.0
475518.0
475519.0
475520.0
475521.0
475522.0
475526.0
475527.0
475528.0
475529.0
475530.0
0.0
0.0
475590.0
475591.0
475592.0
475593.0
475594.0
475595.0
475596.0
475598.0
475599.0
475602.0
475603.0
475605.0
475606.0
0.0
0.0
0.0
475669.0
475670.0
475671.0
475672.0
475673.0
475674.0
475675.0
475676.0
475678.0
475679.0
475680.0
475683.0
475684.0
0.0
0.0
0.0
0.0
475748.0
475749.0
475750.0
475751.0
475752.0
475753.0
475754.0
475755.0
475756.0
475757.0
475758.0
475759.0
475760.0
475761.0
475762.0
0.0
0.0
0.0
475828.0
475829.0
475830.0
475832.0
475833.0
475834.0
475836.0
475837.0
475838.0
475839.0
475840.0
475900.0
475901.0
475902.0
475906.0
475907.0
475908.0
475910.0
475911.0
475912.0
475913.0
475914.0
475915.0
475916.0
475917.0
475918.0
475978.0
475979.0
475984.0
475985.0
475988.0
475989.0
475990.0
475991.0
475992.0
475993.0
475995.0
475996.0
475997.0
476056.0
476057.0
476058.0
476059.0
476066.0
476067.0
476068.0
476070.0
476071.0
476072.0
476073.0
476074.0
476135.0
476136.0
476137.0
476138.0
476141.0
476142.0
476144.0
476145.0
476146.0
476149.0
476150.0
476151.0
476152.0
476213.0
476214.0
476215.0
476216.0
476219.0
476223.0
476227.0
476228.0
476229.0
0.0
476292.0
476293.0
476294.0
476369.0
476370.0
0.0
0.0
476447.0
476448.0
0.0
476525.0
476526.0
476603.0
476604.0
476605.0
476606.0
476681.0
476682.0
476683.0
476684.0
476758.0
476759.0
476760.0
476761.0
476762.0
476836.0
476837.0
476838.0
0.0
0.0
476914.0
476915.0
0.0
0.0
0.0
476992.0
476993.0
0.0
0.0
477070.0
477071.0
0.0
0.0
0.0
477148.0
477149.0
0.0
477225.0
477226.0
477303.0
477304.0
477381.0
477382.0
0.0
0.0
0.0
0.0
0.0
0.0
0.0
0.0
0.0
0.0
0.0
0.0
0.0
0.0
0.0
0.0
0.0
0.0
0.0
0.0
0.0
0.0
0.0
0.0
0.0
0.0
0.0
0.0
0.0
0.0
0.0
0.0
0.0
0.0
0.0
0.0
0.0
0.0
0.0
0.0
0.0
0.0
0.0
0.0
0.0
483004.0
483005.0
483006.0
483007.0
483008.0
483009.0
0.0
483081.0
483082.0
483083.0
483084.0
483085.0
483086.0
483087.0
483088.0
483089.0
483091.0
0.0
0.0
0.0
0.0
0.0
483159.0
483160.0
483161.0
483162.0
483163.0
483164.0
483165.0
483166.0
483167.0
483168.0
0.0
0.0
0.0
483173.0
483174.0
483175.0
483233.0
483234.0
0.0
0.0
483239.0
483240.0
483241.0
483242.0
483243.0
483244.0
483245.0
483246.0
483247.0
483248.0
483250.0
483251.0
483252.0
483310.0
483311.0
483312.0
0.0
0.0
0.0
483316.0
483317.0
483319.0
483320.0
483324.0
483325.0
483326.0
483327.0
483328.0
0.0
483388.0
483389.0
483392.0
483393.0
483394.0
483395.0
483399.0
483400.0
483404.0
483405.0
483407.0
483465.0
483466.0
483467.0
483468.0
483469.0
483470.0
483471.0
483472.0
483473.0
483475.0
483476.0
483477.0
483478.0
483479.0
483480.0
483484.0
483485.0
483543.0
483544.0
483545.0
483546.0
483547.0
483548.0
483549.0
483550.0
483551.0
483552.0
483553.0
483554.0
483555.0
483556.0
483557.0
483558.0
483559.0
483560.0
483561.0
483562.0
483563.0
0.0
483622.0
483623.0
483624.0
483625.0
483626.0
483627.0
483628.0
483629.0
483630.0
483631.0
483632.0
483633.0
483635.0
483636.0
483637.0
483638.0
483639.0
483640.0
0.0
0.0
0.0
483703.0
483704.0
483705.0
483706.0
483707.0
483709.0
483710.0
483711.0
483712.0
483713.0
483714.0
483715.0
0.0
0.0
0.0
0.0
483782.0
483783.0
483784.0
483785.0
483786.0
483787.0
483788.0
483789.0
483790.0
483791.0
483792.0
483793.0
483794.0
483795.0
483796.0
483856.0
0.0
0.0
0.0
483862.0
483863.0
483864.0
483865.0
483866.0
483867.0
483871.0
483872.0
483873.0
483934.0
483935.0
0.0
483939.0
483940.0
483941.0
483942.0
483944.0
483945.0
483948.0
483949.0
483951.0
483952.0
484012.0
484013.0
484017.0
484018.0
484019.0
484020.0
484021.0
484022.0
484023.0
484024.0
484026.0
484027.0
484028.0
484029.0
484030.0
484090.0
484091.0
484092.0
484095.0
484096.0
484097.0
484098.0
484099.0
484100.0
484101.0
484102.0
484104.0
484105.0
484106.0
484107.0
484169.0
484170.0
484171.0
484172.0
484173.0
484174.0
484175.0
484176.0
484177.0
484178.0
484179.0
484180.0
484182.0
484183.0
484184.0
484185.0
484248.0
484249.0
484250.0
484251.0
484252.0
484253.0
484254.0
484255.0
484256.0
484257.0
484260.0
484261.0
484262.0
484324.0
484325.0
484326.0
484327.0
484328.0
484330.0
484331.0
484332.0
484333.0
484402.0
484403.0
484404.0
0.0
484406.0
484480.0
484481.0
484482.0
0.0
484484.0
484559.0
484560.0
484637.0
484638.0
484639.0
484716.0
484717.0
484718.0
484792.0
484793.0
484794.0
484795.0
484796.0
484870.0
484871.0
484872.0
484873.0
484874.0
484948.0
484949.0
485026.0
485027.0
485104.0
485105.0
485106.0
485182.0
485183.0
485184.0
485260.0
485261.0
485262.0
485337.0
485338.0
485339.0
485415.0
485416.0
485493.0
485494.0
0.0
0.0
0.0
0.0
0.0
0.0
0.0
0.0
0.0
0.0
0.0
0.0
0.0
0.0
0.0
0.0
0.0
0.0
0.0
0.0
0.0
0.0
0.0
0.0
0.0
0.0
0.0
0.0
0.0
0.0
0.0
0.0
0.0
491117.0
491118.0
491193.0
491194.0
491195.0
491196.0
491198.0
491199.0
491200.0
491201.0
491202.0
491207.0
0.0
0.0
0.0
491271.0
491272.0
491273.0
491274.0
491275.0
491276.0
491277.0
491278.0
491279.0
491280.0
491281.0
491282.0
491284.0
491285.0
0.0
491345.0
491346.0
491347.0
491348.0
491349.0
491350.0
491351.0
491352.0
491353.0
491354.0
491355.0
491358.0
491359.0
491360.0
491361.0
491362.0
491363.0
491364.0
491422.0
491423.0
491424.0
491425.0
491426.0
491427.0
491428.0
491429.0
491433.0
491434.0
491438.0
491439.0
491441.0
491499.0
491500.0
491501.0
491502.0
491503.0
491504.0
491505.0
491506.0
491507.0
491509.0
491510.0
491511.0
491512.0
491513.0
491514.0
491515.0
491518.0
491519.0
491577.0
491578.0
491579.0
491580.0
491581.0
491582.0
491583.0
491584.0
491585.0
491586.0
491587.0
491588.0
491589.0
491590.0
491591.0
491592.0
491593.0
491594.0
491596.0
491597.0
491655.0
491656.0
491657.0
491658.0
491659.0
491660.0
491661.0
491662.0
491663.0
491664.0
491665.0
491666.0
491667.0
491668.0
491669.0
491670.0
491672.0
491674.0
0.0
0.0
0.0
491737.0
491738.0
491739.0
491740.0
491741.0
491742.0
491743.0
491744.0
491745.0
491746.0
491747.0
491748.0
491750.0
491751.0
491752.0
0.0
0.0
0.0
0.0
491816.0
491817.0
491818.0
491820.0
491821.0
491822.0
491823.0
491824.0
491826.0
491827.0
491828.0
491829.0
491830.0
0.0
0.0
0.0
0.0
491895.0
491896.0
491897.0
491898.0
491899.0
491900.0
491901.0
491902.0
491903.0
491904.0
491906.0
0.0
0.0
0.0
491973.0
491974.0
491976.0
491977.0
491978.0
491979.0
491980.0
491982.0
491984.0
491985.0
491986.0
492046.0
492047.0
492050.0
492051.0
492052.0
492053.0
492054.0
492055.0
492056.0
492057.0
492058.0
492060.0
492061.0
492124.0
492125.0
492126.0
492128.0
492129.0
492130.0
492131.0
492132.0
492133.0
492134.0
492135.0
492136.0
492138.0
492139.0
492140.0
492141.0
492202.0
492203.0
492204.0
492205.0
492206.0
492207.0
492208.0
492209.0
492210.0
492212.0
492213.0
492214.0
492216.0
492217.0
492218.0
492281.0
492282.0
492283.0
492285.0
492286.0
492287.0
492288.0
492289.0
492290.0
492291.0
492294.0
492295.0
492296.0
492359.0
492360.0
492361.0
492362.0
492363.0
492364.0
492365.0
492366.0
492367.0
492436.0
492437.0
492438.0
492439.0
492440.0
492514.0
492515.0
492516.0
0.0
492518.0
492592.0
492593.0
492594.0
0.0
492670.0
492671.0
492672.0
492673.0
492749.0
492750.0
492751.0
492752.0
492827.0
492828.0
492829.0
492830.0
492904.0
492905.0
492906.0
492907.0
492908.0
492982.0
492983.0
492984.0
492985.0
492986.0
493060.0
493061.0
493138.0
493139.0
493140.0
493216.0
493217.0
493218.0
493219.0
493294.0
493295.0
493296.0
493297.0
493372.0
493373.0
493374.0
493375.0
493449.0
493450.0
493451.0
493452.0
493453.0
493527.0
493528.0
493529.0
493530.0
493531.0
493606.0
493607.0
493608.0
493609.0
493685.0
493686.0
0.0
0.0
0.0
0.0
0.0
0.0
0.0
0.0
0.0
0.0
0.0
0.0
0.0
0.0
0.0
0.0
0.0
0.0
0.0
0.0
0.0
0.0
0.0
0.0
0.0
0.0
0.0
0.0
0.0
0.0
0.0
0.0
0.0
0.0
0.0
0.0
0.0
0.0
499234.0
499306.0
499307.0
499308.0
499309.0
499310.0
499311.0
499312.0
499313.0
499314.0
499315.0
0.0
499380.0
499381.0
499382.0
499383.0
499384.0
499385.0
499386.0
499387.0
499388.0
499389.0
499390.0
499391.0
499392.0
499393.0
499394.0
499395.0
499396.0
499397.0
499398.0
499457.0
499458.0
499459.0
499460.0
499461.0
499462.0
499463.0
499464.0
499465.0
499466.0
499470.0
499471.0
499472.0
499473.0
499474.0
499475.0
499534.0
499536.0
499537.0
499538.0
499539.0
499540.0
499541.0
499543.0
499544.0
499545.0
499546.0
499547.0
499548.0
499549.0
499552.0
499553.0
499611.0
499612.0
499613.0
499614.0
499615.0
499616.0
499617.0
499618.0
499619.0
499620.0
499621.0
499622.0
499623.0
499624.0
499625.0
499626.0
499627.0
499628.0
499630.0
499689.0
499690.0
499691.0
499692.0
499693.0
499694.0
499695.0
499696.0
499697.0
499698.0
499699.0
499701.0
499702.0
499703.0
499704.0
499706.0
499707.0
499708.0
0.0
0.0
0.0
499771.0
499772.0
499773.0
499774.0
499775.0
499776.0
499777.0
499778.0
499779.0
499780.0
499781.0
499782.0
499784.0
499785.0
499786.0
0.0
0.0
0.0
0.0
499850.0
499851.0
499852.0
499855.0
499856.0
499857.0
499858.0
499859.0
499860.0
499861.0
499862.0
499863.0
0.0
0.0
0.0
499932.0
499933.0
499934.0
499935.0
499936.0
499937.0
499938.0
0.0
0.0
0.0
500006.0
500007.0
500008.0
500009.0
500010.0
500011.0
500012.0
500013.0
500014.0
500015.0
500016.0
500017.0
0.0
0.0
500083.0
500084.0
500085.0
500086.0
500087.0
500088.0
500089.0
500090.0
500091.0
500092.0
500093.0
500094.0
500095.0
0.0
500159.0
500161.0
500162.0
500163.0
500164.0
500165.0
500166.0
500167.0
500168.0
500169.0
500171.0
500172.0
500173.0
500174.0
500175.0
500236.0
500237.0
500238.0
500240.0
500241.0
500242.0
500243.0
500244.0
500245.0
500246.0
500247.0
500249.0
500250.0
500251.0
500252.0
500314.0
500315.0
500316.0
500317.0
500318.0
500319.0
500320.0
500321.0
500322.0
500323.0
500324.0
500325.0
500328.0
500329.0
500330.0
500392.0
500393.0
500394.0
500395.0
500397.0
500398.0
500400.0
500401.0
500471.0
500472.0
500473.0
500474.0
500548.0
500549.0
500550.0
500551.0
500552.0
500626.0
500627.0
500628.0
0.0
500630.0
500704.0
500705.0
500782.0
500783.0
500784.0
500860.0
500861.0
500862.0
500863.0
500939.0
500940.0
500941.0
500942.0
501016.0
501017.0
501018.0
501019.0
501020.0
501093.0
501094.0
501095.0
501096.0
501097.0
501171.0
501172.0
501173.0
501249.0
501250.0
501251.0
501252.0
501253.0
501327.0
501328.0
501329.0
501330.0
501331.0
501405.0
501406.0
501407.0
501408.0
501409.0
501410.0
501484.0
501485.0
501486.0
501487.0
501488.0
501562.0
501563.0
501564.0
501565.0
501566.0
501639.0
501640.0
501641.0
501642.0
501643.0
501644.0
501718.0
501720.0
501721.0
501799.0
501877.0
0.0
0.0
0.0
0.0
0.0
0.0
0.0
0.0
0.0
0.0
0.0
0.0
0.0
0.0
0.0
0.0
0.0
0.0
0.0
0.0
0.0
0.0
0.0
0.0
0.0
0.0
0.0
0.0
0.0
0.0
0.0
0.0
0.0
0.0
0.0
0.0
0.0
0.0
507419.0
507420.0
507421.0
507422.0
507423.0
507424.0
507425.0
507426.0
507427.0
507428.0
507430.0
507431.0
507496.0
507497.0
507498.0
507499.0
507500.0
507501.0
507502.0
507503.0
507504.0
507505.0
507506.0
507507.0
507508.0
507509.0
507574.0
507575.0
507576.0
507577.0
507578.0
507579.0
507580.0
507581.0
507582.0
507583.0
507584.0
507585.0
507586.0
507587.0
507648.0
507649.0
507652.0
507653.0
507654.0
507655.0
507656.0
507657.0
507658.0
507659.0
507660.0
507661.0
507662.0
507663.0
507664.0
507724.0
0.0
507727.0
507728.0
507730.0
507731.0
507732.0
507735.0
507736.0
507737.0
507739.0
507740.0
507741.0
507742.0
0.0
0.0
0.0
0.0
507806.0
507807.0
507809.0
507812.0
507813.0
507814.0
507815.0
507816.0
507818.0
507819.0
0.0
0.0
0.0
0.0
507885.0
507888.0
507889.0
507890.0
507891.0
507892.0
507893.0
507894.0
0.0
0.0
0.0
507962.0
507963.0
507966.0
507967.0
507968.0
507969.0
507970.0
507971.0
507972.0
0.0
0.0
0.0
508040.0
508041.0
508042.0
508043.0
508044.0
508045.0
508046.0
508047.0
508049.0
508050.0
0.0
0.0
508117.0
508118.0
508120.0
508121.0
508122.0
508123.0
508124.0
508125.0
508127.0
508128.0
0.0
0.0
508195.0
508196.0
508197.0
508198.0
508200.0
508201.0
508202.0
508203.0
508208.0
508209.0
0.0
0.0
508273.0
508274.0
508275.0
508276.0
508278.0
508279.0
508280.0
508283.0
508284.0
508285.0
508286.0
508287.0
508348.0
508349.0
508351.0
508352.0
508353.0
508354.0
508362.0
508363.0
508364.0
508426.0
508427.0
508428.0
508429.0
508430.0
508431.0
508432.0
508504.0
508505.0
508506.0
508507.0
508508.0
508583.0
508584.0
508585.0
508586.0
508661.0
508662.0
0.0
508664.0
508738.0
508739.0
508740.0
508741.0
508742.0
508815.0
508816.0
508817.0
508818.0
508819.0
508820.0
508893.0
508894.0
508895.0
508897.0
508971.0
508973.0
508974.0
508975.0
509050.0
509051.0
509052.0
509053.0
509128.0
509129.0
509130.0
509131.0
509205.0
509206.0
509207.0
509208.0
0.0
0.0
509285.0
509361.0
509362.0
509363.0
509364.0
509365.0
509439.0
509440.0
509441.0
509442.0
509443.0
509444.0
509520.0
509521.0
509522.0
509598.0
509599.0
509600.0
509676.0
509677.0
509678.0
509753.0
509754.0
509755.0
509756.0
509830.0
509831.0
509832.0
509833.0
509909.0
509911.0
0.0
0.0
0.0
0.0
0.0
0.0
0.0
0.0
0.0
0.0
0.0
0.0
0.0
0.0
0.0
0.0
0.0
0.0
0.0
0.0
0.0
0.0
0.0
0.0
515534.0
515535.0
515536.0
515539.0
515540.0
515610.0
515611.0
515612.0
515613.0
515614.0
515615.0
515616.0
515617.0
515618.0
515619.0
515620.0
515687.0
515688.0
515689.0
515690.0
515693.0
515694.0
515695.0
515696.0
515697.0
515698.0
515762.0
515763.0
515765.0
515767.0
515768.0
515769.0
515770.0
515771.0
515774.0
515775.0
0.0
0.0
0.0
515840.0
515841.0
515844.0
515845.0
515846.0
515847.0
515848.0
515849.0
515850.0
0.0
0.0
515918.0
515919.0
515923.0
515924.0
515925.0
515927.0
515928.0
0.0
515994.0
515995.0
515996.0
515997.0
516001.0
516002.0
516003.0
516006.0
0.0
0.0
516072.0
516073.0
516074.0
516075.0
516076.0
516079.0
516080.0
516081.0
516084.0
0.0
0.0
516152.0
516154.0
516155.0
516157.0
516158.0
516159.0
0.0
0.0
516229.0
516230.0
516231.0
516241.0
516242.0
516243.0
0.0
0.0
516307.0
516308.0
516309.0
516318.0
516319.0
516320.0
516321.0
0.0
0.0
516385.0
516386.0
516387.0
516388.0
516397.0
516398.0
516399.0
516460.0
516461.0
516463.0
516464.0
516465.0
516538.0
516539.0
516540.0
516541.0
516616.0
516617.0
516618.0
516619.0
516620.0
516695.0
516697.0
516698.0
516772.0
516773.0
516774.0
516775.0
516776.0
516849.0
516850.0
516851.0
516852.0
516853.0
516854.0
516927.0
516928.0
516929.0
516930.0
516931.0
516932.0
517005.0
517006.0
517007.0
517008.0
517083.0
517084.0
517085.0
517086.0
517162.0
517163.0
517164.0
517165.0
517240.0
517241.0
517242.0
517317.0
517318.0
517319.0
517394.0
517395.0
517396.0
517398.0
517399.0
517472.0
517473.0
0.0
517475.0
517476.0
517477.0
517554.0
517555.0
517787.0
517788.0
517865.0
517866.0
517943.0
518022.0
0.0
0.0
0.0
523801.0
523803.0
0.0
523874.0
523875.0
523877.0
523878.0
523879.0
0.0
523952.0
523953.0
523956.0
524027.0
524028.0
524029.0
524030.0
524031.0
524105.0
524106.0
524107.0
524108.0
524109.0
0.0
524183.0
524184.0
0.0
0.0
524263.0
524264.0
524277.0
0.0
0.0
524340.0
524341.0
524342.0
524343.0
524353.0
524355.0
0.0
0.0
524418.0
524419.0
524420.0
524421.0
524431.0
524433.0
524496.0
524497.0
524498.0
0.0
524650.0
524651.0
524652.0
524653.0
524729.0
524730.0
524731.0
524807.0
524808.0
524809.0
524810.0
524883.0
524884.0
524885.0
524886.0
524887.0
524888.0
524961.0
524962.0
524963.0
524964.0
524965.0
524966.0
525039.0
525040.0
525041.0
0.0
0.0
0.0
525197.0
0.0
525275.0
525351.0
525352.0
525353.0
525429.0
525430.0
0.0
0.0
525666.0
532063.0
532064.0
532140.0
532141.0
532142.0
532217.0
532218.0
0.0
532295.0
532296.0
0.0
532374.0
532375.0
532376.0
532387.0
532388.0
532389.0
532451.0
532452.0
532453.0
532454.0
532467.0
532530.0
532531.0
532532.0
532608.0
532686.0
532762.0
532763.0
532764.0
532841.0
532842.0
532843.0
532844.0
532919.0
532920.0
532921.0
532922.0
532995.0
532996.0
532997.0
532999.0
533000.0
533073.0
533074.0
533075.0
533151.0
533307.0
533308.0
533384.0
0.0
0.0
0.0
0.0
0.0
540330.0
540331.0
540332.0
540408.0
540409.0
540410.0
540423.0
540486.0
540487.0
540488.0
540563.0
540564.0
540565.0
540641.0
540642.0
540799.0
540800.0
540875.0
540876.0
540877.0
540954.0
541029.0
541030.0
541107.0
541108.0
541185.0
541186.0
548288.0
548364.0
548365.0
548366.0
548442.0
548443.0
548444.0
548519.0
548520.0
548521.0
548597.0
548598.0
548599.0
548675.0
548676.0
548753.0
548754.0
548755.0
548756.0
548831.0
548833.0
556400.0
556555.0
556631.0
556633.0
556710.0
556787.0
556788.0
556789.0
556865.0
556866.0
556867.0
556944.0
564666.0
564822.0
564900.0
