0.0
0.0
0.0
0.0
0.0
0.0
0.0
0.0
0.0
0.0
0.0
0.0
0.0
0.0
0.0
0.0
0.0
0.0
0.0
0.0
0.0
0.0
0.0
0.0
0.0
0.0
0.0
0.0
0.0
0.0
0.0
0.0
0.0
0.0
0.0
0.0
0.0
0.0
0.0
0.0
0.0
0.0
0.0
0.0
0.0
0.0
0.0
0.0
0.0
0.0
0.0
0.0
0.0
0.0
0.0
0.0
0.0
0.0
0.0
0.0
0.0
0.0
0.0
0.0
0.0
0.0
0.0
0.0
0.0
0.0
0.0
0.0
0.0
0.0
0.0
0.0
0.0
0.0
0.0
0.0
0.0
0.0
0.0
0.0
0.0
0.0
0.0
0.0
0.0
0.0
0.0
0.0
0.0
0.0
0.0
0.0
0.0
0.0
0.0
0.0
0.0
0.0
0.0
0.0
0.0
0.0
0.0
0.0
0.0
0.0
0.0
0.0
0.0
0.0
0.0
0.0
0.0
0.0
0.0
0.0
0.0
0.0
0.0
0.0
0.0
0.0
0.0
0.0
0.0
0.0
0.0
0.0
0.0
0.0
0.0
0.0
0.0
0.0
0.0
0.0
0.0
0.0
0.0
0.0
0.0
0.0
0.0
0.0
0.0
0.0
0.0
0.0
0.0
0.0
0.0
0.0
0.0
0.0
0.0
0.0
0.0
0.0
0.0
0.0
0.0
0.0
0.0
0.0
0.0
0.0
0.0
0.0
0.0
0.0
0.0
0.0
0.0
0.0
0.0
0.0
0.0
0.0
0.0
0.0
0.0
0.0
0.0
0.0
0.0
0.0
0.0
0.0
0.0
0.0
0.0
0.0
0.0
0.0
0.0
0.0
0.0
0.0
0.0
0.0
0.0
0.0
0.0
0.0
0.0
0.0
0.0
0.0
0.0
0.0
0.0
0.0
0.0
0.0
0.0
0.0
0.0
0.0
0.0
0.0
0.0
0.0
0.0
0.0
0.0
0.0
0.0
0.0
0.0
0.0
0.0
0.0
0.0
0.0
0.0
0.0
0.0
0.0
0.0
0.0
0.0
0.0
0.0
0.0
0.0
0.0
0.0
0.0
0.0
0.0
0.0
0.0
0.0
0.0
0.0
0.0
0.0
0.0
0.0
0.0
0.0
0.0
0.0
0.0
0.0
0.0
0.0
0.0
92306.0
92307.0
0.0
0.0
0.0
0.0
0.0
92384.0
0.0
0.0
0.0
0.0
0.0
0.0
0.0
0.0
0.0
0.0
0.0
0.0
0.0
0.0
0.0
0.0
0.0
0.0
0.0
0.0
0.0
0.0
0.0
0.0
0.0
0.0
0.0
0.0
0.0
0.0
0.0
0.0
0.0
0.0
0.0
0.0
0.0
0.0
0.0
0.0
0.0
0.0
0.0
0.0
0.0
0.0
0.0
0.0
0.0
0.0
0.0
0.0
0.0
0.0
0.0
0.0
0.0
0.0
0.0
0.0
0.0
0.0
0.0
0.0
0.0
0.0
0.0
0.0
0.0
0.0
0.0
0.0
0.0
0.0
0.0
0.0
0.0
0.0
0.0
0.0
0.0
0.0
0.0
0.0
0.0
0.0
0.0
0.0
0.0
0.0
0.0
0.0
0.0
0.0
0.0
0.0
0.0
0.0
0.0
0.0
0.0
0.0
0.0
0.0
0.0
0.0
0.0
0.0
99716.0
0.0
0.0
99794.0
99795.0
0.0
0.0
0.0
0.0
0.0
0.0
0.0
99872.0
99873.0
99874.0
0.0
0.0
0.0
0.0
0.0
0.0
0.0
0.0
0.0
99950.0
99951.0
99952.0
0.0
0.0
0.0
0.0
0.0
0.0
0.0
0.0
100028.0
100029.0
100030.0
0.0
0.0
0.0
0.0
0.0
0.0
0.0
0.0
0.0
0.0
0.0
0.0
0.0
0.0
0.0
0.0
0.0
0.0
0.0
0.0
0.0
0.0
0.0
0.0
0.0
0.0
0.0
0.0
0.0
0.0
0.0
0.0
0.0
0.0
0.0
0.0
0.0
0.0
0.0
0.0
0.0
0.0
0.0
0.0
0.0
0.0
0.0
0.0
0.0
0.0
0.0
0.0
0.0
0.0
0.0
0.0
0.0
0.0
0.0
0.0
0.0
0.0
0.0
0.0
0.0
0.0
0.0
0.0
0.0
0.0
0.0
0.0
0.0
0.0
0.0
0.0
0.0
0.0
0.0
0.0
0.0
0.0
0.0
0.0
0.0
0.0
0.0
0.0
0.0
0.0
0.0
0.0
0.0
0.0
0.0
0.0
0.0
0.0
0.0
0.0
107282.0
107283.0
107284.0
0.0
0.0
0.0
0.0
0.0
0.0
0.0
107360.0
107361.0
107362.0
107364.0
0.0
0.0
0.0
0.0
0.0
0.0
0.0
0.0
0.0
107439.0
107440.0
0.0
0.0
0.0
0.0
0.0
0.0
107511.0
0.0
0.0
0.0
0.0
107516.0
107517.0
107518.0
0.0
0.0
0.0
0.0
107590.0
0.0
0.0
0.0
107594.0
107595.0
107596.0
107597.0
0.0
0.0
107668.0
0.0
107672.0
107673.0
107674.0
0.0
0.0
0.0
0.0
0.0
0.0
0.0
0.0
0.0
0.0
0.0
0.0
0.0
0.0
0.0
0.0
0.0
0.0
0.0
0.0
0.0
0.0
0.0
0.0
0.0
0.0
0.0
0.0
0.0
0.0
0.0
0.0
0.0
0.0
0.0
0.0
0.0
0.0
0.0
0.0
0.0
0.0
0.0
0.0
0.0
0.0
0.0
0.0
0.0
0.0
0.0
0.0
0.0
0.0
0.0
0.0
0.0
0.0
0.0
0.0
0.0
0.0
0.0
0.0
0.0
0.0
0.0
0.0
0.0
0.0
0.0
0.0
0.0
0.0
0.0
0.0
0.0
0.0
0.0
0.0
0.0
0.0
0.0
0.0
0.0
0.0
0.0
0.0
108598.0
0.0
0.0
0.0
0.0
0.0
108677.0
108679.0
0.0
0.0
0.0
0.0
0.0
0.0
0.0
0.0
114695.0
0.0
0.0
0.0
0.0
114769.0
0.0
0.0
0.0
0.0
0.0
0.0
0.0
0.0
114844.0
0.0
0.0
114847.0
0.0
114849.0
114850.0
114851.0
0.0
0.0
0.0
0.0
0.0
0.0
0.0
0.0
0.0
0.0
0.0
114927.0
114928.0
114929.0
0.0
0.0
0.0
0.0
0.0
0.0
0.0
0.0
0.0
0.0
115005.0
0.0
0.0
0.0
0.0
0.0
0.0
0.0
0.0
0.0
0.0
0.0
0.0
115083.0
115084.0
115085.0
0.0
0.0
0.0
0.0
115155.0
115156.0
0.0
0.0
0.0
115160.0
115161.0
115162.0
115163.0
0.0
0.0
0.0
0.0
115233.0
115234.0
115235.0
0.0
115238.0
115239.0
115240.0
115241.0
0.0
0.0
0.0
115312.0
115313.0
0.0
0.0
0.0
0.0
0.0
0.0
0.0
0.0
0.0
0.0
0.0
0.0
0.0
0.0
115390.0
115391.0
0.0
0.0
0.0
0.0
0.0
0.0
0.0
0.0
0.0
0.0
0.0
0.0
0.0
0.0
0.0
0.0
0.0
0.0
115469.0
0.0
0.0
0.0
0.0
0.0
0.0
0.0
0.0
0.0
0.0
0.0
0.0
0.0
0.0
0.0
0.0
0.0
0.0
0.0
0.0
0.0
0.0
0.0
0.0
0.0
0.0
0.0
0.0
0.0
0.0
0.0
0.0
0.0
0.0
0.0
0.0
0.0
0.0
0.0
0.0
0.0
0.0
0.0
0.0
0.0
0.0
0.0
0.0
0.0
0.0
0.0
0.0
0.0
0.0
0.0
0.0
0.0
0.0
0.0
0.0
0.0
0.0
0.0
0.0
0.0
0.0
0.0
0.0
0.0
0.0
0.0
0.0
0.0
0.0
116164.0
0.0
116166.0
0.0
0.0
0.0
0.0
0.0
116242.0
116243.0
116244.0
116245.0
0.0
0.0
0.0
0.0
116323.0
116324.0
0.0
0.0
0.0
0.0
0.0
0.0
122181.0
122182.0
0.0
0.0
0.0
122254.0
122255.0
122256.0
122257.0
0.0
122259.0
122260.0
0.0
0.0
0.0
0.0
0.0
0.0
122331.0
122332.0
122333.0
122334.0
122335.0
0.0
0.0
122338.0
122339.0
0.0
0.0
0.0
0.0
0.0
0.0
122410.0
122411.0
122412.0
122413.0
122416.0
0.0
0.0
0.0
0.0
0.0
0.0
0.0
122487.0
122488.0
122489.0
0.0
122493.0
122494.0
0.0
0.0
0.0
0.0
0.0
0.0
0.0
0.0
0.0
0.0
0.0
0.0
0.0
0.0
122566.0
122570.0
122571.0
122572.0
0.0
0.0
0.0
0.0
0.0
0.0
0.0
0.0
0.0
0.0
0.0
122643.0
122644.0
0.0
122647.0
122649.0
122650.0
0.0
0.0
0.0
0.0
0.0
0.0
0.0
0.0
0.0
0.0
0.0
122721.0
122722.0
0.0
122724.0
122725.0
122726.0
122728.0
122729.0
0.0
0.0
0.0
0.0
0.0
0.0
122799.0
122800.0
0.0
0.0
122803.0
122804.0
0.0
0.0
122807.0
0.0
0.0
0.0
0.0
0.0
0.0
0.0
0.0
0.0
122878.0
122879.0
0.0
0.0
0.0
0.0
0.0
0.0
0.0
0.0
0.0
0.0
0.0
0.0
0.0
0.0
0.0
0.0
0.0
0.0
0.0
122957.0
0.0
0.0
0.0
0.0
0.0
0.0
0.0
0.0
0.0
0.0
0.0
0.0
0.0
0.0
0.0
0.0
0.0
0.0
0.0
123034.0
0.0
0.0
0.0
0.0
0.0
0.0
0.0
0.0
0.0
0.0
0.0
0.0
0.0
0.0
0.0
0.0
0.0
0.0
0.0
0.0
0.0
0.0
0.0
0.0
0.0
0.0
0.0
0.0
0.0
0.0
0.0
0.0
0.0
0.0
0.0
0.0
0.0
0.0
0.0
0.0
0.0
0.0
0.0
0.0
0.0
0.0
0.0
0.0
0.0
0.0
0.0
0.0
0.0
0.0
0.0
0.0
0.0
0.0
0.0
0.0
0.0
0.0
0.0
0.0
0.0
0.0
0.0
0.0
0.0
0.0
0.0
0.0
0.0
0.0
0.0
0.0
0.0
0.0
0.0
0.0
0.0
0.0
0.0
0.0
0.0
0.0
123731.0
123732.0
0.0
0.0
0.0
0.0
0.0
123809.0
123810.0
123811.0
0.0
0.0
0.0
0.0
123887.0
123888.0
123889.0
123890.0
123891.0
0.0
0.0
123965.0
0.0
123968.0
123969.0
0.0
0.0
0.0
0.0
0.0
0.0
0.0
0.0
0.0
0.0
0.0
0.0
0.0
0.0
0.0
0.0
0.0
0.0
0.0
0.0
0.0
125365.0
125366.0
129666.0
129668.0
0.0
0.0
0.0
0.0
129742.0
129743.0
129744.0
0.0
0.0
129747.0
129748.0
0.0
0.0
0.0
0.0
0.0
0.0
129820.0
129821.0
129822.0
129823.0
0.0
129825.0
0.0
0.0
0.0
0.0
0.0
0.0
0.0
129898.0
129899.0
129900.0
129901.0
0.0
129905.0
0.0
0.0
0.0
0.0
0.0
0.0
0.0
0.0
0.0
0.0
129976.0
129977.0
0.0
0.0
0.0
0.0
0.0
0.0
0.0
0.0
0.0
0.0
0.0
0.0
0.0
0.0
0.0
130058.0
0.0
0.0
0.0
0.0
0.0
0.0
0.0
0.0
0.0
0.0
0.0
0.0
0.0
0.0
0.0
0.0
0.0
0.0
0.0
0.0
0.0
0.0
0.0
0.0
0.0
0.0
0.0
0.0
0.0
0.0
0.0
0.0
0.0
0.0
0.0
0.0
0.0
0.0
0.0
0.0
0.0
0.0
0.0
0.0
0.0
0.0
0.0
0.0
0.0
0.0
130287.0
130288.0
130289.0
130290.0
130291.0
130292.0
0.0
0.0
0.0
0.0
0.0
0.0
0.0
0.0
0.0
130366.0
130368.0
130369.0
0.0
0.0
0.0
0.0
0.0
0.0
0.0
0.0
0.0
0.0
0.0
0.0
0.0
0.0
130444.0
0.0
0.0
0.0
0.0
0.0
0.0
0.0
0.0
0.0
0.0
0.0
0.0
0.0
0.0
0.0
0.0
0.0
0.0
0.0
0.0
0.0
0.0
0.0
0.0
0.0
0.0
0.0
0.0
0.0
0.0
0.0
0.0
0.0
0.0
0.0
0.0
130599.0
0.0
0.0
0.0
0.0
0.0
0.0
0.0
0.0
0.0
0.0
0.0
0.0
0.0
0.0
0.0
0.0
0.0
0.0
0.0
0.0
130676.0
130677.0
0.0
0.0
0.0
0.0
0.0
0.0
0.0
0.0
0.0
0.0
0.0
0.0
0.0
0.0
0.0
0.0
0.0
0.0
0.0
0.0
0.0
130754.0
130755.0
130756.0
0.0
0.0
0.0
0.0
0.0
0.0
0.0
0.0
0.0
0.0
0.0
0.0
0.0
0.0
0.0
130832.0
130833.0
0.0
0.0
0.0
0.0
0.0
0.0
0.0
0.0
0.0
0.0
0.0
0.0
0.0
0.0
130909.0
0.0
0.0
0.0
0.0
0.0
0.0
0.0
0.0
0.0
0.0
0.0
0.0
0.0
130987.0
130988.0
0.0
0.0
0.0
0.0
0.0
0.0
0.0
131065.0
131066.0
0.0
0.0
0.0
0.0
0.0
0.0
0.0
131142.0
131143.0
0.0
0.0
0.0
0.0
0.0
0.0
0.0
0.0
0.0
0.0
0.0
0.0
0.0
0.0
131299.0
131300.0
0.0
0.0
131376.0
131377.0
131378.0
0.0
0.0
0.0
131454.0
131455.0
0.0
0.0
0.0
0.0
131531.0
131532.0
0.0
0.0
0.0
0.0
131609.0
0.0
131686.0
131687.0
131765.0
131766.0
0.0
0.0
0.0
0.0
0.0
0.0
0.0
0.0
0.0
0.0
0.0
0.0
0.0
0.0
0.0
0.0
0.0
0.0
0.0
0.0
0.0
0.0
0.0
0.0
0.0
0.0
0.0
0.0
0.0
0.0
0.0
132853.0
0.0
0.0
0.0
0.0
0.0
132931.0
132932.0
0.0
0.0
0.0
133009.0
133010.0
0.0
0.0
0.0
0.0
0.0
0.0
0.0
0.0
0.0
137232.0
137233.0
137234.0
0.0
0.0
0.0
0.0
0.0
0.0
0.0
0.0
0.0
0.0
0.0
137310.0
137311.0
137312.0
137313.0
0.0
0.0
0.0
0.0
0.0
0.0
0.0
0.0
0.0
0.0
0.0
0.0
0.0
137390.0
0.0
0.0
0.0
0.0
0.0
0.0
0.0
0.0
0.0
0.0
0.0
0.0
0.0
0.0
0.0
0.0
0.0
0.0
0.0
0.0
0.0
0.0
0.0
0.0
0.0
0.0
0.0
0.0
0.0
0.0
0.0
0.0
0.0
0.0
0.0
0.0
0.0
0.0
0.0
0.0
0.0
0.0
0.0
0.0
0.0
0.0
0.0
0.0
0.0
0.0
137622.0
0.0
0.0
0.0
0.0
0.0
0.0
0.0
0.0
0.0
0.0
0.0
0.0
0.0
0.0
0.0
137699.0
0.0
0.0
0.0
0.0
0.0
0.0
0.0
0.0
0.0
0.0
0.0
0.0
0.0
0.0
137777.0
0.0
0.0
0.0
0.0
0.0
0.0
0.0
0.0
0.0
0.0
0.0
0.0
0.0
0.0
137854.0
137856.0
137857.0
0.0
0.0
0.0
0.0
0.0
0.0
0.0
0.0
0.0
0.0
0.0
137932.0
137934.0
0.0
0.0
0.0
0.0
0.0
0.0
0.0
0.0
0.0
0.0
0.0
138009.0
138010.0
0.0
0.0
0.0
0.0
0.0
0.0
0.0
0.0
0.0
0.0
0.0
0.0
0.0
0.0
0.0
0.0
0.0
0.0
0.0
0.0
0.0
0.0
0.0
0.0
0.0
0.0
0.0
0.0
0.0
0.0
0.0
0.0
0.0
138164.0
138165.0
0.0
0.0
0.0
0.0
0.0
0.0
0.0
0.0
0.0
0.0
0.0
0.0
0.0
0.0
0.0
0.0
0.0
0.0
0.0
0.0
0.0
138243.0
138244.0
0.0
0.0
0.0
0.0
0.0
0.0
0.0
0.0
0.0
0.0
0.0
0.0
0.0
0.0
0.0
0.0
0.0
138320.0
138321.0
138322.0
0.0
0.0
0.0
0.0
0.0
0.0
0.0
0.0
0.0
0.0
0.0
0.0
0.0
0.0
0.0
0.0
138397.0
138398.0
138399.0
0.0
0.0
0.0
0.0
0.0
0.0
0.0
0.0
0.0
0.0
0.0
0.0
0.0
0.0
0.0
0.0
138475.0
138476.0
0.0
0.0
0.0
0.0
0.0
0.0
0.0
0.0
0.0
0.0
0.0
0.0
0.0
0.0
138553.0
138554.0
138555.0
0.0
0.0
0.0
0.0
0.0
0.0
0.0
138631.0
138632.0
138633.0
0.0
0.0
0.0
0.0
0.0
0.0
138708.0
138709.0
0.0
0.0
0.0
0.0
0.0
0.0
0.0
138786.0
138787.0
0.0
0.0
0.0
0.0
0.0
138864.0
138865.0
138866.0
0.0
0.0
0.0
0.0
139020.0
139021.0
139022.0
0.0
0.0
0.0
139097.0
139098.0
139099.0
139100.0
139101.0
0.0
0.0
139174.0
139175.0
139176.0
139252.0
139253.0
139254.0
139330.0
139331.0
139332.0
139409.0
0.0
139643.0
139644.0
139645.0
0.0
139721.0
0.0
0.0
0.0
0.0
0.0
0.0
0.0
0.0
0.0
0.0
0.0
0.0
0.0
0.0
0.0
0.0
0.0
0.0
0.0
0.0
0.0
0.0
0.0
0.0
0.0
0.0
0.0
0.0
0.0
0.0
140416.0
140417.0
140418.0
0.0
0.0
0.0
0.0
0.0
0.0
140495.0
140496.0
140497.0
140498.0
0.0
0.0
0.0
140575.0
140576.0
0.0
0.0
0.0
0.0
0.0
0.0
0.0
0.0
0.0
0.0
0.0
0.0
0.0
0.0
0.0
0.0
0.0
0.0
0.0
0.0
0.0
144796.0
0.0
0.0
144799.0
0.0
0.0
0.0
0.0
0.0
0.0
0.0
0.0
0.0
0.0
144874.0
144875.0
144876.0
144877.0
144878.0
0.0
0.0
0.0
0.0
0.0
0.0
0.0
0.0
0.0
0.0
0.0
0.0
0.0
144952.0
144953.0
0.0
0.0
0.0
0.0
0.0
0.0
0.0
0.0
0.0
0.0
0.0
0.0
0.0
0.0
0.0
0.0
145031.0
145032.0
0.0
0.0
0.0
0.0
0.0
0.0
0.0
0.0
0.0
0.0
0.0
0.0
0.0
0.0
0.0
0.0
145110.0
145111.0
0.0
0.0
0.0
0.0
0.0
0.0
0.0
0.0
0.0
0.0
0.0
0.0
0.0
0.0
145187.0
145188.0
145189.0
0.0
0.0
0.0
0.0
0.0
0.0
0.0
0.0
0.0
0.0
0.0
0.0
0.0
0.0
0.0
145264.0
145265.0
145266.0
145267.0
0.0
0.0
0.0
0.0
0.0
0.0
0.0
0.0
0.0
0.0
0.0
0.0
0.0
145342.0
145343.0
0.0
0.0
0.0
0.0
0.0
0.0
0.0
0.0
0.0
0.0
0.0
0.0
0.0
0.0
0.0
145420.0
0.0
0.0
0.0
0.0
0.0
0.0
0.0
0.0
145498.0
0.0
0.0
0.0
0.0
0.0
0.0
0.0
0.0
0.0
0.0
0.0
0.0
145576.0
0.0
0.0
0.0
0.0
0.0
0.0
0.0
0.0
0.0
0.0
0.0
0.0
0.0
0.0
0.0
0.0
0.0
0.0
0.0
0.0
0.0
0.0
0.0
0.0
0.0
0.0
0.0
145730.0
145731.0
0.0
0.0
0.0
0.0
0.0
0.0
0.0
0.0
0.0
0.0
0.0
0.0
0.0
0.0
0.0
0.0
0.0
0.0
145808.0
145809.0
145810.0
0.0
0.0
0.0
0.0
0.0
0.0
0.0
0.0
0.0
0.0
0.0
0.0
0.0
0.0
0.0
0.0
145886.0
0.0
0.0
0.0
0.0
0.0
0.0
0.0
0.0
0.0
0.0
0.0
0.0
0.0
0.0
0.0
0.0
0.0
145963.0
145964.0
0.0
0.0
0.0
0.0
0.0
0.0
0.0
0.0
0.0
0.0
0.0
0.0
0.0
0.0
0.0
0.0
0.0
0.0
146041.0
146042.0
0.0
0.0
0.0
0.0
0.0
0.0
0.0
0.0
0.0
0.0
0.0
0.0
0.0
146119.0
146120.0
146121.0
0.0
0.0
0.0
0.0
0.0
0.0
0.0
146197.0
146198.0
146199.0
0.0
0.0
0.0
0.0
0.0
0.0
0.0
146275.0
0.0
0.0
0.0
0.0
0.0
0.0
146352.0
0.0
146354.0
146430.0
146431.0
146432.0
0.0
0.0
0.0
146509.0
0.0
0.0
0.0
0.0
146586.0
146587.0
146588.0
146590.0
0.0
146664.0
146665.0
146666.0
146667.0
146668.0
146669.0
146740.0
146741.0
146742.0
146743.0
146744.0
146745.0
146746.0
146818.0
146819.0
146820.0
146821.0
146822.0
146823.0
146896.0
146897.0
146974.0
146975.0
146976.0
147056.0
147057.0
147133.0
147134.0
147135.0
147209.0
147210.0
147211.0
147212.0
147213.0
147214.0
147287.0
147288.0
147289.0
147290.0
147291.0
147367.0
147368.0
0.0
0.0
0.0
0.0
0.0
0.0
0.0
0.0
0.0
0.0
0.0
0.0
0.0
147751.0
147752.0
0.0
0.0
0.0
0.0
0.0
147827.0
147828.0
147829.0
0.0
0.0
0.0
0.0
0.0
147905.0
147906.0
147907.0
147908.0
0.0
0.0
0.0
147982.0
147983.0
147984.0
147985.0
0.0
0.0
0.0
148059.0
148060.0
148061.0
148062.0
148063.0
0.0
0.0
148137.0
0.0
0.0
0.0
0.0
0.0
0.0
0.0
0.0
0.0
0.0
0.0
0.0
0.0
0.0
0.0
0.0
0.0
0.0
0.0
0.0
0.0
152285.0
152286.0
0.0
0.0
0.0
0.0
0.0
0.0
0.0
0.0
0.0
0.0
0.0
0.0
0.0
0.0
152362.0
152363.0
152364.0
0.0
0.0
0.0
0.0
0.0
0.0
0.0
0.0
0.0
0.0
0.0
0.0
0.0
0.0
152439.0
152440.0
152441.0
0.0
0.0
0.0
0.0
0.0
0.0
0.0
0.0
0.0
0.0
0.0
0.0
0.0
0.0
0.0
152518.0
152519.0
0.0
0.0
0.0
0.0
0.0
0.0
0.0
0.0
0.0
0.0
0.0
0.0
0.0
152596.0
152597.0
152598.0
0.0
0.0
0.0
0.0
0.0
0.0
0.0
0.0
0.0
0.0
0.0
0.0
152676.0
152677.0
0.0
0.0
0.0
0.0
0.0
0.0
0.0
0.0
0.0
0.0
0.0
0.0
0.0
0.0
0.0
152753.0
152754.0
152755.0
0.0
0.0
0.0
0.0
0.0
0.0
0.0
0.0
0.0
0.0
0.0
0.0
0.0
152830.0
152831.0
152832.0
152833.0
0.0
0.0
0.0
0.0
0.0
0.0
0.0
0.0
0.0
0.0
0.0
0.0
0.0
0.0
152908.0
152909.0
152910.0
152911.0
0.0
0.0
0.0
0.0
0.0
0.0
0.0
0.0
0.0
0.0
0.0
0.0
152985.0
152986.0
0.0
0.0
0.0
0.0
0.0
0.0
0.0
0.0
153063.0
153064.0
0.0
0.0
0.0
0.0
0.0
0.0
0.0
153142.0
153143.0
0.0
0.0
0.0
0.0
0.0
0.0
0.0
0.0
0.0
0.0
0.0
0.0
0.0
0.0
0.0
0.0
0.0
0.0
0.0
0.0
0.0
0.0
153296.0
153297.0
0.0
0.0
0.0
0.0
0.0
0.0
0.0
0.0
0.0
0.0
0.0
0.0
0.0
0.0
0.0
0.0
153374.0
153375.0
0.0
0.0
0.0
0.0
0.0
0.0
0.0
0.0
0.0
0.0
0.0
0.0
0.0
0.0
0.0
0.0
153452.0
153453.0
0.0
0.0
0.0
0.0
0.0
0.0
0.0
0.0
0.0
0.0
0.0
0.0
0.0
0.0
0.0
153530.0
153531.0
0.0
0.0
0.0
0.0
0.0
0.0
0.0
0.0
0.0
0.0
0.0
0.0
0.0
0.0
153607.0
153608.0
0.0
0.0
0.0
0.0
0.0
0.0
0.0
0.0
153685.0
153686.0
0.0
0.0
153763.0
153764.0
153841.0
153842.0
153843.0
153844.0
153919.0
153920.0
153921.0
153922.0
153923.0
153997.0
153998.0
0.0
0.0
0.0
154076.0
154077.0
0.0
0.0
154153.0
154154.0
154155.0
154156.0
0.0
154230.0
154231.0
154232.0
154233.0
154234.0
154307.0
154308.0
154309.0
154310.0
154311.0
0.0
154385.0
154386.0
154387.0
154388.0
0.0
154463.0
154464.0
154540.0
154544.0
154618.0
154621.0
154622.0
154623.0
154696.0
154699.0
154700.0
154701.0
154702.0
154775.0
154776.0
154777.0
154778.0
154779.0
154780.0
154855.0
154856.0
154857.0
154858.0
0.0
0.0
0.0
155317.0
155393.0
155394.0
155395.0
155396.0
155471.0
155472.0
155473.0
155474.0
155475.0
155476.0
155549.0
155550.0
155552.0
155626.0
0.0
0.0
0.0
0.0
0.0
0.0
159694.0
159695.0
0.0
0.0
0.0
0.0
0.0
0.0
0.0
0.0
0.0
0.0
0.0
159773.0
159774.0
0.0
0.0
0.0
0.0
0.0
0.0
0.0
0.0
0.0
0.0
0.0
0.0
0.0
0.0
0.0
159851.0
159852.0
0.0
0.0
0.0
0.0
0.0
0.0
0.0
0.0
0.0
0.0
0.0
0.0
0.0
0.0
0.0
159927.0
159928.0
159929.0
159930.0
159931.0
0.0
0.0
0.0
0.0
0.0
0.0
0.0
0.0
0.0
0.0
0.0
0.0
0.0
0.0
0.0
160006.0
160007.0
160008.0
160009.0
0.0
0.0
0.0
0.0
0.0
0.0
0.0
0.0
0.0
0.0
0.0
0.0
0.0
0.0
160084.0
0.0
0.0
0.0
0.0
0.0
0.0
0.0
0.0
0.0
0.0
0.0
0.0
0.0
0.0
0.0
0.0
0.0
0.0
0.0
0.0
0.0
0.0
0.0
0.0
0.0
0.0
0.0
0.0
0.0
0.0
0.0
160318.0
0.0
0.0
0.0
0.0
0.0
0.0
0.0
0.0
0.0
0.0
0.0
0.0
0.0
0.0
0.0
160396.0
0.0
0.0
0.0
0.0
0.0
0.0
0.0
0.0
0.0
0.0
0.0
0.0
0.0
160473.0
160474.0
0.0
0.0
0.0
0.0
0.0
0.0
0.0
0.0
0.0
0.0
0.0
0.0
0.0
160551.0
160552.0
0.0
0.0
0.0
0.0
0.0
0.0
0.0
0.0
0.0
0.0
160629.0
160630.0
160631.0
0.0
0.0
0.0
0.0
0.0
160708.0
160709.0
0.0
0.0
0.0
0.0
0.0
0.0
0.0
0.0
0.0
0.0
0.0
0.0
0.0
0.0
0.0
0.0
160863.0
0.0
0.0
0.0
0.0
0.0
0.0
0.0
0.0
0.0
0.0
0.0
160940.0
160941.0
160942.0
0.0
0.0
0.0
0.0
0.0
0.0
0.0
0.0
0.0
0.0
0.0
161018.0
161019.0
161020.0
0.0
0.0
0.0
0.0
0.0
0.0
0.0
0.0
0.0
161096.0
161097.0
161098.0
0.0
0.0
0.0
0.0
0.0
0.0
0.0
0.0
0.0
161174.0
161175.0
161176.0
0.0
0.0
161252.0
161253.0
161254.0
161255.0
161329.0
161330.0
161331.0
161332.0
161333.0
161408.0
161409.0
161410.0
161411.0
161486.0
161487.0
161488.0
161489.0
161563.0
161564.0
161565.0
0.0
0.0
161641.0
161642.0
161643.0
0.0
161718.0
161719.0
161720.0
161721.0
0.0
0.0
0.0
161796.0
161797.0
161798.0
0.0
0.0
0.0
161873.0
161874.0
161875.0
0.0
0.0
0.0
161951.0
161952.0
161953.0
0.0
0.0
162028.0
162029.0
162030.0
0.0
0.0
162186.0
162189.0
162265.0
162266.0
162267.0
162268.0
162344.0
162345.0
162346.0
162422.0
162423.0
162960.0
162961.0
162962.0
162963.0
162964.0
163037.0
163038.0
163039.0
163040.0
163041.0
163042.0
163115.0
163116.0
163117.0
163118.0
163119.0
163120.0
163193.0
0.0
0.0
167182.0
167183.0
167184.0
0.0
0.0
0.0
0.0
0.0
0.0
0.0
0.0
0.0
167259.0
167260.0
167261.0
0.0
0.0
0.0
0.0
0.0
0.0
0.0
0.0
0.0
0.0
0.0
167337.0
167338.0
167339.0
167340.0
167341.0
0.0
0.0
0.0
0.0
0.0
0.0
0.0
0.0
0.0
0.0
0.0
0.0
0.0
0.0
167416.0
167417.0
167418.0
0.0
0.0
0.0
0.0
0.0
0.0
0.0
0.0
0.0
0.0
0.0
0.0
167494.0
167495.0
167496.0
167497.0
167498.0
0.0
0.0
0.0
0.0
0.0
0.0
0.0
0.0
0.0
0.0
0.0
167570.0
167571.0
167572.0
167573.0
167574.0
167575.0
0.0
0.0
0.0
0.0
0.0
0.0
0.0
0.0
0.0
0.0
0.0
0.0
0.0
0.0
0.0
167649.0
167650.0
167651.0
167652.0
0.0
0.0
0.0
0.0
0.0
0.0
0.0
0.0
0.0
0.0
0.0
0.0
0.0
0.0
0.0
0.0
0.0
0.0
0.0
0.0
0.0
0.0
0.0
0.0
0.0
0.0
0.0
0.0
0.0
0.0
0.0
0.0
0.0
0.0
0.0
0.0
0.0
0.0
0.0
0.0
0.0
0.0
0.0
0.0
0.0
0.0
0.0
0.0
0.0
0.0
0.0
0.0
0.0
168038.0
168039.0
168040.0
168041.0
0.0
0.0
0.0
0.0
0.0
0.0
0.0
0.0
0.0
0.0
0.0
0.0
0.0
168117.0
168118.0
0.0
0.0
0.0
0.0
0.0
0.0
0.0
0.0
0.0
0.0
168195.0
168196.0
0.0
0.0
0.0
0.0
0.0
0.0
0.0
0.0
0.0
0.0
0.0
0.0
0.0
0.0
0.0
0.0
0.0
0.0
0.0
168429.0
0.0
0.0
0.0
0.0
0.0
0.0
168507.0
168508.0
0.0
0.0
0.0
0.0
0.0
0.0
0.0
168585.0
168586.0
0.0
0.0
0.0
0.0
0.0
0.0
0.0
0.0
168663.0
168664.0
168665.0
0.0
0.0
0.0
0.0
168740.0
168741.0
168742.0
168743.0
168818.0
168819.0
168820.0
168821.0
168896.0
0.0
168898.0
168899.0
168974.0
168975.0
168976.0
169051.0
169052.0
169053.0
169054.0
0.0
0.0
169129.0
169130.0
169131.0
169132.0
0.0
0.0
169207.0
169208.0
0.0
0.0
0.0
0.0
169285.0
169286.0
0.0
0.0
0.0
0.0
169362.0
169363.0
0.0
0.0
0.0
0.0
169440.0
0.0
0.0
0.0
0.0
169517.0
169518.0
169519.0
0.0
0.0
169595.0
169596.0
169597.0
169673.0
169674.0
169675.0
0.0
169752.0
0.0
0.0
169830.0
0.0
0.0
0.0
169834.0
169909.0
169910.0
170530.0
170604.0
170605.0
170606.0
170607.0
170608.0
170685.0
170686.0
0.0
0.0
0.0
0.0
0.0
0.0
0.0
0.0
174747.0
174748.0
174749.0
0.0
0.0
0.0
0.0
0.0
0.0
0.0
0.0
0.0
0.0
0.0
174825.0
174826.0
174827.0
174828.0
0.0
0.0
0.0
0.0
0.0
0.0
0.0
0.0
0.0
0.0
0.0
174906.0
174907.0
0.0
0.0
0.0
0.0
0.0
0.0
0.0
0.0
174982.0
174983.0
174984.0
0.0
0.0
0.0
0.0
0.0
0.0
0.0
0.0
0.0
0.0
0.0
0.0
175059.0
175060.0
175061.0
175062.0
0.0
175064.0
0.0
0.0
0.0
0.0
0.0
0.0
0.0
0.0
0.0
0.0
175136.0
175137.0
175138.0
175139.0
175140.0
175141.0
175142.0
0.0
0.0
0.0
0.0
0.0
0.0
0.0
0.0
0.0
0.0
0.0
0.0
0.0
175214.0
175215.0
175216.0
175217.0
175218.0
0.0
0.0
0.0
0.0
0.0
0.0
0.0
0.0
0.0
0.0
175294.0
175295.0
0.0
0.0
0.0
0.0
0.0
0.0
0.0
0.0
0.0
0.0
0.0
0.0
0.0
0.0
0.0
0.0
0.0
0.0
0.0
0.0
0.0
0.0
0.0
0.0
0.0
0.0
175529.0
0.0
0.0
0.0
0.0
0.0
0.0
0.0
0.0
0.0
175605.0
175606.0
175607.0
0.0
0.0
0.0
0.0
0.0
0.0
0.0
0.0
0.0
0.0
0.0
175683.0
175684.0
0.0
0.0
0.0
0.0
0.0
0.0
0.0
0.0
0.0
0.0
0.0
0.0
0.0
0.0
0.0
0.0
0.0
0.0
0.0
0.0
0.0
0.0
0.0
0.0
0.0
0.0
0.0
175995.0
175996.0
0.0
0.0
0.0
0.0
0.0
0.0
176073.0
176074.0
0.0
0.0
0.0
0.0
0.0
0.0
0.0
0.0
176151.0
176152.0
0.0
0.0
0.0
0.0
0.0
0.0
0.0
0.0
176229.0
176230.0
176231.0
0.0
0.0
0.0
176308.0
176309.0
0.0
0.0
0.0
0.0
176386.0
176387.0
0.0
0.0
0.0
176462.0
176463.0
0.0
0.0
0.0
0.0
0.0
176540.0
176541.0
0.0
0.0
176617.0
176618.0
176619.0
0.0
0.0
0.0
0.0
176695.0
176696.0
0.0
0.0
0.0
0.0
176773.0
176774.0
0.0
0.0
0.0
0.0
0.0
0.0
0.0
0.0
176929.0
176930.0
0.0
0.0
0.0
0.0
177007.0
177008.0
177009.0
0.0
0.0
0.0
177083.0
177084.0
177085.0
177086.0
177087.0
0.0
0.0
177161.0
177162.0
177163.0
177164.0
177165.0
177239.0
177240.0
177241.0
0.0
177317.0
177318.0
0.0
0.0
0.0
0.0
0.0
0.0
0.0
0.0
0.0
0.0
0.0
0.0
0.0
0.0
0.0
0.0
182313.0
182314.0
182315.0
0.0
0.0
0.0
0.0
0.0
0.0
0.0
0.0
0.0
0.0
182392.0
0.0
0.0
0.0
0.0
0.0
0.0
0.0
0.0
0.0
0.0
0.0
0.0
0.0
0.0
0.0
0.0
0.0
0.0
0.0
0.0
0.0
0.0
0.0
0.0
0.0
0.0
0.0
0.0
0.0
0.0
0.0
0.0
0.0
0.0
0.0
182627.0
182628.0
182629.0
182630.0
0.0
0.0
0.0
0.0
0.0
0.0
0.0
0.0
0.0
0.0
0.0
0.0
0.0
182702.0
182703.0
182704.0
182705.0
182706.0
182707.0
0.0
0.0
0.0
0.0
0.0
0.0
0.0
0.0
0.0
182780.0
182781.0
182782.0
182783.0
182784.0
0.0
0.0
0.0
0.0
182861.0
0.0
0.0
0.0
0.0
0.0
0.0
0.0
0.0
0.0
0.0
0.0
0.0
0.0
0.0
0.0
0.0
0.0
0.0
0.0
0.0
0.0
0.0
0.0
183094.0
0.0
0.0
0.0
0.0
0.0
0.0
0.0
0.0
183171.0
183172.0
183173.0
0.0
0.0
0.0
0.0
0.0
0.0
0.0
0.0
0.0
0.0
0.0
0.0
0.0
0.0
0.0
0.0
0.0
0.0
0.0
0.0
0.0
0.0
0.0
0.0
0.0
0.0
0.0
0.0
0.0
0.0
0.0
0.0
0.0
0.0
0.0
0.0
0.0
0.0
0.0
0.0
0.0
0.0
0.0
0.0
183561.0
183562.0
0.0
0.0
0.0
0.0
0.0
0.0
0.0
0.0
183639.0
183640.0
0.0
0.0
0.0
0.0
0.0
0.0
0.0
0.0
0.0
183717.0
183718.0
0.0
0.0
0.0
0.0
0.0
0.0
0.0
183795.0
183796.0
183797.0
0.0
0.0
0.0
0.0
183873.0
183874.0
0.0
0.0
0.0
0.0
183952.0
0.0
0.0
0.0
0.0
184029.0
0.0
0.0
0.0
184106.0
0.0
0.0
184184.0
0.0
0.0
0.0
184262.0
184263.0
0.0
0.0
0.0
0.0
0.0
0.0
0.0
0.0
0.0
184495.0
0.0
0.0
0.0
184572.0
184573.0
184574.0
0.0
0.0
0.0
184650.0
184651.0
184652.0
184653.0
0.0
0.0
184728.0
184729.0
184730.0
0.0
0.0
0.0
0.0
0.0
0.0
0.0
0.0
0.0
0.0
0.0
0.0
0.0
0.0
0.0
0.0
0.0
0.0
0.0
0.0
0.0
0.0
0.0
0.0
0.0
0.0
0.0
0.0
0.0
0.0
0.0
0.0
0.0
0.0
0.0
0.0
0.0
0.0
0.0
0.0
0.0
0.0
0.0
0.0
0.0
0.0
0.0
0.0
0.0
0.0
0.0
0.0
0.0
0.0
0.0
0.0
0.0
0.0
0.0
0.0
0.0
0.0
0.0
0.0
0.0
0.0
0.0
0.0
0.0
0.0
0.0
0.0
0.0
0.0
0.0
0.0
0.0
190269.0
190270.0
0.0
0.0
0.0
0.0
0.0
0.0
0.0
0.0
190347.0
0.0
0.0
0.0
0.0
0.0
0.0
0.0
0.0
0.0
0.0
0.0
0.0
0.0
0.0
0.0
0.0
0.0
0.0
0.0
0.0
0.0
0.0
0.0
0.0
0.0
0.0
0.0
0.0
0.0
0.0
0.0
0.0
0.0
0.0
0.0
0.0
0.0
0.0
0.0
0.0
0.0
0.0
0.0
0.0
0.0
0.0
0.0
0.0
0.0
191049.0
0.0
0.0
0.0
0.0
0.0
0.0
0.0
191127.0
191128.0
0.0
0.0
0.0
0.0
0.0
0.0
0.0
191205.0
191206.0
0.0
0.0
0.0
0.0
0.0
0.0
191283.0
191284.0
0.0
0.0
0.0
0.0
191361.0
191362.0
0.0
0.0
0.0
0.0
191439.0
191440.0
0.0
0.0
0.0
0.0
0.0
0.0
0.0
0.0
0.0
0.0
0.0
0.0
0.0
0.0
0.0
0.0
0.0
0.0
0.0
0.0
0.0
0.0
0.0
0.0
0.0
0.0
0.0
0.0
0.0
0.0
0.0
192140.0
0.0
0.0
0.0
192217.0
0.0
0.0
0.0
0.0
0.0
0.0
0.0
0.0
0.0
0.0
0.0
0.0
0.0
0.0
0.0
0.0
0.0
0.0
0.0
0.0
0.0
0.0
0.0
0.0
0.0
0.0
0.0
0.0
0.0
0.0
0.0
0.0
0.0
0.0
0.0
0.0
0.0
0.0
0.0
0.0
0.0
0.0
0.0
0.0
0.0
0.0
0.0
0.0
0.0
0.0
0.0
0.0
0.0
0.0
0.0
0.0
0.0
0.0
0.0
0.0
0.0
0.0
0.0
0.0
0.0
0.0
0.0
0.0
0.0
0.0
0.0
0.0
0.0
0.0
0.0
0.0
0.0
0.0
0.0
0.0
0.0
0.0
0.0
0.0
0.0
0.0
0.0
0.0
0.0
0.0
0.0
0.0
0.0
0.0
0.0
0.0
0.0
0.0
0.0
0.0
0.0
0.0
0.0
0.0
0.0
0.0
0.0
0.0
0.0
0.0
0.0
0.0
0.0
0.0
0.0
0.0
0.0
0.0
0.0
0.0
0.0
0.0
0.0
0.0
0.0
0.0
0.0
0.0
0.0
0.0
0.0
0.0
0.0
0.0
0.0
0.0
0.0
0.0
0.0
0.0
0.0
0.0
0.0
0.0
0.0
0.0
0.0
0.0
0.0
0.0
0.0
0.0
0.0
0.0
0.0
198693.0
198694.0
0.0
0.0
0.0
0.0
198772.0
198773.0
0.0
0.0
0.0
0.0
198850.0
0.0
0.0
0.0
0.0
198927.0
198928.0
0.0
0.0
0.0
0.0
0.0
0.0
0.0
0.0
0.0
0.0
0.0
0.0
0.0
0.0
0.0
0.0
0.0
0.0
0.0
0.0
0.0
0.0
0.0
0.0
0.0
0.0
0.0
0.0
0.0
0.0
0.0
0.0
0.0
0.0
0.0
0.0
0.0
0.0
0.0
0.0
0.0
0.0
0.0
0.0
0.0
0.0
0.0
0.0
0.0
0.0
0.0
0.0
0.0
0.0
0.0
0.0
0.0
0.0
0.0
0.0
0.0
0.0
0.0
0.0
0.0
0.0
0.0
0.0
0.0
0.0
0.0
0.0
0.0
0.0
0.0
0.0
0.0
0.0
0.0
0.0
0.0
0.0
0.0
0.0
0.0
0.0
0.0
0.0
0.0
0.0
0.0
0.0
0.0
0.0
0.0
0.0
0.0
0.0
0.0
0.0
0.0
0.0
0.0
0.0
0.0
0.0
0.0
0.0
0.0
0.0
0.0
0.0
0.0
0.0
0.0
0.0
0.0
0.0
0.0
0.0
0.0
0.0
0.0
0.0
0.0
0.0
0.0
0.0
0.0
0.0
0.0
0.0
0.0
0.0
0.0
0.0
0.0
0.0
0.0
0.0
0.0
0.0
0.0
0.0
0.0
0.0
0.0
0.0
0.0
0.0
0.0
0.0
0.0
0.0
0.0
0.0
0.0
0.0
0.0
0.0
0.0
0.0
0.0
0.0
0.0
0.0
0.0
0.0
0.0
0.0
0.0
0.0
0.0
0.0
0.0
0.0
0.0
0.0
0.0
0.0
0.0
0.0
0.0
0.0
206338.0
0.0
0.0
0.0
0.0
0.0
0.0
0.0
0.0
0.0
0.0
0.0
0.0
0.0
0.0
0.0
0.0
0.0
0.0
0.0
0.0
0.0
0.0
0.0
0.0
0.0
0.0
0.0
0.0
0.0
0.0
0.0
0.0
0.0
0.0
0.0
0.0
0.0
0.0
0.0
0.0
0.0
0.0
0.0
0.0
0.0
0.0
0.0
0.0
0.0
0.0
0.0
0.0
0.0
0.0
0.0
0.0
0.0
0.0
0.0
0.0
0.0
0.0
0.0
0.0
0.0
0.0
0.0
0.0
0.0
0.0
0.0
0.0
0.0
0.0
0.0
0.0
0.0
0.0
0.0
0.0
0.0
0.0
0.0
0.0
0.0
0.0
0.0
0.0
0.0
0.0
0.0
0.0
0.0
0.0
0.0
0.0
0.0
0.0
0.0
0.0
0.0
0.0
0.0
0.0
0.0
0.0
0.0
0.0
0.0
0.0
0.0
0.0
0.0
0.0
0.0
0.0
0.0
0.0
0.0
0.0
0.0
0.0
0.0
0.0
0.0
0.0
0.0
0.0
0.0
0.0
0.0
0.0
0.0
0.0
0.0
0.0
0.0
0.0
0.0
0.0
0.0
0.0
0.0
0.0
0.0
0.0
0.0
0.0
0.0
0.0
0.0
0.0
0.0
0.0
0.0
0.0
0.0
0.0
0.0
0.0
0.0
0.0
0.0
0.0
0.0
0.0
0.0
0.0
0.0
0.0
0.0
0.0
0.0
0.0
0.0
0.0
0.0
0.0
0.0
0.0
0.0
0.0
0.0
0.0
0.0
0.0
0.0
0.0
0.0
0.0
0.0
0.0
0.0
0.0
0.0
0.0
0.0
0.0
0.0
0.0
0.0
0.0
0.0
0.0
0.0
0.0
0.0
0.0
0.0
0.0
0.0
0.0
0.0
0.0
0.0
0.0
0.0
0.0
0.0
0.0
0.0
0.0
0.0
0.0
0.0
0.0
0.0
0.0
0.0
0.0
0.0
0.0
0.0
0.0
0.0
0.0
0.0
0.0
0.0
0.0
0.0
0.0
0.0
0.0
0.0
0.0
0.0
0.0
0.0
0.0
0.0
0.0
0.0
0.0
0.0
0.0
0.0
0.0
0.0
0.0
0.0
0.0
0.0
0.0
0.0
0.0
0.0
0.0
0.0
0.0
0.0
0.0
0.0
0.0
0.0
0.0
0.0
0.0
0.0
0.0
0.0
0.0
0.0
0.0
0.0
0.0
0.0
0.0
0.0
0.0
0.0
0.0
0.0
0.0
0.0
0.0
0.0
0.0
0.0
0.0
0.0
0.0
0.0
0.0
0.0
0.0
0.0
0.0
0.0
0.0
0.0
0.0
0.0
0.0
0.0
0.0
0.0
0.0
0.0
0.0
0.0
0.0
0.0
0.0
0.0
0.0
0.0
0.0
0.0
0.0
0.0
0.0
0.0
0.0
0.0
0.0
0.0
0.0
0.0
0.0
0.0
0.0
0.0
0.0
0.0
0.0
0.0
0.0
0.0
0.0
0.0
0.0
0.0
0.0
0.0
0.0
0.0
0.0
0.0
0.0
0.0
0.0
0.0
0.0
0.0
0.0
0.0
0.0
0.0
0.0
0.0
0.0
0.0
0.0
0.0
0.0
0.0
0.0
0.0
0.0
0.0
0.0
0.0
0.0
0.0
0.0
0.0
0.0
0.0
0.0
0.0
0.0
0.0
0.0
0.0
0.0
0.0
0.0
0.0
0.0
0.0
0.0
0.0
0.0
0.0
0.0
0.0
0.0
0.0
0.0
0.0
0.0
0.0
0.0
0.0
0.0
0.0
0.0
0.0
0.0
0.0
0.0
0.0
0.0
0.0
0.0
0.0
0.0
0.0
0.0
0.0
0.0
0.0
0.0
0.0
0.0
0.0
0.0
0.0
0.0
0.0
0.0
0.0
0.0
0.0
0.0
0.0
0.0
0.0
0.0
0.0
0.0
0.0
0.0
0.0
0.0
0.0
0.0
0.0
0.0
0.0
0.0
0.0
0.0
0.0
0.0
0.0
0.0
0.0
0.0
0.0
0.0
0.0
0.0
0.0
0.0
0.0
0.0
0.0
0.0
0.0
0.0
0.0
0.0
0.0
0.0
0.0
0.0
0.0
0.0
0.0
0.0
0.0
0.0
0.0
0.0
0.0
0.0
0.0
0.0
0.0
0.0
0.0
0.0
0.0
0.0
0.0
0.0
0.0
0.0
0.0
0.0
0.0
0.0
0.0
0.0
0.0
0.0
0.0
0.0
0.0
0.0
0.0
0.0
0.0
0.0
0.0
0.0
0.0
0.0
0.0
0.0
0.0
0.0
0.0
0.0
0.0
0.0
0.0
0.0
0.0
0.0
0.0
0.0
0.0
0.0
0.0
0.0
0.0
0.0
0.0
0.0
0.0
0.0
0.0
0.0
0.0
0.0
0.0
0.0
0.0
0.0
0.0
0.0
0.0
0.0
0.0
0.0
0.0
0.0
0.0
0.0
0.0
0.0
0.0
0.0
0.0
0.0
0.0
0.0
0.0
0.0
0.0
0.0
0.0
0.0
0.0
0.0
0.0
0.0
0.0
0.0
0.0
0.0
0.0
0.0
0.0
0.0
0.0
0.0
0.0
0.0
0.0
0.0
0.0
0.0
0.0
0.0
0.0
0.0
0.0
0.0
0.0
0.0
0.0
0.0
0.0
0.0
0.0
0.0
0.0
0.0
0.0
0.0
0.0
0.0
0.0
0.0
0.0
0.0
0.0
0.0
0.0
0.0
0.0
0.0
0.0
0.0
0.0
0.0
0.0
0.0
0.0
0.0
0.0
0.0
0.0
0.0
0.0
0.0
0.0
0.0
0.0
0.0
0.0
0.0
0.0
0.0
0.0
0.0
0.0
0.0
0.0
0.0
0.0
0.0
0.0
0.0
0.0
0.0
0.0
0.0
0.0
0.0
0.0
0.0
0.0
0.0
0.0
0.0
0.0
0.0
0.0
0.0
0.0
0.0
0.0
0.0
0.0
0.0
0.0
0.0
0.0
0.0
0.0
0.0
0.0
0.0
0.0
0.0
0.0
0.0
0.0
0.0
0.0
0.0
0.0
0.0
0.0
0.0
0.0
0.0
0.0
0.0
0.0
0.0
0.0
0.0
0.0
0.0
0.0
0.0
0.0
0.0
0.0
0.0
0.0
0.0
0.0
0.0
0.0
0.0
0.0
0.0
0.0
0.0
0.0
0.0
0.0
0.0
0.0
0.0
0.0
0.0
0.0
0.0
0.0
0.0
0.0
0.0
0.0
0.0
0.0
0.0
0.0
0.0
0.0
0.0
0.0
0.0
0.0
0.0
0.0
0.0
0.0
0.0
0.0
0.0
0.0
0.0
0.0
0.0
0.0
0.0
0.0
0.0
0.0
0.0
0.0
0.0
0.0
0.0
0.0
0.0
0.0
0.0
0.0
0.0
0.0
0.0
0.0
0.0
0.0
0.0
0.0
0.0
0.0
0.0
0.0
0.0
0.0
0.0
0.0
0.0
0.0
0.0
0.0
0.0
0.0
0.0
0.0
0.0
0.0
0.0
0.0
0.0
0.0
0.0
0.0
0.0
0.0
0.0
0.0
0.0
0.0
0.0
0.0
0.0
0.0
0.0
0.0
0.0
0.0
0.0
0.0
0.0
0.0
0.0
0.0
0.0
0.0
0.0
0.0
0.0
0.0
0.0
0.0
0.0
0.0
0.0
0.0
0.0
0.0
0.0
0.0
0.0
0.0
0.0
0.0
0.0
0.0
0.0
0.0
0.0
0.0
0.0
0.0
0.0
0.0
0.0
0.0
0.0
0.0
0.0
0.0
0.0
0.0
0.0
0.0
0.0
0.0
0.0
0.0
0.0
0.0
0.0
0.0
0.0
0.0
0.0
0.0
0.0
0.0
0.0
0.0
0.0
0.0
0.0
0.0
0.0
0.0
0.0
0.0
0.0
0.0
0.0
0.0
0.0
0.0
0.0
0.0
0.0
0.0
0.0
0.0
0.0
0.0
0.0
0.0
0.0
0.0
0.0
0.0
0.0
0.0
0.0
0.0
0.0
0.0
0.0
0.0
0.0
0.0
0.0
0.0
0.0
0.0
0.0
0.0
0.0
0.0
0.0
0.0
0.0
0.0
0.0
0.0
0.0
0.0
0.0
0.0
0.0
0.0
0.0
0.0
0.0
0.0
0.0
0.0
0.0
0.0
0.0
0.0
0.0
0.0
0.0
0.0
0.0
0.0
0.0
0.0
0.0
0.0
0.0
0.0
0.0
0.0
0.0
0.0
0.0
0.0
0.0
0.0
0.0
0.0
0.0
0.0
0.0
0.0
0.0
0.0
0.0
0.0
0.0
0.0
0.0
0.0
0.0
0.0
0.0
0.0
0.0
0.0
0.0
0.0
0.0
0.0
0.0
0.0
0.0
0.0
0.0
0.0
0.0
0.0
0.0
0.0
0.0
0.0
0.0
0.0
0.0
0.0
0.0
0.0
0.0
0.0
0.0
0.0
0.0
0.0
0.0
0.0
0.0
0.0
0.0
0.0
0.0
0.0
0.0
0.0
0.0
0.0
0.0
0.0
0.0
0.0
0.0
0.0
0.0
0.0
0.0
0.0
0.0
0.0
0.0
0.0
0.0
0.0
0.0
0.0
0.0
0.0
0.0
0.0
0.0
0.0
0.0
0.0
0.0
0.0
0.0
0.0
0.0
0.0
0.0
0.0
0.0
0.0
0.0
0.0
0.0
0.0
0.0
0.0
0.0
0.0
0.0
0.0
0.0
0.0
0.0
0.0
0.0
0.0
0.0
0.0
0.0
0.0
0.0
0.0
0.0
0.0
0.0
0.0
0.0
0.0
0.0
0.0
0.0
0.0
0.0
0.0
0.0
0.0
0.0
0.0
0.0
0.0
0.0
0.0
0.0
0.0
0.0
0.0
0.0
0.0
0.0
0.0
0.0
0.0
0.0
0.0
0.0
0.0
0.0
0.0
0.0
0.0
0.0
0.0
0.0
0.0
0.0
0.0
0.0
0.0
0.0
0.0
0.0
0.0
0.0
0.0
0.0
0.0
0.0
0.0
0.0
0.0
0.0
0.0
0.0
0.0
0.0
0.0
0.0
0.0
0.0
0.0
0.0
0.0
0.0
0.0
0.0
0.0
0.0
0.0
0.0
0.0
0.0
0.0
0.0
0.0
0.0
0.0
0.0
0.0
0.0
0.0
0.0
0.0
0.0
0.0
0.0
0.0
0.0
0.0
0.0
0.0
0.0
0.0
0.0
0.0
0.0
0.0
0.0
0.0
0.0
0.0
0.0
0.0
0.0
0.0
0.0
0.0
0.0
0.0
0.0
0.0
0.0
0.0
0.0
0.0
0.0
0.0
0.0
0.0
0.0
0.0
0.0
0.0
0.0
0.0
0.0
0.0
0.0
0.0
0.0
0.0
0.0
0.0
0.0
0.0
0.0
0.0
0.0
0.0
0.0
0.0
0.0
0.0
0.0
0.0
0.0
0.0
0.0
0.0
0.0
0.0
0.0
0.0
0.0
0.0
0.0
0.0
0.0
0.0
0.0
0.0
0.0
0.0
0.0
0.0
0.0
0.0
0.0
0.0
0.0
0.0
0.0
0.0
0.0
0.0
0.0
0.0
0.0
0.0
0.0
0.0
0.0
0.0
0.0
0.0
0.0
0.0
0.0
0.0
0.0
0.0
0.0
0.0
0.0
0.0
0.0
0.0
0.0
0.0
0.0
0.0
0.0
0.0
0.0
0.0
0.0
0.0
0.0
0.0
0.0
0.0
0.0
0.0
0.0
0.0
0.0
0.0
0.0
0.0
0.0
0.0
0.0
0.0
0.0
0.0
0.0
0.0
0.0
0.0
0.0
0.0
0.0
0.0
0.0
0.0
0.0
0.0
0.0
0.0
0.0
0.0
0.0
0.0
0.0
0.0
0.0
0.0
0.0
0.0
0.0
0.0
0.0
0.0
0.0
0.0
0.0
0.0
0.0
0.0
0.0
0.0
0.0
0.0
0.0
0.0
0.0
0.0
0.0
0.0
0.0
0.0
0.0
0.0
0.0
0.0
0.0
0.0
0.0
0.0
0.0
0.0
0.0
0.0
0.0
0.0
0.0
0.0
0.0
0.0
0.0
0.0
0.0
0.0
0.0
0.0
0.0
0.0
0.0
0.0
0.0
0.0
0.0
0.0
0.0
0.0
0.0
0.0
0.0
0.0
0.0
0.0
0.0
0.0
0.0
0.0
0.0
0.0
0.0
0.0
0.0
0.0
0.0
0.0
0.0
0.0
0.0
0.0
0.0
0.0
0.0
0.0
0.0
0.0
0.0
0.0
0.0
0.0
0.0
0.0
0.0
0.0
0.0
0.0
0.0
0.0
0.0
0.0
0.0
0.0
0.0
0.0
367940.0
367941.0
0.0
0.0
0.0
0.0
0.0
0.0
0.0
0.0
0.0
0.0
0.0
0.0
0.0
0.0
0.0
0.0
0.0
0.0
0.0
0.0
0.0
0.0
0.0
0.0
0.0
0.0
0.0
0.0
0.0
0.0
0.0
0.0
0.0
0.0
0.0
0.0
0.0
0.0
0.0
0.0
0.0
0.0
0.0
0.0
0.0
0.0
0.0
0.0
0.0
0.0
0.0
0.0
0.0
0.0
0.0
0.0
0.0
0.0
0.0
0.0
0.0
0.0
0.0
0.0
0.0
0.0
0.0
0.0
0.0
0.0
0.0
0.0
0.0
0.0
0.0
0.0
0.0
0.0
0.0
0.0
0.0
0.0
0.0
0.0
0.0
0.0
0.0
0.0
0.0
0.0
0.0
0.0
0.0
0.0
0.0
0.0
0.0
0.0
0.0
0.0
0.0
0.0
0.0
0.0
0.0
0.0
0.0
0.0
0.0
0.0
0.0
0.0
0.0
0.0
375351.0
375429.0
375506.0
375507.0
375584.0
0.0
0.0
0.0
0.0
0.0
0.0
0.0
0.0
0.0
0.0
0.0
0.0
0.0
0.0
0.0
0.0
0.0
0.0
0.0
0.0
0.0
0.0
0.0
0.0
0.0
0.0
0.0
0.0
0.0
0.0
0.0
0.0
0.0
0.0
0.0
0.0
0.0
0.0
0.0
0.0
0.0
0.0
0.0
0.0
0.0
0.0
0.0
0.0
0.0
0.0
0.0
0.0
0.0
0.0
0.0
0.0
0.0
0.0
0.0
0.0
0.0
0.0
0.0
0.0
0.0
0.0
0.0
0.0
0.0
0.0
0.0
0.0
0.0
0.0
0.0
0.0
0.0
0.0
0.0
0.0
0.0
0.0
0.0
0.0
0.0
0.0
0.0
0.0
0.0
0.0
0.0
0.0
0.0
0.0
381366.0
381367.0
0.0
0.0
0.0
0.0
381444.0
381445.0
381446.0
0.0
0.0
0.0
0.0
381523.0
0.0
0.0
0.0
0.0
0.0
0.0
0.0
0.0
382839.0
382917.0
382918.0
382994.0
382995.0
382996.0
383072.0
383073.0
383074.0
383075.0
383150.0
383151.0
383228.0
0.0
0.0
0.0
0.0
0.0
0.0
0.0
0.0
0.0
0.0
0.0
0.0
0.0
0.0
0.0
0.0
0.0
0.0
0.0
0.0
0.0
0.0
0.0
0.0
0.0
0.0
0.0
0.0
0.0
0.0
0.0
0.0
0.0
0.0
0.0
0.0
0.0
0.0
0.0
0.0
0.0
0.0
0.0
0.0
0.0
0.0
0.0
0.0
0.0
0.0
0.0
0.0
0.0
0.0
0.0
0.0
0.0
0.0
0.0
0.0
0.0
0.0
0.0
0.0
0.0
0.0
0.0
0.0
0.0
0.0
0.0
0.0
0.0
0.0
0.0
0.0
0.0
0.0
0.0
0.0
0.0
0.0
0.0
0.0
0.0
0.0
0.0
0.0
0.0
0.0
0.0
0.0
0.0
0.0
0.0
0.0
388776.0
0.0
0.0
0.0
0.0
388854.0
388855.0
0.0
0.0
0.0
388931.0
388932.0
388933.0
0.0
0.0
0.0
0.0
389009.0
389010.0
389011.0
389012.0
0.0
0.0
0.0
389087.0
389088.0
389089.0
0.0
0.0
0.0
0.0
389165.0
389166.0
0.0
0.0
0.0
0.0
0.0
390249.0
390326.0
390327.0
390328.0
390404.0
390405.0
390406.0
390407.0
390408.0
390483.0
390484.0
390485.0
390486.0
390487.0
390560.0
390561.0
390562.0
390563.0
390564.0
390565.0
390638.0
390639.0
390640.0
390641.0
390642.0
390716.0
390717.0
390718.0
390719.0
394083.0
394084.0
394160.0
394161.0
394162.0
394238.0
394239.0
394316.0
0.0
0.0
0.0
0.0
0.0
0.0
0.0
0.0
0.0
0.0
0.0
0.0
0.0
0.0
0.0
0.0
0.0
0.0
0.0
0.0
0.0
0.0
0.0
0.0
0.0
0.0
0.0
0.0
0.0
0.0
0.0
0.0
0.0
0.0
0.0
0.0
0.0
0.0
0.0
0.0
0.0
0.0
0.0
0.0
0.0
0.0
0.0
0.0
0.0
0.0
0.0
0.0
0.0
0.0
0.0
0.0
0.0
0.0
0.0
0.0
0.0
0.0
0.0
0.0
0.0
0.0
0.0
0.0
0.0
0.0
0.0
0.0
0.0
0.0
0.0
0.0
0.0
0.0
0.0
0.0
0.0
0.0
0.0
0.0
0.0
0.0
0.0
0.0
0.0
0.0
0.0
0.0
0.0
0.0
0.0
0.0
0.0
396186.0
0.0
0.0
0.0
0.0
396264.0
0.0
0.0
0.0
0.0
0.0
0.0
396342.0
396343.0
0.0
0.0
0.0
396419.0
396420.0
396421.0
0.0
0.0
0.0
0.0
396497.0
396498.0
0.0
0.0
0.0
0.0
0.0
396575.0
396577.0
396578.0
0.0
0.0
0.0
396652.0
396653.0
396654.0
396655.0
0.0
0.0
0.0
396730.0
396731.0
396732.0
0.0
0.0
396808.0
396809.0
396810.0
0.0
0.0
396886.0
396887.0
397815.0
397893.0
397894.0
397972.0
398052.0
398053.0
398129.0
398130.0
398131.0
398132.0
398204.0
398207.0
398208.0
398209.0
398282.0
401649.0
401650.0
401651.0
401726.0
401727.0
401728.0
401804.0
401805.0
401882.0
0.0
0.0
0.0
0.0
0.0
0.0
0.0
0.0
0.0
0.0
0.0
0.0
0.0
0.0
0.0
0.0
0.0
0.0
0.0
0.0
0.0
0.0
0.0
0.0
0.0
0.0
0.0
0.0
0.0
0.0
0.0
402428.0
402429.0
0.0
0.0
0.0
0.0
0.0
0.0
0.0
0.0
0.0
0.0
0.0
0.0
0.0
0.0
0.0
0.0
0.0
0.0
0.0
0.0
0.0
0.0
0.0
0.0
0.0
0.0
0.0
0.0
0.0
0.0
0.0
0.0
0.0
0.0
0.0
403441.0
0.0
0.0
0.0
0.0
0.0
403519.0
0.0
0.0
0.0
0.0
0.0
0.0
403596.0
403597.0
0.0
0.0
0.0
0.0
0.0
403674.0
403675.0
0.0
0.0
0.0
0.0
0.0
0.0
403752.0
403753.0
0.0
0.0
0.0
0.0
403830.0
403831.0
0.0
0.0
0.0
0.0
0.0
403907.0
403908.0
403909.0
0.0
0.0
0.0
0.0
403985.0
403986.0
403987.0
0.0
0.0
0.0
0.0
404062.0
404063.0
404064.0
0.0
0.0
0.0
0.0
0.0
404140.0
404141.0
0.0
0.0
0.0
0.0
0.0
404217.0
404218.0
404219.0
404220.0
404221.0
0.0
0.0
0.0
404295.0
404296.0
404297.0
0.0
0.0
0.0
404375.0
0.0
0.0
404453.0
0.0
0.0
404844.0
404920.0
404921.0
404997.0
404998.0
404999.0
405076.0
0.0
0.0
0.0
405618.0
405619.0
405695.0
405696.0
405697.0
405773.0
405774.0
409217.0
409293.0
409294.0
409295.0
409370.0
409371.0
409372.0
409448.0
409449.0
409604.0
0.0
0.0
0.0
0.0
0.0
0.0
0.0
0.0
0.0
0.0
0.0
0.0
0.0
0.0
0.0
0.0
0.0
0.0
0.0
0.0
0.0
409918.0
0.0
0.0
0.0
0.0
0.0
0.0
0.0
0.0
409993.0
409994.0
409995.0
409996.0
409997.0
0.0
0.0
0.0
0.0
0.0
0.0
0.0
0.0
0.0
410071.0
410072.0
410073.0
410074.0
0.0
0.0
0.0
0.0
0.0
0.0
0.0
0.0
0.0
0.0
0.0
0.0
0.0
0.0
0.0
0.0
0.0
0.0
0.0
0.0
0.0
0.0
0.0
0.0
0.0
0.0
0.0
0.0
0.0
0.0
0.0
0.0
0.0
0.0
0.0
0.0
0.0
0.0
0.0
0.0
0.0
0.0
0.0
0.0
0.0
0.0
0.0
410928.0
410929.0
0.0
0.0
0.0
0.0
411007.0
0.0
0.0
0.0
0.0
411085.0
0.0
0.0
0.0
0.0
411162.0
411163.0
0.0
0.0
0.0
0.0
0.0
0.0
411239.0
411240.0
411241.0
0.0
0.0
0.0
0.0
0.0
0.0
411316.0
411317.0
411318.0
411319.0
0.0
0.0
0.0
0.0
0.0
411395.0
411396.0
411397.0
0.0
0.0
0.0
0.0
0.0
411472.0
411473.0
411474.0
411475.0
0.0
0.0
0.0
0.0
411550.0
411551.0
411552.0
0.0
0.0
0.0
0.0
411628.0
411629.0
0.0
0.0
0.0
0.0
0.0
411705.0
411706.0
411707.0
0.0
0.0
0.0
0.0
0.0
411783.0
411784.0
0.0
0.0
0.0
411861.0
411862.0
0.0
0.0
0.0
411939.0
411940.0
0.0
0.0
412017.0
0.0
412409.0
412410.0
412486.0
412487.0
412563.0
412564.0
412565.0
412641.0
412642.0
412643.0
412720.0
0.0
0.0
0.0
0.0
0.0
0.0
0.0
0.0
0.0
0.0
0.0
413262.0
416860.0
416861.0
416936.0
416937.0
416938.0
416939.0
417014.0
417015.0
417016.0
417017.0
417093.0
417094.0
417095.0
0.0
0.0
0.0
0.0
0.0
0.0
0.0
0.0
0.0
0.0
0.0
0.0
0.0
0.0
0.0
0.0
0.0
0.0
0.0
0.0
0.0
0.0
0.0
0.0
0.0
0.0
0.0
0.0
0.0
0.0
0.0
0.0
0.0
0.0
417560.0
417561.0
417562.0
417563.0
0.0
0.0
0.0
0.0
0.0
0.0
0.0
0.0
0.0
0.0
0.0
0.0
417637.0
417638.0
417639.0
417640.0
417641.0
0.0
0.0
0.0
0.0
0.0
0.0
0.0
0.0
0.0
0.0
417715.0
417716.0
417717.0
417718.0
0.0
0.0
0.0
0.0
0.0
0.0
0.0
0.0
0.0
417794.0
0.0
0.0
0.0
0.0
0.0
0.0
0.0
0.0
0.0
0.0
0.0
0.0
417950.0
0.0
0.0
0.0
0.0
0.0
0.0
0.0
0.0
0.0
0.0
0.0
0.0
0.0
0.0
0.0
0.0
0.0
0.0
0.0
0.0
0.0
0.0
0.0
0.0
0.0
0.0
0.0
0.0
418416.0
418417.0
0.0
0.0
418494.0
418495.0
0.0
0.0
0.0
418573.0
0.0
0.0
0.0
0.0
0.0
418728.0
418729.0
0.0
0.0
418805.0
418806.0
418807.0
0.0
0.0
0.0
418882.0
418883.0
418884.0
418885.0
0.0
0.0
0.0
0.0
418960.0
418961.0
418962.0
0.0
0.0
0.0
0.0
419038.0
419039.0
0.0
0.0
0.0
0.0
419115.0
419116.0
419117.0
0.0
0.0
0.0
0.0
419193.0
419194.0
419195.0
0.0
0.0
0.0
0.0
0.0
419271.0
419272.0
419273.0
0.0
0.0
0.0
0.0
419349.0
419350.0
0.0
0.0
0.0
0.0
0.0
419427.0
419428.0
0.0
0.0
0.0
419505.0
0.0
419582.0
419583.0
0.0
419897.0
419898.0
0.0
419974.0
419975.0
419976.0
420051.0
420052.0
420053.0
420129.0
420130.0
420131.0
420207.0
420208.0
420209.0
420286.0
420287.0
0.0
0.0
0.0
0.0
0.0
0.0
0.0
0.0
0.0
0.0
0.0
0.0
0.0
0.0
0.0
0.0
0.0
0.0
0.0
0.0
0.0
0.0
424427.0
424428.0
424504.0
424505.0
424506.0
424507.0
424508.0
424580.0
424581.0
424582.0
424583.0
424584.0
424585.0
424586.0
424659.0
424660.0
424661.0
424662.0
424737.0
0.0
0.0
0.0
0.0
0.0
0.0
0.0
0.0
0.0
0.0
0.0
0.0
0.0
0.0
0.0
0.0
0.0
0.0
0.0
0.0
0.0
0.0
0.0
0.0
0.0
0.0
0.0
0.0
0.0
0.0
0.0
0.0
0.0
0.0
0.0
0.0
0.0
0.0
0.0
0.0
0.0
0.0
0.0
0.0
0.0
0.0
0.0
0.0
0.0
0.0
0.0
0.0
0.0
0.0
0.0
0.0
0.0
425204.0
425205.0
425206.0
0.0
0.0
0.0
0.0
0.0
0.0
0.0
0.0
0.0
0.0
0.0
0.0
0.0
425282.0
425283.0
425284.0
0.0
0.0
0.0
0.0
0.0
0.0
0.0
0.0
0.0
0.0
0.0
425359.0
425360.0
425361.0
425362.0
0.0
0.0
0.0
0.0
0.0
0.0
0.0
0.0
425438.0
0.0
0.0
0.0
0.0
0.0
0.0
0.0
0.0
0.0
425516.0
425517.0
0.0
0.0
0.0
425593.0
425594.0
425595.0
0.0
0.0
0.0
425672.0
0.0
0.0
0.0
0.0
0.0
0.0
425750.0
425751.0
0.0
0.0
0.0
0.0
0.0
0.0
0.0
0.0
0.0
0.0
0.0
0.0
0.0
0.0
0.0
0.0
0.0
0.0
0.0
0.0
0.0
425981.0
425982.0
425983.0
0.0
0.0
0.0
0.0
0.0
426059.0
426060.0
426061.0
0.0
426137.0
0.0
0.0
426215.0
426216.0
426217.0
426293.0
426294.0
426295.0
426371.0
426372.0
426373.0
426448.0
426449.0
426450.0
0.0
0.0
426526.0
426527.0
426528.0
0.0
0.0
426603.0
426604.0
426605.0
426606.0
0.0
0.0
0.0
426681.0
426682.0
426684.0
0.0
0.0
0.0
0.0
426759.0
426760.0
0.0
0.0
0.0
426837.0
426838.0
426839.0
0.0
0.0
0.0
0.0
426915.0
426916.0
0.0
0.0
0.0
0.0
426992.0
426993.0
426994.0
0.0
0.0
427071.0
427072.0
0.0
0.0
0.0
0.0
427541.0
0.0
427617.0
427618.0
427619.0
0.0
427695.0
427696.0
427697.0
0.0
0.0
427774.0
427775.0
427776.0
0.0
0.0
0.0
427852.0
0.0
0.0
0.0
0.0
0.0
0.0
0.0
0.0
0.0
0.0
0.0
0.0
0.0
0.0
0.0
0.0
0.0
0.0
0.0
0.0
0.0
0.0
0.0
432071.0
432072.0
432073.0
432074.0
432147.0
432148.0
432149.0
432150.0
432151.0
432152.0
0.0
432224.0
432225.0
432226.0
432227.0
432228.0
432229.0
0.0
0.0
432302.0
432303.0
432305.0
432306.0
432307.0
432380.0
0.0
0.0
0.0
0.0
0.0
0.0
0.0
0.0
0.0
0.0
0.0
0.0
0.0
0.0
0.0
0.0
0.0
0.0
0.0
0.0
0.0
0.0
0.0
0.0
0.0
0.0
0.0
0.0
0.0
0.0
0.0
0.0
0.0
0.0
0.0
0.0
0.0
0.0
0.0
0.0
0.0
0.0
0.0
0.0
0.0
0.0
0.0
0.0
0.0
0.0
0.0
0.0
0.0
0.0
0.0
0.0
0.0
0.0
0.0
0.0
0.0
0.0
0.0
0.0
0.0
0.0
0.0
0.0
0.0
0.0
0.0
0.0
0.0
0.0
0.0
0.0
0.0
0.0
432847.0
432848.0
432849.0
432850.0
0.0
0.0
0.0
0.0
0.0
0.0
0.0
0.0
0.0
0.0
0.0
432925.0
432926.0
432927.0
432928.0
0.0
0.0
0.0
0.0
0.0
0.0
0.0
0.0
0.0
433003.0
433004.0
433005.0
0.0
0.0
0.0
0.0
0.0
0.0
433081.0
0.0
433083.0
0.0
0.0
0.0
0.0
433159.0
433160.0
0.0
0.0
0.0
0.0
433237.0
433238.0
433239.0
0.0
0.0
0.0
0.0
0.0
0.0
0.0
0.0
0.0
0.0
433316.0
433317.0
0.0
0.0
0.0
0.0
0.0
0.0
0.0
0.0
0.0
0.0
0.0
0.0
0.0
0.0
0.0
0.0
0.0
0.0
0.0
0.0
0.0
0.0
0.0
0.0
0.0
0.0
0.0
0.0
0.0
0.0
0.0
0.0
0.0
433547.0
433548.0
433549.0
0.0
0.0
0.0
0.0
0.0
0.0
0.0
0.0
0.0
0.0
433625.0
433626.0
433627.0
0.0
0.0
0.0
433703.0
433704.0
0.0
0.0
0.0
433782.0
0.0
0.0
433860.0
433936.0
433937.0
433938.0
434015.0
434016.0
434091.0
434092.0
434093.0
434094.0
434095.0
434169.0
434170.0
434171.0
434172.0
434173.0
434247.0
434248.0
434249.0
434250.0
0.0
0.0
434325.0
434326.0
434328.0
434329.0
0.0
434402.0
434403.0
434404.0
434406.0
434407.0
434480.0
434481.0
434482.0
434558.0
434559.0
434560.0
434561.0
434637.0
434638.0
434639.0
0.0
0.0
0.0
0.0
0.0
0.0
0.0
0.0
0.0
0.0
0.0
0.0
0.0
0.0
0.0
0.0
0.0
0.0
0.0
435262.0
435263.0
0.0
0.0
0.0
0.0
0.0
0.0
435340.0
435341.0
435342.0
0.0
0.0
0.0
0.0
0.0
0.0
0.0
0.0
0.0
0.0
0.0
0.0
0.0
0.0
0.0
0.0
0.0
0.0
0.0
0.0
0.0
0.0
0.0
0.0
0.0
0.0
0.0
0.0
439716.0
439717.0
439718.0
439791.0
439792.0
439793.0
439794.0
0.0
439796.0
0.0
439867.0
439870.0
439871.0
0.0
0.0
0.0
0.0
439946.0
0.0
0.0
0.0
0.0
0.0
0.0
0.0
0.0
0.0
0.0
0.0
0.0
0.0
0.0
0.0
0.0
0.0
0.0
0.0
0.0
0.0
0.0
0.0
0.0
0.0
0.0
0.0
0.0
0.0
0.0
0.0
0.0
0.0
0.0
0.0
0.0
0.0
0.0
0.0
0.0
0.0
0.0
0.0
0.0
0.0
0.0
0.0
0.0
0.0
0.0
0.0
0.0
0.0
0.0
0.0
0.0
0.0
0.0
0.0
0.0
0.0
0.0
440336.0
440337.0
0.0
0.0
0.0
0.0
0.0
0.0
0.0
0.0
0.0
0.0
0.0
0.0
0.0
440413.0
440414.0
0.0
0.0
0.0
0.0
0.0
0.0
0.0
0.0
0.0
440491.0
440492.0
440493.0
440494.0
0.0
0.0
0.0
0.0
440569.0
440570.0
440571.0
0.0
0.0
0.0
0.0
0.0
440647.0
440648.0
0.0
0.0
0.0
0.0
0.0
0.0
440724.0
440725.0
440726.0
0.0
0.0
0.0
0.0
0.0
0.0
0.0
0.0
0.0
0.0
0.0
0.0
0.0
0.0
440802.0
440803.0
440804.0
0.0
0.0
0.0
0.0
0.0
0.0
0.0
0.0
0.0
0.0
0.0
440880.0
440881.0
440882.0
440883.0
0.0
0.0
0.0
0.0
0.0
0.0
0.0
0.0
0.0
0.0
0.0
0.0
0.0
440959.0
440960.0
440961.0
0.0
0.0
0.0
0.0
0.0
0.0
0.0
0.0
0.0
0.0
0.0
0.0
0.0
441037.0
441039.0
0.0
0.0
0.0
0.0
0.0
0.0
0.0
0.0
0.0
0.0
0.0
0.0
0.0
0.0
0.0
441114.0
441115.0
441116.0
0.0
0.0
0.0
0.0
0.0
0.0
0.0
0.0
0.0
0.0
0.0
0.0
0.0
0.0
441191.0
441192.0
441193.0
441194.0
0.0
0.0
0.0
0.0
0.0
0.0
0.0
0.0
0.0
0.0
0.0
0.0
0.0
441269.0
441270.0
441271.0
0.0
0.0
0.0
0.0
0.0
0.0
0.0
0.0
0.0
441346.0
441347.0
441348.0
0.0
0.0
0.0
441424.0
441425.0
441426.0
441502.0
441503.0
0.0
441580.0
441581.0
441582.0
0.0
0.0
441658.0
441659.0
441660.0
0.0
441734.0
441735.0
441736.0
441737.0
441738.0
0.0
0.0
441812.0
441813.0
441814.0
441815.0
0.0
0.0
0.0
441890.0
441891.0
441893.0
441894.0
0.0
0.0
441968.0
441969.0
441971.0
0.0
0.0
0.0
442046.0
442048.0
442125.0
442126.0
442127.0
442203.0
442204.0
0.0
0.0
0.0
0.0
0.0
0.0
0.0
0.0
0.0
0.0
0.0
0.0
0.0
0.0
0.0
0.0
0.0
0.0
0.0
0.0
0.0
0.0
0.0
0.0
0.0
0.0
0.0
0.0
0.0
0.0
0.0
0.0
0.0
0.0
0.0
0.0
0.0
0.0
0.0
0.0
0.0
0.0
0.0
0.0
0.0
0.0
0.0
0.0
0.0
0.0
0.0
0.0
0.0
0.0
0.0
0.0
0.0
0.0
0.0
447357.0
447358.0
447359.0
0.0
0.0
0.0
0.0
447434.0
447435.0
447436.0
447437.0
0.0
0.0
0.0
0.0
447511.0
447512.0
447513.0
447514.0
447515.0
0.0
0.0
0.0
0.0
0.0
0.0
0.0
0.0
0.0
0.0
447589.0
447590.0
447593.0
447594.0
0.0
0.0
0.0
0.0
0.0
0.0
0.0
0.0
0.0
0.0
0.0
0.0
0.0
0.0
447667.0
447671.0
447672.0
0.0
0.0
0.0
0.0
0.0
0.0
0.0
0.0
0.0
0.0
0.0
0.0
0.0
0.0
0.0
0.0
0.0
447749.0
447750.0
0.0
0.0
0.0
0.0
0.0
0.0
0.0
0.0
0.0
0.0
0.0
0.0
0.0
0.0
0.0
0.0
447824.0
447827.0
447828.0
0.0
0.0
0.0
0.0
0.0
0.0
0.0
0.0
0.0
0.0
0.0
0.0
0.0
447901.0
447902.0
447903.0
0.0
0.0
0.0
0.0
0.0
0.0
0.0
0.0
0.0
0.0
0.0
447979.0
447980.0
447981.0
0.0
0.0
0.0
0.0
0.0
0.0
448057.0
448058.0
0.0
0.0
0.0
0.0
448135.0
448136.0
448137.0
0.0
0.0
0.0
0.0
0.0
0.0
0.0
448213.0
448214.0
448215.0
0.0
0.0
0.0
0.0
0.0
0.0
0.0
448290.0
448291.0
0.0
0.0
0.0
0.0
0.0
0.0
0.0
0.0
0.0
0.0
0.0
0.0
0.0
448368.0
448369.0
0.0
0.0
0.0
0.0
0.0
0.0
0.0
0.0
0.0
0.0
0.0
0.0
448446.0
448447.0
448448.0
0.0
0.0
0.0
0.0
0.0
0.0
0.0
0.0
0.0
0.0
0.0
0.0
0.0
0.0
448524.0
448525.0
448526.0
0.0
0.0
0.0
0.0
0.0
0.0
0.0
0.0
0.0
0.0
0.0
0.0
0.0
0.0
0.0
0.0
0.0
0.0
0.0
448602.0
448603.0
448604.0
0.0
0.0
0.0
0.0
0.0
0.0
0.0
0.0
0.0
0.0
0.0
0.0
0.0
0.0
0.0
0.0
0.0
0.0
0.0
448680.0
448681.0
448682.0
0.0
0.0
0.0
0.0
0.0
0.0
0.0
0.0
0.0
0.0
0.0
0.0
0.0
0.0
0.0
0.0
448758.0
448759.0
0.0
0.0
0.0
0.0
0.0
0.0
0.0
0.0
0.0
0.0
0.0
0.0
0.0
0.0
0.0
0.0
0.0
448835.0
448836.0
0.0
0.0
0.0
0.0
0.0
0.0
0.0
0.0
0.0
0.0
0.0
0.0
0.0
0.0
448912.0
448913.0
448914.0
0.0
0.0
0.0
0.0
0.0
448990.0
448991.0
448992.0
448994.0
0.0
0.0
0.0
449068.0
449069.0
449071.0
449072.0
0.0
0.0
449145.0
0.0
449147.0
449149.0
0.0
0.0
0.0
449224.0
449225.0
449226.0
449227.0
0.0
0.0
449301.0
449302.0
449303.0
449304.0
449305.0
0.0
0.0
449378.0
449379.0
449380.0
449381.0
449382.0
449383.0
0.0
0.0
449456.0
449457.0
449458.0
449459.0
0.0
0.0
449534.0
449535.0
449536.0
0.0
0.0
0.0
0.0
0.0
0.0
0.0
0.0
0.0
0.0
0.0
0.0
0.0
0.0
0.0
0.0
0.0
0.0
0.0
0.0
0.0
0.0
0.0
0.0
0.0
0.0
0.0
0.0
0.0
0.0
0.0
0.0
0.0
0.0
0.0
0.0
0.0
0.0
0.0
0.0
0.0
0.0
0.0
0.0
0.0
0.0
0.0
455000.0
455001.0
455002.0
455003.0
0.0
0.0
0.0
0.0
455078.0
455079.0
455080.0
455081.0
0.0
0.0
0.0
0.0
0.0
455155.0
455156.0
455157.0
455158.0
455159.0
455160.0
0.0
0.0
0.0
0.0
0.0
0.0
0.0
0.0
0.0
0.0
0.0
455233.0
455234.0
455236.0
455237.0
455238.0
0.0
0.0
0.0
0.0
0.0
0.0
0.0
0.0
0.0
0.0
0.0
0.0
0.0
0.0
0.0
0.0
0.0
455311.0
455312.0
455314.0
455315.0
455316.0
0.0
0.0
0.0
0.0
0.0
0.0
0.0
0.0
0.0
0.0
0.0
0.0
0.0
0.0
455389.0
455390.0
455391.0
455393.0
455394.0
0.0
0.0
0.0
0.0
0.0
0.0
0.0
0.0
0.0
0.0
0.0
0.0
0.0
455467.0
455468.0
455469.0
455471.0
455472.0
0.0
0.0
0.0
0.0
0.0
0.0
0.0
0.0
0.0
0.0
0.0
0.0
455545.0
455546.0
455547.0
455549.0
455550.0
455551.0
0.0
0.0
0.0
0.0
0.0
0.0
0.0
0.0
0.0
0.0
0.0
455623.0
455624.0
455627.0
0.0
0.0
0.0
0.0
0.0
455701.0
455702.0
0.0
0.0
0.0
0.0
0.0
0.0
0.0
0.0
455779.0
455780.0
455781.0
0.0
0.0
0.0
0.0
0.0
0.0
0.0
0.0
0.0
0.0
0.0
0.0
0.0
0.0
0.0
0.0
0.0
0.0
0.0
0.0
0.0
455934.0
455935.0
0.0
0.0
0.0
0.0
0.0
0.0
0.0
0.0
0.0
0.0
0.0
0.0
456012.0
0.0
0.0
0.0
0.0
0.0
0.0
0.0
0.0
0.0
0.0
0.0
0.0
0.0
0.0
0.0
0.0
0.0
0.0
0.0
456090.0
456091.0
0.0
0.0
0.0
0.0
0.0
0.0
0.0
0.0
0.0
0.0
0.0
0.0
0.0
0.0
0.0
0.0
0.0
456168.0
456169.0
0.0
0.0
0.0
0.0
0.0
0.0
0.0
0.0
0.0
0.0
0.0
0.0
0.0
0.0
0.0
456246.0
456247.0
0.0
0.0
0.0
0.0
0.0
0.0
0.0
0.0
0.0
0.0
0.0
0.0
0.0
0.0
0.0
0.0
0.0
0.0
0.0
456322.0
456323.0
456324.0
456325.0
0.0
0.0
0.0
0.0
0.0
0.0
0.0
0.0
0.0
0.0
0.0
0.0
0.0
0.0
0.0
0.0
0.0
456400.0
456401.0
456402.0
0.0
0.0
0.0
0.0
0.0
0.0
0.0
0.0
0.0
0.0
0.0
0.0
0.0
0.0
0.0
456478.0
456479.0
456480.0
0.0
0.0
0.0
0.0
0.0
0.0
0.0
456556.0
456557.0
456558.0
456559.0
456560.0
0.0
0.0
0.0
0.0
456634.0
456635.0
456636.0
456637.0
456638.0
0.0
0.0
0.0
456712.0
456713.0
456714.0
456715.0
0.0
0.0
0.0
0.0
0.0
0.0
456792.0
456793.0
0.0
0.0
0.0
456870.0
456871.0
0.0
0.0
0.0
456945.0
456946.0
0.0
0.0
0.0
0.0
457022.0
457023.0
457025.0
0.0
0.0
457101.0
457102.0
0.0
0.0
0.0
0.0
0.0
0.0
0.0
0.0
0.0
0.0
0.0
0.0
0.0
0.0
0.0
0.0
0.0
0.0
0.0
0.0
0.0
0.0
0.0
0.0
462645.0
462646.0
0.0
462722.0
462723.0
462724.0
462725.0
462726.0
0.0
0.0
0.0
0.0
0.0
0.0
0.0
0.0
462799.0
462800.0
462801.0
462802.0
462803.0
0.0
0.0
0.0
0.0
0.0
0.0
0.0
0.0
0.0
0.0
0.0
0.0
462877.0
462878.0
462879.0
462880.0
462881.0
0.0
0.0
0.0
0.0
0.0
0.0
0.0
0.0
0.0
0.0
0.0
0.0
0.0
0.0
0.0
0.0
0.0
0.0
462959.0
0.0
0.0
0.0
0.0
0.0
0.0
0.0
0.0
0.0
0.0
0.0
0.0
0.0
0.0
0.0
0.0
0.0
0.0
463033.0
463034.0
463035.0
463037.0
463038.0
463039.0
0.0
0.0
0.0
0.0
0.0
0.0
0.0
0.0
0.0
0.0
0.0
0.0
463111.0
463112.0
463113.0
463114.0
463115.0
463116.0
463117.0
0.0
0.0
0.0
0.0
0.0
0.0
0.0
0.0
0.0
0.0
0.0
0.0
0.0
463189.0
463190.0
463191.0
463193.0
0.0
0.0
0.0
0.0
0.0
0.0
0.0
0.0
0.0
463267.0
463268.0
463269.0
0.0
0.0
0.0
0.0
0.0
0.0
0.0
0.0
0.0
0.0
0.0
463345.0
463346.0
0.0
0.0
0.0
0.0
0.0
0.0
0.0
0.0
0.0
0.0
0.0
0.0
0.0
0.0
0.0
463424.0
0.0
0.0
0.0
0.0
0.0
0.0
0.0
0.0
0.0
0.0
463500.0
0.0
0.0
0.0
0.0
0.0
0.0
0.0
0.0
0.0
0.0
0.0
0.0
0.0
463577.0
463578.0
0.0
0.0
0.0
0.0
0.0
0.0
0.0
0.0
0.0
0.0
0.0
0.0
0.0
0.0
0.0
0.0
0.0
0.0
0.0
0.0
463655.0
463656.0
0.0
0.0
0.0
0.0
0.0
0.0
0.0
0.0
0.0
0.0
0.0
0.0
0.0
0.0
0.0
463734.0
463735.0
0.0
0.0
0.0
0.0
0.0
0.0
0.0
0.0
0.0
0.0
0.0
0.0
0.0
0.0
0.0
0.0
0.0
463811.0
463812.0
0.0
0.0
0.0
0.0
0.0
0.0
0.0
0.0
0.0
0.0
0.0
0.0
0.0
0.0
0.0
0.0
463888.0
463889.0
463890.0
0.0
0.0
0.0
0.0
0.0
0.0
0.0
0.0
0.0
0.0
0.0
0.0
0.0
0.0
0.0
0.0
0.0
463966.0
463967.0
463969.0
0.0
0.0
0.0
0.0
0.0
0.0
0.0
0.0
0.0
0.0
0.0
0.0
464044.0
464045.0
464046.0
464047.0
464048.0
0.0
0.0
0.0
0.0
0.0
0.0
0.0
0.0
0.0
464121.0
464122.0
464123.0
464124.0
464125.0
464126.0
0.0
0.0
0.0
0.0
0.0
0.0
464200.0
464201.0
464202.0
464203.0
0.0
0.0
0.0
0.0
464278.0
464279.0
464280.0
0.0
0.0
0.0
0.0
0.0
464356.0
464357.0
464358.0
0.0
0.0
0.0
0.0
0.0
0.0
0.0
0.0
0.0
0.0
0.0
0.0
0.0
0.0
0.0
0.0
0.0
0.0
0.0
0.0
0.0
0.0
0.0
0.0
0.0
0.0
0.0
0.0
0.0
470366.0
470367.0
470368.0
470369.0
0.0
0.0
0.0
0.0
0.0
0.0
0.0
470443.0
470444.0
470445.0
470446.0
470447.0
0.0
0.0
0.0
0.0
0.0
0.0
0.0
0.0
0.0
0.0
0.0
0.0
0.0
0.0
470524.0
470525.0
0.0
0.0
0.0
0.0
0.0
0.0
0.0
0.0
0.0
0.0
0.0
0.0
0.0
0.0
0.0
0.0
0.0
0.0
470603.0
470604.0
0.0
0.0
0.0
0.0
0.0
0.0
0.0
0.0
0.0
0.0
0.0
0.0
0.0
0.0
0.0
0.0
470678.0
470679.0
470681.0
470682.0
0.0
0.0
0.0
0.0
0.0
0.0
0.0
0.0
0.0
0.0
0.0
0.0
0.0
0.0
0.0
0.0
470755.0
470756.0
470757.0
470758.0
470759.0
470760.0
0.0
0.0
0.0
0.0
0.0
0.0
0.0
0.0
0.0
0.0
0.0
470832.0
470833.0
470834.0
470835.0
470836.0
0.0
0.0
0.0
0.0
0.0
0.0
0.0
0.0
0.0
0.0
0.0
0.0
470910.0
470911.0
0.0
0.0
0.0
0.0
0.0
0.0
0.0
0.0
0.0
0.0
0.0
0.0
0.0
0.0
0.0
0.0
0.0
0.0
0.0
0.0
0.0
0.0
0.0
0.0
0.0
0.0
0.0
0.0
0.0
0.0
0.0
0.0
0.0
471065.0
471066.0
0.0
0.0
0.0
0.0
0.0
0.0
0.0
0.0
0.0
0.0
0.0
0.0
0.0
471143.0
471144.0
0.0
0.0
0.0
0.0
0.0
0.0
0.0
0.0
0.0
0.0
0.0
0.0
0.0
0.0
0.0
0.0
0.0
471221.0
471222.0
0.0
0.0
0.0
0.0
0.0
0.0
0.0
0.0
0.0
0.0
0.0
0.0
0.0
0.0
0.0
0.0
0.0
0.0
0.0
0.0
0.0
0.0
0.0
0.0
0.0
0.0
0.0
0.0
0.0
0.0
0.0
0.0
0.0
0.0
0.0
0.0
0.0
0.0
0.0
0.0
0.0
0.0
0.0
0.0
0.0
0.0
0.0
0.0
0.0
0.0
0.0
0.0
0.0
0.0
0.0
0.0
0.0
0.0
0.0
0.0
0.0
0.0
471532.0
471533.0
471534.0
471535.0
0.0
0.0
0.0
0.0
0.0
0.0
0.0
0.0
0.0
0.0
0.0
0.0
471610.0
471611.0
471612.0
471613.0
471614.0
0.0
0.0
0.0
0.0
0.0
0.0
0.0
0.0
471688.0
471689.0
471690.0
0.0
471692.0
471693.0
0.0
0.0
0.0
0.0
0.0
0.0
0.0
471767.0
0.0
0.0
0.0
0.0
0.0
0.0
0.0
0.0
0.0
0.0
0.0
0.0
0.0
0.0
0.0
0.0
0.0
0.0
0.0
0.0
0.0
0.0
0.0
0.0
0.0
0.0
0.0
0.0
0.0
0.0
0.0
0.0
0.0
0.0
0.0
0.0
0.0
0.0
0.0
478011.0
478012.0
478013.0
0.0
0.0
0.0
0.0
478090.0
478091.0
0.0
0.0
0.0
0.0
0.0
0.0
0.0
0.0
0.0
0.0
0.0
478167.0
478168.0
478169.0
478170.0
0.0
0.0
0.0
0.0
0.0
0.0
0.0
0.0
0.0
0.0
0.0
0.0
478245.0
478246.0
478247.0
478248.0
0.0
0.0
0.0
0.0
0.0
0.0
0.0
0.0
0.0
0.0
0.0
0.0
0.0
0.0
0.0
0.0
0.0
0.0
0.0
478322.0
478323.0
478324.0
478326.0
0.0
0.0
0.0
0.0
0.0
0.0
0.0
0.0
0.0
0.0
0.0
0.0
0.0
0.0
478398.0
0.0
0.0
478401.0
478402.0
0.0
0.0
0.0
0.0
0.0
0.0
0.0
0.0
0.0
0.0
0.0
0.0
0.0
0.0
0.0
0.0
0.0
0.0
0.0
0.0
0.0
0.0
0.0
0.0
0.0
0.0
0.0
0.0
0.0
0.0
0.0
0.0
0.0
478553.0
478554.0
0.0
0.0
0.0
0.0
0.0
0.0
0.0
0.0
0.0
0.0
0.0
0.0
0.0
0.0
0.0
0.0
0.0
478632.0
0.0
0.0
0.0
0.0
0.0
0.0
0.0
0.0
0.0
0.0
0.0
0.0
0.0
0.0
478709.0
478710.0
0.0
0.0
0.0
478715.0
0.0
0.0
0.0
0.0
0.0
0.0
0.0
0.0
0.0
0.0
478787.0
478788.0
0.0
0.0
0.0
0.0
478793.0
0.0
0.0
0.0
0.0
0.0
0.0
0.0
478865.0
0.0
0.0
0.0
0.0
0.0
0.0
0.0
0.0
0.0
0.0
0.0
0.0
0.0
0.0
0.0
0.0
0.0
0.0
0.0
0.0
0.0
0.0
0.0
0.0
0.0
0.0
0.0
0.0
0.0
0.0
0.0
0.0
0.0
0.0
0.0
479023.0
0.0
0.0
0.0
0.0
0.0
0.0
0.0
0.0
0.0
0.0
0.0
0.0
0.0
0.0
0.0
479100.0
479101.0
0.0
0.0
0.0
0.0
0.0
0.0
0.0
0.0
0.0
0.0
0.0
0.0
0.0
0.0
479179.0
479180.0
0.0
0.0
0.0
0.0
0.0
0.0
0.0
0.0
0.0
0.0
0.0
0.0
0.0
0.0
0.0
0.0
0.0
0.0
0.0
0.0
0.0
0.0
0.0
0.0
0.0
0.0
0.0
0.0
0.0
0.0
0.0
0.0
0.0
0.0
0.0
0.0
0.0
0.0
0.0
0.0
0.0
0.0
0.0
0.0
0.0
0.0
0.0
0.0
0.0
0.0
0.0
0.0
485734.0
485735.0
0.0
0.0
0.0
0.0
0.0
0.0
0.0
0.0
0.0
485811.0
485812.0
485813.0
485814.0
0.0
0.0
0.0
0.0
0.0
0.0
0.0
0.0
0.0
0.0
0.0
0.0
0.0
0.0
485889.0
485890.0
485891.0
485892.0
0.0
0.0
0.0
0.0
0.0
0.0
0.0
0.0
0.0
0.0
0.0
0.0
0.0
0.0
0.0
0.0
0.0
485967.0
485968.0
0.0
0.0
0.0
0.0
0.0
0.0
0.0
0.0
0.0
0.0
0.0
0.0
0.0
0.0
0.0
0.0
0.0
0.0
0.0
0.0
486046.0
0.0
0.0
0.0
0.0
0.0
0.0
0.0
0.0
0.0
0.0
0.0
0.0
0.0
0.0
0.0
486120.0
0.0
0.0
486123.0
486124.0
486127.0
0.0
0.0
0.0
0.0
0.0
0.0
0.0
0.0
0.0
0.0
0.0
0.0
0.0
0.0
0.0
0.0
486198.0
486199.0
0.0
0.0
0.0
0.0
0.0
0.0
0.0
0.0
0.0
0.0
0.0
0.0
0.0
0.0
0.0
486275.0
486276.0
0.0
0.0
0.0
486280.0
486281.0
486282.0
0.0
0.0
0.0
0.0
0.0
0.0
0.0
0.0
0.0
0.0
486353.0
486354.0
0.0
0.0
0.0
486358.0
486359.0
0.0
0.0
0.0
0.0
0.0
0.0
0.0
0.0
0.0
0.0
486432.0
486433.0
0.0
0.0
0.0
0.0
0.0
0.0
0.0
0.0
0.0
0.0
0.0
0.0
0.0
0.0
0.0
0.0
0.0
0.0
0.0
0.0
0.0
0.0
0.0
0.0
0.0
0.0
0.0
0.0
0.0
0.0
0.0
0.0
0.0
486589.0
0.0
0.0
0.0
0.0
0.0
0.0
0.0
0.0
0.0
0.0
0.0
0.0
0.0
0.0
486667.0
486668.0
0.0
0.0
0.0
0.0
0.0
0.0
0.0
0.0
0.0
0.0
0.0
0.0
0.0
0.0
0.0
0.0
0.0
0.0
0.0
0.0
0.0
0.0
0.0
0.0
0.0
0.0
0.0
0.0
0.0
0.0
0.0
0.0
0.0
0.0
0.0
0.0
0.0
0.0
0.0
0.0
0.0
0.0
0.0
0.0
0.0
0.0
0.0
0.0
0.0
0.0
0.0
0.0
0.0
0.0
493379.0
0.0
0.0
0.0
0.0
0.0
0.0
493456.0
493457.0
0.0
0.0
0.0
0.0
0.0
0.0
0.0
0.0
0.0
0.0
0.0
0.0
493533.0
493534.0
493535.0
0.0
0.0
493538.0
0.0
0.0
0.0
0.0
0.0
0.0
0.0
0.0
0.0
0.0
0.0
0.0
0.0
0.0
0.0
0.0
493612.0
0.0
493614.0
493615.0
493616.0
0.0
0.0
0.0
0.0
0.0
0.0
0.0
0.0
0.0
0.0
0.0
0.0
493686.0
0.0
0.0
493689.0
493690.0
493691.0
493694.0
0.0
0.0
0.0
0.0
0.0
0.0
0.0
0.0
0.0
0.0
0.0
0.0
493764.0
493765.0
493768.0
0.0
0.0
0.0
0.0
0.0
0.0
0.0
0.0
0.0
0.0
0.0
0.0
493841.0
493842.0
493843.0
0.0
0.0
493846.0
493847.0
493848.0
493849.0
0.0
0.0
0.0
0.0
0.0
0.0
0.0
0.0
0.0
493919.0
493920.0
493921.0
0.0
0.0
493924.0
493925.0
493927.0
493928.0
0.0
0.0
0.0
0.0
0.0
0.0
0.0
0.0
0.0
493997.0
493998.0
493999.0
0.0
0.0
0.0
0.0
0.0
0.0
0.0
0.0
0.0
0.0
0.0
0.0
0.0
0.0
494077.0
0.0
0.0
0.0
0.0
0.0
0.0
0.0
0.0
0.0
0.0
0.0
0.0
0.0
494155.0
0.0
0.0
0.0
0.0
0.0
0.0
0.0
0.0
0.0
0.0
0.0
0.0
0.0
0.0
0.0
0.0
0.0
0.0
0.0
0.0
0.0
0.0
0.0
0.0
0.0
0.0
0.0
0.0
0.0
0.0
0.0
0.0
0.0
0.0
0.0
0.0
0.0
0.0
0.0
0.0
0.0
0.0
0.0
0.0
0.0
0.0
0.0
0.0
0.0
0.0
0.0
0.0
0.0
0.0
0.0
0.0
0.0
0.0
0.0
0.0
0.0
0.0
0.0
0.0
0.0
0.0
0.0
0.0
0.0
501101.0
501102.0
0.0
501104.0
0.0
0.0
0.0
0.0
0.0
0.0
501179.0
501180.0
501181.0
501182.0
501183.0
0.0
0.0
0.0
0.0
0.0
0.0
0.0
0.0
0.0
501255.0
501256.0
501257.0
0.0
501260.0
0.0
0.0
0.0
0.0
0.0
0.0
0.0
501330.0
0.0
0.0
0.0
501334.0
501335.0
0.0
0.0
0.0
0.0
0.0
0.0
0.0
0.0
0.0
501408.0
501409.0
0.0
0.0
501412.0
501413.0
501414.0
501415.0
501416.0
0.0
0.0
0.0
0.0
0.0
0.0
0.0
0.0
0.0
0.0
0.0
0.0
501490.0
501493.0
501494.0
501495.0
0.0
0.0
0.0
0.0
0.0
0.0
0.0
0.0
0.0
0.0
0.0
0.0
0.0
0.0
0.0
0.0
0.0
0.0
0.0
0.0
0.0
0.0
0.0
0.0
0.0
0.0
0.0
0.0
0.0
0.0
0.0
0.0
0.0
0.0
0.0
0.0
0.0
0.0
0.0
0.0
0.0
0.0
0.0
0.0
0.0
0.0
0.0
0.0
0.0
0.0
0.0
0.0
0.0
0.0
0.0
0.0
0.0
0.0
0.0
0.0
0.0
0.0
0.0
0.0
0.0
0.0
0.0
0.0
0.0
0.0
0.0
0.0
0.0
0.0
0.0
0.0
0.0
0.0
0.0
0.0
0.0
0.0
0.0
0.0
0.0
0.0
0.0
0.0
508745.0
0.0
508747.0
508748.0
0.0
0.0
508821.0
508822.0
508823.0
0.0
508825.0
508826.0
0.0
0.0
0.0
0.0
0.0
0.0
0.0
0.0
0.0
508902.0
508903.0
508904.0
0.0
0.0
0.0
0.0
0.0
0.0
0.0
0.0
0.0
0.0
0.0
0.0
0.0
508979.0
508980.0
508981.0
508982.0
508983.0
0.0
0.0
0.0
0.0
0.0
0.0
0.0
0.0
0.0
0.0
509056.0
509057.0
509059.0
509060.0
509061.0
0.0
0.0
0.0
0.0
0.0
0.0
0.0
0.0
0.0
0.0
0.0
0.0
0.0
0.0
0.0
0.0
0.0
0.0
0.0
0.0
0.0
0.0
0.0
0.0
0.0
0.0
0.0
0.0
0.0
0.0
0.0
0.0
0.0
0.0
0.0
0.0
0.0
0.0
0.0
0.0
0.0
0.0
0.0
0.0
0.0
0.0
0.0
0.0
0.0
0.0
0.0
0.0
0.0
0.0
0.0
0.0
0.0
0.0
0.0
0.0
0.0
0.0
0.0
0.0
0.0
0.0
0.0
0.0
0.0
516391.0
0.0
0.0
516468.0
516469.0
516470.0
516471.0
0.0
0.0
0.0
516545.0
516546.0
516547.0
516548.0
516549.0
0.0
0.0
0.0
0.0
0.0
0.0
0.0
0.0
0.0
0.0
0.0
0.0
0.0
0.0
0.0
0.0
0.0
0.0
0.0
0.0
0.0
0.0
0.0
0.0
0.0
0.0
0.0
0.0
0.0
0.0
0.0
0.0
0.0
0.0
0.0
0.0
0.0
0.0
0.0
0.0
0.0
0.0
0.0
0.0
0.0
0.0
0.0
0.0
0.0
0.0
0.0
0.0
0.0
0.0
0.0
0.0
0.0
0.0
0.0
0.0
0.0
0.0
0.0
0.0
0.0
0.0
0.0
0.0
0.0
0.0
0.0
0.0
0.0
0.0
0.0
0.0
0.0
0.0
0.0
0.0
0.0
0.0
0.0
0.0
0.0
0.0
0.0
0.0
0.0
0.0
0.0
0.0
0.0
0.0
0.0
0.0
0.0
0.0
0.0
0.0
0.0
0.0
0.0
0.0
0.0
0.0
0.0
0.0
0.0
0.0
0.0
0.0
0.0
0.0
0.0
0.0
0.0
0.0
0.0
0.0
0.0
0.0
0.0
0.0
0.0
0.0
0.0
0.0
0.0
0.0
0.0
0.0
0.0
0.0
0.0
0.0
