55102.0
55103.0
55183.0
55263.0
55264.0
55342.0
55343.0
62511.0
62589.0
62591.0
62594.0
62666.0
62669.0
62670.0
62671.0
62672.0
62673.0
62674.0
62738.0
62739.0
62746.0
62747.0
62748.0
62749.0
62750.0
62751.0
62752.0
62816.0
62817.0
62826.0
62827.0
62828.0
62829.0
62894.0
62905.0
62906.0
62907.0
69921.0
69922.0
69923.0
69995.0
70000.0
70001.0
70076.0
70077.0
70154.0
70155.0
70156.0
70157.0
70159.0
70160.0
70233.0
70234.0
70235.0
70236.0
70237.0
70238.0
70239.0
70240.0
70303.0
70304.0
70312.0
70313.0
70314.0
70315.0
70316.0
70317.0
70381.0
70382.0
70391.0
70392.0
70393.0
70394.0
70458.0
70469.0
70470.0
70471.0
70472.0
70536.0
70537.0
70538.0
70549.0
70550.0
70613.0
70614.0
77334.0
77408.0
77409.0
77410.0
77411.0
77412.0
77413.0
77482.0
77483.0
77486.0
77487.0
77488.0
77489.0
77490.0
77491.0
77560.0
77561.0
77563.0
77565.0
77566.0
77567.0
77568.0
77639.0
77641.0
77642.0
77643.0
77644.0
77645.0
77646.0
77719.0
77720.0
77721.0
77722.0
77725.0
77792.0
77793.0
77798.0
77799.0
77800.0
77801.0
77802.0
77803.0
77804.0
77869.0
77870.0
77872.0
77876.0
77877.0
77878.0
77879.0
77880.0
77881.0
77882.0
77946.0
77947.0
77948.0
77950.0
77955.0
77956.0
77957.0
77958.0
77959.0
77960.0
78024.0
78025.0
78034.0
78035.0
78036.0
78037.0
78038.0
78101.0
78102.0
78103.0
78114.0
78115.0
78179.0
78180.0
78181.0
78182.0
78257.0
78258.0
78259.0
84821.0
84822.0
84823.0
84896.0
84897.0
84898.0
84899.0
84900.0
84901.0
84902.0
84971.0
84973.0
84974.0
84975.0
84976.0
84977.0
84978.0
84979.0
84980.0
85048.0
85049.0
85050.0
85051.0
85052.0
85053.0
85056.0
85057.0
85126.0
85127.0
85129.0
85130.0
85131.0
85132.0
85133.0
85134.0
85135.0
85206.0
85207.0
85208.0
85209.0
85210.0
85211.0
85212.0
85213.0
85280.0
85281.0
85285.0
85286.0
85287.0
85288.0
85291.0
85292.0
85358.0
85359.0
85360.0
85364.0
85365.0
85366.0
85367.0
85368.0
85369.0
85435.0
85436.0
85437.0
85438.0
85439.0
85442.0
85443.0
85444.0
85446.0
85447.0
85512.0
85513.0
85514.0
85515.0
85516.0
85517.0
85521.0
85522.0
85524.0
85525.0
85589.0
85590.0
85591.0
85594.0
85599.0
85600.0
85601.0
85602.0
85603.0
85667.0
85668.0
85669.0
85679.0
85680.0
85744.0
85745.0
85746.0
85747.0
85822.0
85823.0
85824.0
85825.0
85900.0
0.0
0.0
92307.0
92310.0
92311.0
92312.0
92313.0
0.0
0.0
92387.0
92388.0
92389.0
92390.0
92391.0
92462.0
92463.0
92464.0
92465.0
92466.0
92467.0
92468.0
92469.0
92537.0
92538.0
92539.0
92540.0
92541.0
92542.0
92543.0
92545.0
92546.0
92614.0
92615.0
92616.0
92617.0
92618.0
92619.0
92620.0
92621.0
92622.0
92623.0
92624.0
92693.0
92694.0
92695.0
92696.0
92697.0
92700.0
92701.0
92773.0
92774.0
92775.0
92778.0
92846.0
92847.0
92848.0
92851.0
92852.0
92853.0
92854.0
92857.0
92858.0
92924.0
92925.0
92926.0
0.0
92930.0
92931.0
92932.0
92933.0
92934.0
92935.0
93001.0
93002.0
93004.0
93005.0
93009.0
93010.0
93011.0
93012.0
93013.0
93078.0
93079.0
93080.0
93081.0
93082.0
93083.0
93087.0
93088.0
93089.0
93090.0
93155.0
93156.0
93157.0
93158.0
93159.0
93166.0
93167.0
93168.0
93233.0
93234.0
93235.0
93236.0
93237.0
93245.0
93246.0
93311.0
93312.0
93313.0
93314.0
93315.0
93388.0
93389.0
93390.0
93466.0
93467.0
0.0
99716.0
0.0
0.0
99794.0
99795.0
99798.0
99799.0
99800.0
99801.0
0.0
0.0
0.0
99872.0
99873.0
99874.0
99876.0
99877.0
99878.0
99879.0
99880.0
99946.0
99947.0
0.0
0.0
0.0
99951.0
99952.0
99953.0
99954.0
99955.0
99956.0
99957.0
99958.0
0.0
0.0
100028.0
100029.0
100030.0
100031.0
100032.0
100034.0
100035.0
100104.0
100105.0
100106.0
100107.0
100108.0
100109.0
100110.0
100111.0
100112.0
0.0
100182.0
100183.0
100184.0
100185.0
100186.0
100187.0
100189.0
100190.0
0.0
100260.0
100262.0
100263.0
100264.0
100265.0
100266.0
100267.0
100338.0
100343.0
100344.0
100345.0
100412.0
100413.0
100414.0
0.0
0.0
100421.0
100422.0
100423.0
100490.0
100491.0
100492.0
0.0
0.0
0.0
100499.0
100500.0
100501.0
100502.0
100568.0
100569.0
100570.0
0.0
100576.0
100577.0
100578.0
100646.0
100647.0
100649.0
100650.0
100654.0
100655.0
100656.0
100724.0
100725.0
100732.0
100733.0
100734.0
0.0
100800.0
100801.0
100802.0
100803.0
100804.0
0.0
0.0
100879.0
100880.0
100881.0
100882.0
0.0
100957.0
100958.0
100959.0
100960.0
0.0
101036.0
0.0
0.0
0.0
107204.0
107205.0
107206.0
107207.0
107208.0
107209.0
0.0
107282.0
107283.0
107284.0
107285.0
107286.0
107287.0
0.0
0.0
0.0
0.0
107360.0
107361.0
107362.0
107364.0
107365.0
107366.0
107367.0
107368.0
107369.0
0.0
0.0
0.0
0.0
107439.0
107440.0
107442.0
107443.0
107444.0
107445.0
107446.0
107447.0
107511.0
107512.0
107513.0
107514.0
0.0
107516.0
107517.0
107518.0
107520.0
107521.0
107523.0
107524.0
107590.0
107591.0
0.0
107593.0
107594.0
107595.0
0.0
0.0
107600.0
107601.0
107668.0
107671.0
107672.0
107673.0
107674.0
107675.0
107676.0
107678.0
107748.0
107749.0
107750.0
107751.0
107752.0
107753.0
107754.0
107756.0
107768.0
107770.0
107825.0
0.0
107828.0
107829.0
107830.0
107831.0
107845.0
107903.0
107904.0
0.0
0.0
107910.0
107911.0
107921.0
107978.0
107979.0
107980.0
0.0
0.0
0.0
0.0
107987.0
107988.0
107989.0
107999.0
108000.0
108001.0
108056.0
108057.0
0.0
0.0
0.0
108065.0
108066.0
108067.0
108068.0
108133.0
108134.0
108135.0
0.0
0.0
108143.0
108144.0
108145.0
108146.0
108211.0
108212.0
108214.0
108216.0
108221.0
108222.0
108223.0
108288.0
108289.0
108290.0
108291.0
108293.0
108299.0
108300.0
108367.0
108368.0
108369.0
108370.0
0.0
108444.0
108445.0
108446.0
108447.0
108448.0
0.0
108522.0
108523.0
108524.0
108525.0
108526.0
0.0
108600.0
108601.0
108602.0
108603.0
108604.0
0.0
108679.0
108680.0
108681.0
108682.0
0.0
0.0
114692.0
114693.0
114694.0
114695.0
114696.0
114697.0
114698.0
114699.0
0.0
114770.0
114771.0
114772.0
114773.0
114774.0
114775.0
114776.0
114777.0
0.0
0.0
0.0
0.0
114848.0
114849.0
114850.0
114851.0
114852.0
114853.0
114854.0
114855.0
114856.0
114860.0
0.0
0.0
0.0
0.0
114926.0
114927.0
114928.0
114929.0
114930.0
114931.0
114932.0
114933.0
114934.0
114935.0
114937.0
114938.0
115000.0
0.0
115005.0
115008.0
115009.0
115012.0
115013.0
115017.0
115018.0
115019.0
115077.0
115078.0
115079.0
0.0
115081.0
115083.0
115084.0
115085.0
115086.0
115087.0
115089.0
115090.0
115155.0
115156.0
115157.0
115158.0
115159.0
115160.0
115161.0
0.0
0.0
115166.0
115167.0
115168.0
115171.0
115233.0
115234.0
115235.0
115236.0
115238.0
115239.0
115240.0
115241.0
115242.0
115244.0
115245.0
115312.0
115313.0
115314.0
115315.0
115316.0
115317.0
115318.0
115319.0
115320.0
115322.0
115323.0
115325.0
115326.0
115331.0
115334.0
115335.0
115390.0
115391.0
115392.0
0.0
0.0
115395.0
115396.0
115397.0
0.0
115400.0
115401.0
115402.0
115403.0
115404.0
115405.0
115409.0
115410.0
115412.0
115413.0
115414.0
115469.0
0.0
0.0
0.0
115473.0
115477.0
115480.0
115487.0
115488.0
115489.0
115545.0
0.0
0.0
0.0
0.0
115554.0
115555.0
115565.0
115566.0
115567.0
115622.0
115623.0
115624.0
0.0
0.0
0.0
0.0
115631.0
115632.0
115633.0
115634.0
115643.0
115644.0
115645.0
115699.0
115700.0
115702.0
115703.0
0.0
0.0
0.0
115709.0
115710.0
115711.0
115712.0
115777.0
115778.0
115779.0
115780.0
115781.0
115782.0
115787.0
115788.0
115789.0
115855.0
115856.0
115859.0
115860.0
115861.0
115865.0
115866.0
115932.0
115933.0
115934.0
116010.0
116011.0
116012.0
116013.0
116014.0
116088.0
116089.0
116090.0
116091.0
116092.0
116093.0
0.0
116165.0
116166.0
116167.0
116168.0
116169.0
116170.0
116171.0
0.0
0.0
116244.0
116245.0
116246.0
116247.0
116248.0
116249.0
116323.0
116324.0
116325.0
116326.0
116327.0
0.0
117105.0
122180.0
122181.0
122182.0
122184.0
122185.0
122186.0
0.0
0.0
0.0
0.0
122258.0
122259.0
122260.0
122261.0
122262.0
122263.0
122264.0
122265.0
122266.0
0.0
0.0
0.0
0.0
0.0
122336.0
122337.0
122338.0
122339.0
122340.0
122341.0
122342.0
122343.0
122344.0
122347.0
0.0
0.0
0.0
0.0
122416.0
122418.0
122419.0
122420.0
122421.0
122425.0
122426.0
122427.0
122487.0
122488.0
0.0
0.0
122493.0
122494.0
122495.0
122496.0
122497.0
122498.0
122499.0
122500.0
122501.0
122503.0
122504.0
122505.0
122506.0
122507.0
122508.0
122565.0
122566.0
122570.0
122571.0
122572.0
122574.0
122575.0
122577.0
122578.0
122579.0
122581.0
122582.0
122583.0
122584.0
122585.0
122586.0
122643.0
122644.0
122646.0
122647.0
122649.0
122650.0
122651.0
122652.0
122653.0
122656.0
122657.0
122658.0
122659.0
122660.0
122662.0
122663.0
122664.0
122721.0
122722.0
122723.0
122724.0
122725.0
122726.0
122728.0
122729.0
122730.0
122731.0
122732.0
122733.0
122734.0
122737.0
122799.0
122800.0
122801.0
122802.0
122803.0
122804.0
122805.0
122806.0
122807.0
122808.0
122809.0
122810.0
122811.0
122812.0
122813.0
122814.0
122819.0
122820.0
122878.0
122879.0
122880.0
122881.0
122883.0
122884.0
0.0
122886.0
122887.0
122888.0
122889.0
122890.0
122891.0
122892.0
122893.0
122896.0
122897.0
122898.0
122900.0
122901.0
122956.0
122957.0
0.0
0.0
0.0
122961.0
122962.0
122963.0
0.0
122966.0
122967.0
122968.0
122969.0
122970.0
122971.0
122974.0
122975.0
122976.0
122978.0
122979.0
122980.0
123034.0
123035.0
0.0
0.0
0.0
0.0
123040.0
123045.0
123046.0
123047.0
123048.0
123049.0
123050.0
123053.0
123055.0
123056.0
123114.0
0.0
0.0
0.0
123121.0
123124.0
123125.0
123126.0
123127.0
123130.0
123131.0
123132.0
123133.0
123189.0
123192.0
0.0
0.0
0.0
123198.0
123199.0
123208.0
123209.0
123210.0
123211.0
123266.0
123267.0
123268.0
123269.0
0.0
0.0
0.0
0.0
123276.0
123277.0
123278.0
123287.0
123288.0
123343.0
123344.0
0.0
123346.0
123347.0
123348.0
0.0
0.0
123354.0
123355.0
123356.0
123421.0
123422.0
0.0
123424.0
0.0
123426.0
123427.0
123499.0
123500.0
123501.0
123502.0
123503.0
123576.0
123577.0
123578.0
123579.0
123580.0
123581.0
123654.0
123655.0
123656.0
123657.0
123658.0
123731.0
123732.0
123733.0
123734.0
123735.0
123736.0
123737.0
123809.0
123810.0
123811.0
123812.0
123813.0
123814.0
123815.0
0.0
0.0
123889.0
123890.0
123891.0
123892.0
123893.0
0.0
123966.0
123968.0
123969.0
123970.0
124043.0
124044.0
0.0
124121.0
124516.0
124593.0
124594.0
124671.0
124672.0
124749.0
124750.0
124826.0
124827.0
124904.0
124981.0
124982.0
125058.0
125059.0
125136.0
125289.0
0.0
0.0
0.0
129668.0
129671.0
129672.0
129673.0
129674.0
0.0
0.0
0.0
0.0
129746.0
129747.0
129748.0
129749.0
129750.0
129751.0
129752.0
129753.0
129755.0
0.0
0.0
0.0
0.0
129824.0
129825.0
129826.0
129827.0
129828.0
129830.0
129831.0
129832.0
129833.0
0.0
0.0
0.0
0.0
129904.0
129905.0
129906.0
129907.0
129908.0
129909.0
129910.0
129911.0
129913.0
129914.0
129915.0
129918.0
0.0
0.0
129983.0
129984.0
129985.0
129986.0
129987.0
129988.0
129989.0
129991.0
129992.0
129993.0
129995.0
129996.0
129997.0
130054.0
130055.0
130058.0
130059.0
130060.0
130061.0
130062.0
130063.0
130064.0
130065.0
130066.0
130067.0
130068.0
130069.0
130070.0
130071.0
130072.0
130073.0
130074.0
130075.0
130131.0
130132.0
130133.0
130136.0
130137.0
130140.0
130141.0
130142.0
130143.0
130144.0
130145.0
130146.0
130147.0
130148.0
130149.0
130151.0
130152.0
130209.0
130210.0
130215.0
130216.0
130217.0
130218.0
130219.0
130222.0
130223.0
130224.0
130225.0
130226.0
130227.0
130228.0
130229.0
130230.0
130287.0
130288.0
130289.0
130290.0
130291.0
130292.0
130295.0
130296.0
130297.0
130299.0
130300.0
130301.0
130302.0
130303.0
130304.0
130366.0
130368.0
130369.0
130370.0
130371.0
130372.0
130373.0
130374.0
130375.0
130377.0
130378.0
130379.0
130380.0
130381.0
130382.0
130383.0
130384.0
130444.0
130446.0
130447.0
130448.0
130449.0
130450.0
130451.0
130452.0
130453.0
130455.0
130456.0
130457.0
130458.0
130459.0
130461.0
130462.0
130463.0
130522.0
130523.0
0.0
130526.0
130527.0
130528.0
130529.0
130530.0
130532.0
130533.0
130534.0
130535.0
130536.0
130538.0
130539.0
130540.0
130541.0
130544.0
130545.0
130546.0
130599.0
130600.0
130601.0
130602.0
0.0
0.0
0.0
0.0
130610.0
130611.0
130612.0
130613.0
130614.0
130615.0
130616.0
130618.0
130619.0
130621.0
130622.0
130623.0
130624.0
130676.0
130677.0
130678.0
130679.0
130680.0
0.0
0.0
0.0
0.0
130687.0
130688.0
130689.0
130690.0
130691.0
130692.0
130693.0
130694.0
130696.0
130697.0
130699.0
130700.0
130702.0
130703.0
130754.0
130755.0
130756.0
130757.0
130758.0
0.0
0.0
0.0
130765.0
130766.0
130767.0
130768.0
130769.0
130770.0
130774.0
130775.0
130776.0
130777.0
0.0
0.0
0.0
130835.0
130836.0
0.0
0.0
0.0
0.0
130843.0
130844.0
130845.0
130852.0
130853.0
130854.0
130855.0
0.0
0.0
0.0
0.0
130913.0
130914.0
130915.0
0.0
0.0
0.0
130921.0
130922.0
130931.0
130932.0
130987.0
130988.0
130989.0
130990.0
0.0
130992.0
130993.0
0.0
0.0
131065.0
131066.0
131067.0
131068.0
131069.0
0.0
131071.0
131072.0
0.0
131142.0
131143.0
131144.0
131145.0
131146.0
131147.0
131148.0
131149.0
131150.0
131220.0
131221.0
131222.0
131223.0
131224.0
131226.0
131298.0
131299.0
131300.0
131301.0
131302.0
131376.0
131377.0
131378.0
131379.0
131380.0
131381.0
0.0
131455.0
131456.0
131457.0
131458.0
131459.0
0.0
0.0
131534.0
131535.0
131536.0
131537.0
0.0
131610.0
0.0
0.0
0.0
0.0
132003.0
132004.0
132081.0
132082.0
132159.0
132160.0
132237.0
132238.0
132315.0
132316.0
132392.0
132393.0
132394.0
132469.0
132470.0
132471.0
132472.0
132546.0
132547.0
132548.0
132549.0
132622.0
132624.0
132625.0
132626.0
132702.0
132703.0
132704.0
132777.0
132779.0
132780.0
0.0
132854.0
132855.0
132856.0
132857.0
132858.0
132931.0
132932.0
132933.0
132934.0
132935.0
133009.0
133010.0
0.0
0.0
0.0
0.0
137160.0
137161.0
137164.0
137165.0
0.0
0.0
0.0
0.0
0.0
137237.0
137238.0
137239.0
137240.0
137241.0
137242.0
137243.0
137244.0
0.0
0.0
0.0
0.0
0.0
0.0
137314.0
137315.0
137316.0
137317.0
137318.0
137319.0
137320.0
137321.0
137322.0
137324.0
137325.0
0.0
0.0
0.0
137391.0
137392.0
137393.0
137394.0
137396.0
137397.0
137398.0
137399.0
137400.0
137401.0
137402.0
137403.0
137406.0
0.0
0.0
137466.0
137470.0
137472.0
137473.0
137474.0
137475.0
137476.0
137477.0
137478.0
137479.0
137480.0
137481.0
137484.0
137485.0
137542.0
137543.0
137544.0
137545.0
137548.0
137549.0
137550.0
137551.0
137552.0
137553.0
137554.0
137555.0
137556.0
137557.0
137558.0
137559.0
137561.0
137562.0
137563.0
137620.0
137621.0
137622.0
137625.0
137626.0
137627.0
137628.0
137629.0
137630.0
137631.0
137632.0
137633.0
137635.0
137637.0
137638.0
137639.0
137640.0
137641.0
0.0
137702.0
137703.0
137704.0
137705.0
137706.0
137707.0
137708.0
137709.0
137710.0
137711.0
137712.0
137713.0
137718.0
0.0
0.0
137781.0
137782.0
137783.0
137784.0
137785.0
137787.0
137789.0
137790.0
137791.0
137792.0
137793.0
137794.0
137795.0
137796.0
0.0
137856.0
137857.0
137858.0
137862.0
137863.0
137866.0
137867.0
137868.0
137869.0
137870.0
137871.0
137872.0
137873.0
137932.0
137934.0
137935.0
137936.0
137937.0
137938.0
137939.0
137940.0
137941.0
137944.0
137946.0
137947.0
137948.0
138009.0
138010.0
138013.0
138014.0
138015.0
138016.0
138017.0
138018.0
138019.0
138022.0
138023.0
138024.0
138025.0
138026.0
138027.0
138028.0
138087.0
138088.0
138089.0
138091.0
138092.0
138093.0
138094.0
138095.0
138096.0
138099.0
138100.0
138101.0
138102.0
138103.0
138104.0
138105.0
138106.0
138110.0
138111.0
138164.0
138165.0
138166.0
138167.0
0.0
0.0
0.0
138172.0
138173.0
138176.0
138177.0
138178.0
138179.0
138180.0
138181.0
138182.0
138183.0
138184.0
138188.0
138189.0
138190.0
138191.0
138242.0
138243.0
138244.0
138245.0
0.0
0.0
0.0
0.0
138254.0
138255.0
138256.0
138257.0
138258.0
138259.0
138260.0
138261.0
138262.0
138264.0
138265.0
138266.0
138320.0
138321.0
138322.0
138323.0
138324.0
0.0
138326.0
0.0
138331.0
138332.0
138333.0
138334.0
138335.0
138336.0
138337.0
138339.0
138340.0
138343.0
138344.0
0.0
0.0
0.0
0.0
138401.0
138402.0
138403.0
138404.0
0.0
0.0
138409.0
138410.0
138411.0
138412.0
138417.0
138418.0
138419.0
138420.0
138421.0
0.0
0.0
0.0
0.0
138479.0
138480.0
138481.0
138482.0
0.0
0.0
138488.0
138495.0
138496.0
138497.0
138498.0
138499.0
138553.0
138554.0
138555.0
138556.0
138557.0
138558.0
138559.0
0.0
0.0
0.0
138631.0
138632.0
138633.0
138634.0
0.0
138636.0
138637.0
138638.0
138639.0
138708.0
138709.0
138710.0
138711.0
138712.0
138713.0
138714.0
138715.0
138716.0
138786.0
138787.0
138788.0
138789.0
138790.0
138792.0
138793.0
138864.0
138865.0
138866.0
138944.0
138945.0
138946.0
138947.0
0.0
139021.0
139022.0
139023.0
139024.0
139025.0
0.0
0.0
0.0
139100.0
139101.0
139102.0
139103.0
0.0
0.0
0.0
0.0
0.0
0.0
0.0
0.0
0.0
0.0
139569.0
0.0
0.0
0.0
139647.0
0.0
139725.0
139726.0
139804.0
139881.0
139882.0
139959.0
139960.0
0.0
140037.0
140038.0
140114.0
140115.0
140116.0
140188.0
140189.0
140190.0
140191.0
140192.0
140193.0
140265.0
140266.0
140267.0
140268.0
140269.0
140270.0
140343.0
140344.0
140345.0
140346.0
140347.0
0.0
0.0
0.0
140419.0
140420.0
140421.0
140422.0
140423.0
140424.0
0.0
0.0
140497.0
140498.0
140499.0
140500.0
140501.0
140575.0
140576.0
0.0
0.0
0.0
144648.0
144649.0
144651.0
144652.0
0.0
0.0
0.0
0.0
0.0
0.0
144726.0
144727.0
144728.0
144729.0
144730.0
144731.0
144732.0
144733.0
0.0
0.0
0.0
0.0
0.0
0.0
0.0
144805.0
144806.0
144807.0
144808.0
144809.0
144810.0
144811.0
0.0
0.0
0.0
0.0
0.0
0.0
144880.0
144881.0
144884.0
144885.0
144886.0
144887.0
144888.0
144889.0
144890.0
144891.0
144892.0
144894.0
0.0
0.0
0.0
144957.0
144958.0
144959.0
144962.0
144963.0
144964.0
144965.0
144966.0
144967.0
144968.0
144969.0
144970.0
144971.0
144972.0
144973.0
145031.0
145032.0
145035.0
145036.0
145038.0
145039.0
145040.0
145041.0
145042.0
145043.0
145044.0
145045.0
145046.0
145047.0
145048.0
145050.0
145051.0
145052.0
145110.0
145111.0
145115.0
145116.0
145117.0
145118.0
145119.0
145120.0
145121.0
145122.0
145123.0
145125.0
145126.0
145127.0
145129.0
145130.0
0.0
145188.0
145189.0
145191.0
145192.0
145193.0
145194.0
145195.0
145196.0
145197.0
145198.0
145199.0
145201.0
145203.0
145204.0
145205.0
145206.0
145207.0
0.0
0.0
0.0
145267.0
145269.0
145270.0
145271.0
145272.0
145273.0
145275.0
145276.0
145277.0
145279.0
145281.0
145283.0
145284.0
145285.0
0.0
0.0
145347.0
145348.0
145349.0
145350.0
145351.0
145352.0
145353.0
145354.0
145355.0
145356.0
145357.0
145359.0
145360.0
145361.0
145362.0
0.0
145432.0
145433.0
145434.0
145435.0
145436.0
145437.0
145438.0
145439.0
0.0
145501.0
145502.0
145503.0
145504.0
145505.0
145506.0
145507.0
145510.0
145512.0
145514.0
145515.0
145516.0
145576.0
145577.0
145579.0
145580.0
145581.0
145582.0
145583.0
145584.0
145585.0
145590.0
145591.0
145592.0
145593.0
145654.0
145655.0
145657.0
145658.0
145659.0
145660.0
145661.0
145662.0
145663.0
145667.0
145668.0
145669.0
145670.0
145671.0
145672.0
145730.0
145731.0
145732.0
145733.0
145734.0
145736.0
145737.0
145738.0
145739.0
145743.0
145744.0
145745.0
145746.0
145747.0
145748.0
145749.0
145750.0
145751.0
145754.0
145755.0
145808.0
145809.0
145810.0
145811.0
0.0
0.0
0.0
0.0
145820.0
145821.0
145822.0
145825.0
145826.0
145827.0
145828.0
145829.0
145830.0
145832.0
145833.0
145886.0
0.0
0.0
0.0
0.0
0.0
145898.0
145899.0
145900.0
145901.0
145902.0
145903.0
145905.0
145907.0
145908.0
145909.0
145910.0
145911.0
0.0
0.0
145967.0
145968.0
145969.0
145970.0
0.0
0.0
0.0
145976.0
145977.0
145978.0
145979.0
145980.0
145983.0
145984.0
145985.0
145986.0
145987.0
145988.0
0.0
0.0
0.0
0.0
146045.0
146046.0
146047.0
0.0
0.0
0.0
146061.0
146062.0
146063.0
146064.0
146065.0
0.0
0.0
146121.0
146122.0
146123.0
146124.0
146125.0
0.0
0.0
0.0
146197.0
146198.0
146199.0
146200.0
146201.0
146202.0
146203.0
146204.0
0.0
146274.0
146275.0
146277.0
146278.0
146279.0
146280.0
146281.0
146282.0
146352.0
146353.0
146354.0
146430.0
146431.0
146432.0
146433.0
146434.0
146435.0
146509.0
146510.0
146511.0
146512.0
146513.0
0.0
0.0
146588.0
146590.0
146591.0
0.0
0.0
146666.0
146667.0
146668.0
146669.0
0.0
0.0
0.0
0.0
0.0
146745.0
146746.0
0.0
0.0
0.0
0.0
0.0
0.0
0.0
0.0
0.0
0.0
0.0
0.0
0.0
0.0
0.0
0.0
0.0
0.0
0.0
0.0
0.0
0.0
0.0
0.0
0.0
0.0
0.0
0.0
0.0
0.0
0.0
147448.0
0.0
0.0
147525.0
147526.0
0.0
0.0
147604.0
0.0
147681.0
147682.0
0.0
0.0
147755.0
147756.0
147757.0
147758.0
147759.0
0.0
0.0
0.0
147832.0
147833.0
147834.0
147835.0
147836.0
0.0
0.0
0.0
0.0
147911.0
147912.0
147913.0
0.0
0.0
0.0
0.0
147987.0
147989.0
147990.0
0.0
0.0
0.0
0.0
148063.0
148064.0
148065.0
0.0
0.0
0.0
0.0
0.0
0.0
152138.0
152139.0
0.0
0.0
0.0
0.0
0.0
0.0
152215.0
152216.0
152217.0
152218.0
152219.0
152220.0
152221.0
152222.0
0.0
0.0
0.0
0.0
0.0
152292.0
152293.0
152294.0
152295.0
152296.0
152297.0
152298.0
152299.0
152300.0
152301.0
152302.0
0.0
0.0
0.0
0.0
0.0
0.0
152370.0
152371.0
152372.0
152373.0
152374.0
152376.0
152377.0
152378.0
152379.0
152380.0
152381.0
0.0
0.0
0.0
0.0
0.0
0.0
152446.0
152449.0
152450.0
152451.0
152452.0
152454.0
152455.0
152456.0
152457.0
152458.0
152459.0
0.0
0.0
0.0
0.0
0.0
152524.0
152528.0
152529.0
152530.0
152531.0
152532.0
152533.0
152534.0
152536.0
152537.0
152538.0
0.0
152597.0
152598.0
0.0
152601.0
152607.0
152609.0
152610.0
152611.0
152614.0
152615.0
152616.0
152618.0
0.0
152675.0
152676.0
152677.0
152681.0
152682.0
152683.0
152684.0
152686.0
152687.0
152688.0
152689.0
152691.0
152692.0
152693.0
152695.0
152696.0
0.0
152752.0
152753.0
152754.0
152755.0
152758.0
152759.0
152760.0
152761.0
152762.0
152763.0
152764.0
152766.0
152767.0
152769.0
152770.0
152772.0
152773.0
0.0
0.0
0.0
152833.0
152835.0
152836.0
152837.0
152838.0
152839.0
152840.0
152841.0
152842.0
152843.0
152844.0
152845.0
152847.0
152849.0
152850.0
0.0
0.0
0.0
0.0
152913.0
152914.0
152915.0
152916.0
152917.0
152918.0
152919.0
152920.0
152921.0
152923.0
152926.0
152927.0
0.0
0.0
152996.0
152997.0
153001.0
153002.0
153003.0
153004.0
153005.0
153006.0
0.0
0.0
153068.0
153072.0
153079.0
153080.0
153081.0
153082.0
153085.0
0.0
0.0
153146.0
153147.0
153148.0
153149.0
153150.0
153151.0
153157.0
153158.0
153159.0
153220.0
153221.0
153224.0
153225.0
153226.0
153227.0
153228.0
153229.0
153234.0
153235.0
153236.0
153237.0
153239.0
153296.0
153297.0
153298.0
153299.0
153300.0
153302.0
153303.0
153304.0
153305.0
153306.0
153310.0
153311.0
153312.0
153313.0
153314.0
153315.0
153316.0
153317.0
153374.0
153375.0
153376.0
0.0
153381.0
153382.0
0.0
153387.0
153388.0
153389.0
153390.0
153391.0
153392.0
153393.0
153394.0
153395.0
153396.0
153398.0
153452.0
153453.0
0.0
0.0
0.0
0.0
153464.0
153465.0
153466.0
153467.0
153468.0
153469.0
153471.0
153472.0
153473.0
153474.0
153475.0
0.0
0.0
0.0
0.0
0.0
153542.0
153543.0
153544.0
153545.0
153546.0
153547.0
153549.0
153550.0
153551.0
153552.0
153553.0
0.0
0.0
0.0
0.0
0.0
153627.0
153628.0
153629.0
153630.0
153631.0
0.0
0.0
0.0
0.0
0.0
0.0
153841.0
153842.0
0.0
0.0
153919.0
153920.0
153921.0
153922.0
153923.0
153997.0
153998.0
153999.0
154000.0
154001.0
154076.0
154077.0
154078.0
154079.0
0.0
154154.0
154155.0
154156.0
154157.0
0.0
0.0
0.0
154233.0
154234.0
0.0
0.0
0.0
0.0
154311.0
0.0
0.0
0.0
0.0
0.0
0.0
0.0
0.0
0.0
0.0
0.0
0.0
0.0
0.0
0.0
0.0
0.0
0.0
0.0
0.0
0.0
0.0
0.0
0.0
0.0
0.0
0.0
0.0
0.0
0.0
0.0
0.0
0.0
0.0
0.0
0.0
0.0
0.0
0.0
0.0
0.0
0.0
0.0
0.0
0.0
0.0
0.0
0.0
0.0
0.0
0.0
0.0
159627.0
0.0
0.0
0.0
0.0
0.0
0.0
0.0
0.0
0.0
159703.0
159704.0
159705.0
159706.0
0.0
0.0
0.0
0.0
0.0
0.0
0.0
159780.0
159781.0
159782.0
159783.0
159784.0
159785.0
159786.0
159787.0
159788.0
159789.0
0.0
0.0
0.0
0.0
0.0
159858.0
159859.0
159860.0
159861.0
159862.0
159863.0
159864.0
159865.0
159866.0
159867.0
159868.0
159869.0
0.0
0.0
0.0
0.0
0.0
0.0
0.0
159936.0
159937.0
159938.0
159939.0
159940.0
159942.0
159943.0
159944.0
159945.0
159946.0
159947.0
0.0
0.0
0.0
0.0
0.0
0.0
0.0
0.0
160014.0
160015.0
160016.0
160017.0
160019.0
160020.0
160021.0
160022.0
160023.0
160024.0
160025.0
0.0
0.0
0.0
0.0
0.0
160094.0
160095.0
160097.0
160098.0
160099.0
160101.0
160102.0
160103.0
160104.0
160175.0
160176.0
160177.0
160179.0
160180.0
160181.0
160182.0
160183.0
160184.0
160248.0
160249.0
160252.0
160253.0
160254.0
160255.0
160257.0
160258.0
160259.0
160261.0
0.0
160320.0
160321.0
160325.0
160326.0
160327.0
160328.0
160329.0
160330.0
160331.0
160332.0
160333.0
160335.0
160336.0
160338.0
160339.0
0.0
160398.0
160399.0
160402.0
160403.0
160404.0
160405.0
160406.0
160407.0
160408.0
160410.0
160411.0
160415.0
160416.0
0.0
0.0
160477.0
160480.0
160481.0
160482.0
160483.0
160484.0
160485.0
160486.0
160488.0
160489.0
160492.0
160493.0
160494.0
0.0
0.0
160560.0
160561.0
160562.0
160563.0
160564.0
160567.0
160570.0
160571.0
160572.0
160573.0
0.0
0.0
0.0
160645.0
160646.0
160647.0
160648.0
160651.0
0.0
0.0
160714.0
160715.0
160716.0
160722.0
160723.0
160724.0
160725.0
160726.0
0.0
160791.0
160792.0
160793.0
160794.0
160800.0
160801.0
160802.0
0.0
0.0
160866.0
160870.0
160871.0
160877.0
160878.0
160879.0
160880.0
160881.0
160882.0
160883.0
0.0
0.0
0.0
160948.0
160949.0
160953.0
160954.0
160955.0
160956.0
160957.0
160958.0
160959.0
160960.0
160961.0
0.0
0.0
0.0
161026.0
161031.0
161033.0
161034.0
161035.0
161037.0
161038.0
161039.0
161040.0
0.0
0.0
0.0
161109.0
161110.0
161111.0
161112.0
161113.0
161115.0
161116.0
161117.0
161118.0
0.0
0.0
0.0
161196.0
161197.0
0.0
0.0
0.0
0.0
0.0
0.0
0.0
0.0
0.0
0.0
0.0
0.0
0.0
0.0
161487.0
0.0
0.0
0.0
161564.0
161565.0
161566.0
161567.0
0.0
161642.0
161643.0
161644.0
0.0
0.0
0.0
161721.0
161722.0
0.0
0.0
0.0
0.0
0.0
0.0
0.0
0.0
0.0
0.0
0.0
0.0
0.0
0.0
0.0
0.0
0.0
0.0
0.0
0.0
0.0
0.0
0.0
0.0
0.0
0.0
0.0
0.0
0.0
0.0
0.0
0.0
0.0
0.0
0.0
0.0
0.0
0.0
0.0
0.0
0.0
0.0
0.0
0.0
0.0
0.0
0.0
0.0
0.0
0.0
0.0
0.0
0.0
0.0
0.0
0.0
0.0
0.0
0.0
0.0
0.0
0.0
0.0
167191.0
167192.0
0.0
0.0
0.0
0.0
0.0
0.0
0.0
0.0
0.0
0.0
0.0
0.0
167269.0
167270.0
167271.0
167275.0
0.0
0.0
0.0
0.0
0.0
0.0
0.0
0.0
167345.0
167346.0
167347.0
167348.0
167350.0
167351.0
167352.0
167353.0
167354.0
167355.0
167356.0
0.0
0.0
0.0
0.0
0.0
167423.0
167424.0
167425.0
167426.0
167427.0
167429.0
167430.0
167433.0
167434.0
0.0
0.0
0.0
0.0
0.0
0.0
167501.0
167502.0
167504.0
167505.0
167508.0
167509.0
167510.0
0.0
0.0
0.0
0.0
0.0
0.0
0.0
0.0
0.0
0.0
0.0
0.0
167579.0
167580.0
167581.0
167582.0
167583.0
167585.0
167586.0
167587.0
167588.0
167590.0
167591.0
0.0
0.0
0.0
0.0
0.0
0.0
0.0
0.0
167657.0
167658.0
167659.0
167661.0
167663.0
167664.0
167665.0
167667.0
167668.0
0.0
0.0
167741.0
167742.0
167743.0
167745.0
167746.0
167747.0
167748.0
167818.0
167819.0
167820.0
167821.0
167823.0
167824.0
167825.0
167827.0
0.0
167887.0
167894.0
167895.0
167896.0
167897.0
167898.0
167899.0
167901.0
167902.0
167904.0
167905.0
0.0
0.0
167965.0
167966.0
167970.0
167971.0
167972.0
167973.0
167974.0
167976.0
167977.0
167981.0
167982.0
0.0
0.0
0.0
0.0
168042.0
168043.0
168047.0
168048.0
168049.0
168050.0
168051.0
168052.0
168053.0
168054.0
168058.0
168059.0
168060.0
0.0
0.0
168126.0
168127.0
168128.0
168129.0
168130.0
168131.0
168132.0
168136.0
168138.0
168139.0
0.0
0.0
0.0
168213.0
168214.0
168215.0
168216.0
168217.0
168218.0
0.0
168289.0
168290.0
168293.0
168294.0
0.0
0.0
168366.0
168367.0
168368.0
168371.0
168372.0
0.0
0.0
168444.0
168445.0
168446.0
168447.0
168449.0
0.0
0.0
168521.0
168522.0
168523.0
168524.0
168525.0
168526.0
168527.0
0.0
0.0
168598.0
168599.0
168600.0
168601.0
168602.0
168603.0
168604.0
168605.0
0.0
0.0
0.0
168677.0
168679.0
168681.0
168682.0
0.0
0.0
0.0
0.0
0.0
0.0
0.0
0.0
0.0
0.0
0.0
0.0
0.0
0.0
0.0
0.0
0.0
0.0
0.0
0.0
0.0
0.0
0.0
0.0
169132.0
0.0
0.0
0.0
0.0
0.0
0.0
0.0
0.0
0.0
0.0
0.0
0.0
0.0
0.0
0.0
0.0
0.0
0.0
0.0
0.0
0.0
0.0
0.0
0.0
0.0
0.0
0.0
0.0
0.0
0.0
0.0
0.0
0.0
0.0
0.0
0.0
0.0
0.0
0.0
0.0
0.0
0.0
0.0
0.0
0.0
0.0
0.0
0.0
0.0
0.0
0.0
0.0
0.0
0.0
0.0
0.0
0.0
0.0
0.0
174679.0
0.0
0.0
174682.0
0.0
0.0
0.0
0.0
0.0
0.0
0.0
0.0
0.0
0.0
174757.0
0.0
0.0
174760.0
0.0
0.0
0.0
0.0
0.0
0.0
174833.0
174834.0
174835.0
0.0
0.0
174839.0
174840.0
174841.0
174842.0
0.0
0.0
174910.0
174911.0
174913.0
174917.0
174918.0
174919.0
174920.0
174921.0
0.0
0.0
0.0
0.0
0.0
174988.0
174989.0
174991.0
174992.0
174995.0
174996.0
174997.0
174998.0
174999.0
175000.0
0.0
0.0
0.0
0.0
0.0
0.0
175066.0
175067.0
175068.0
175069.0
175070.0
175077.0
175078.0
0.0
0.0
0.0
0.0
0.0
0.0
0.0
0.0
0.0
0.0
175144.0
175145.0
175146.0
175147.0
175148.0
175152.0
175153.0
175154.0
175155.0
175156.0
0.0
0.0
0.0
0.0
0.0
0.0
0.0
0.0
175223.0
175224.0
175229.0
175230.0
175231.0
175232.0
175233.0
175234.0
175235.0
0.0
0.0
0.0
175307.0
175308.0
175309.0
175311.0
175312.0
0.0
175375.0
175376.0
175384.0
175385.0
175386.0
175387.0
175389.0
175390.0
175391.0
0.0
175453.0
175454.0
175461.0
175462.0
175463.0
175464.0
0.0
0.0
175470.0
175471.0
0.0
0.0
175531.0
175532.0
175540.0
175541.0
175542.0
175547.0
175548.0
175549.0
0.0
0.0
0.0
175609.0
175610.0
175615.0
175616.0
175618.0
175619.0
175620.0
175624.0
175625.0
175626.0
175628.0
0.0
0.0
175693.0
175694.0
175695.0
175696.0
175697.0
175702.0
175703.0
175704.0
175705.0
175706.0
0.0
175779.0
175780.0
175782.0
175783.0
175784.0
0.0
175857.0
175859.0
175860.0
0.0
0.0
0.0
175933.0
175934.0
175935.0
175938.0
0.0
0.0
0.0
176010.0
176011.0
176012.0
176013.0
176015.0
0.0
0.0
0.0
0.0
176088.0
176089.0
176090.0
176091.0
176092.0
176093.0
0.0
0.0
0.0
0.0
176166.0
176167.0
176168.0
176169.0
176170.0
176171.0
0.0
0.0
0.0
0.0
0.0
0.0
0.0
0.0
0.0
0.0
0.0
0.0
0.0
0.0
0.0
0.0
0.0
0.0
0.0
0.0
0.0
0.0
0.0
0.0
0.0
0.0
0.0
0.0
0.0
0.0
0.0
0.0
0.0
0.0
0.0
0.0
0.0
0.0
0.0
0.0
0.0
0.0
0.0
0.0
0.0
0.0
0.0
0.0
0.0
0.0
0.0
0.0
0.0
0.0
0.0
0.0
0.0
0.0
0.0
0.0
0.0
0.0
0.0
0.0
0.0
0.0
0.0
0.0
0.0
0.0
0.0
0.0
0.0
0.0
0.0
0.0
0.0
0.0
0.0
0.0
0.0
0.0
0.0
0.0
0.0
0.0
0.0
0.0
0.0
0.0
0.0
0.0
0.0
0.0
0.0
182247.0
182248.0
0.0
0.0
0.0
0.0
0.0
0.0
0.0
0.0
0.0
0.0
0.0
182325.0
182330.0
0.0
0.0
182398.0
182399.0
182400.0
182401.0
0.0
0.0
182407.0
182408.0
182410.0
0.0
182476.0
182477.0
182478.0
182479.0
0.0
0.0
0.0
182485.0
182486.0
182488.0
182489.0
0.0
0.0
182557.0
0.0
182564.0
182565.0
182566.0
182567.0
0.0
0.0
0.0
0.0
0.0
0.0
0.0
0.0
0.0
182632.0
182634.0
182635.0
0.0
0.0
182642.0
182643.0
182644.0
0.0
0.0
0.0
0.0
0.0
0.0
0.0
0.0
0.0
0.0
0.0
182711.0
182712.0
0.0
182720.0
182721.0
0.0
0.0
0.0
0.0
0.0
0.0
0.0
0.0
0.0
182798.0
182799.0
182800.0
0.0
0.0
182873.0
182876.0
182877.0
182878.0
182879.0
182941.0
182942.0
182943.0
182950.0
182951.0
182952.0
182954.0
182955.0
0.0
0.0
183019.0
183020.0
183021.0
183028.0
183029.0
183030.0
183037.0
183038.0
0.0
0.0
0.0
183098.0
183106.0
183107.0
183114.0
183115.0
183116.0
0.0
0.0
0.0
183184.0
183185.0
183191.0
183192.0
183193.0
183194.0
0.0
0.0
183261.0
183262.0
183267.0
183268.0
183269.0
183270.0
183271.0
183272.0
0.0
0.0
0.0
0.0
183345.0
183346.0
183347.0
183348.0
183349.0
183350.0
0.0
0.0
0.0
0.0
0.0
183422.0
183423.0
183424.0
183425.0
183426.0
0.0
0.0
0.0
0.0
183500.0
183501.0
183502.0
183503.0
0.0
0.0
0.0
0.0
0.0
183577.0
183578.0
183579.0
183580.0
183581.0
0.0
0.0
0.0
0.0
0.0
0.0
183655.0
183656.0
183657.0
183658.0
183659.0
0.0
0.0
0.0
0.0
0.0
0.0
183733.0
183734.0
183736.0
0.0
0.0
0.0
0.0
0.0
0.0
0.0
0.0
0.0
0.0
0.0
0.0
0.0
0.0
0.0
0.0
0.0
0.0
0.0
0.0
0.0
0.0
0.0
0.0
0.0
0.0
0.0
0.0
0.0
0.0
0.0
0.0
0.0
0.0
0.0
0.0
0.0
0.0
0.0
0.0
0.0
0.0
0.0
0.0
0.0
0.0
0.0
0.0
0.0
0.0
0.0
0.0
0.0
0.0
0.0
0.0
0.0
0.0
0.0
0.0
0.0
0.0
0.0
0.0
0.0
0.0
0.0
0.0
0.0
0.0
0.0
0.0
0.0
189813.0
189818.0
0.0
0.0
0.0
0.0
0.0
0.0
0.0
0.0
189896.0
189897.0
189898.0
189899.0
0.0
0.0
0.0
0.0
0.0
0.0
0.0
189973.0
189974.0
189975.0
189976.0
189977.0
189978.0
0.0
0.0
0.0
0.0
0.0
190051.0
190052.0
190053.0
190054.0
190055.0
190056.0
0.0
0.0
0.0
0.0
190130.0
190131.0
190132.0
190133.0
0.0
0.0
0.0
0.0
0.0
0.0
0.0
0.0
0.0
190208.0
190209.0
190210.0
190211.0
0.0
0.0
0.0
0.0
0.0
0.0
0.0
0.0
0.0
0.0
190286.0
190287.0
0.0
0.0
0.0
0.0
0.0
0.0
0.0
190364.0
190365.0
190366.0
0.0
190430.0
0.0
190443.0
190444.0
190507.0
190508.0
190509.0
0.0
190584.0
190585.0
190586.0
190587.0
0.0
190661.0
190662.0
190663.0
190664.0
190665.0
0.0
0.0
0.0
0.0
0.0
0.0
0.0
0.0
0.0
0.0
0.0
0.0
190912.0
190913.0
190914.0
0.0
0.0
0.0
0.0
0.0
190989.0
190990.0
190991.0
0.0
0.0
0.0
0.0
0.0
191067.0
191068.0
191069.0
0.0
0.0
0.0
0.0
0.0
0.0
191144.0
191145.0
191146.0
0.0
0.0
0.0
0.0
0.0
0.0
191223.0
191224.0
0.0
0.0
0.0
0.0
0.0
0.0
0.0
0.0
0.0
0.0
0.0
0.0
0.0
0.0
0.0
0.0
0.0
0.0
0.0
0.0
0.0
0.0
0.0
0.0
0.0
0.0
0.0
0.0
0.0
0.0
0.0
0.0
0.0
0.0
0.0
0.0
0.0
0.0
0.0
0.0
0.0
0.0
0.0
0.0
0.0
0.0
0.0
0.0
0.0
0.0
0.0
0.0
0.0
0.0
0.0
0.0
0.0
0.0
0.0
197384.0
197386.0
0.0
0.0
0.0
0.0
0.0
0.0
0.0
0.0
0.0
0.0
0.0
197462.0
197463.0
197464.0
197465.0
0.0
0.0
0.0
0.0
0.0
0.0
0.0
0.0
0.0
0.0
197540.0
197541.0
197542.0
197543.0
197544.0
0.0
0.0
0.0
0.0
0.0
0.0
0.0
197618.0
197619.0
197621.0
197622.0
0.0
0.0
0.0
0.0
0.0
0.0
0.0
0.0
0.0
197696.0
197697.0
0.0
0.0
0.0
0.0
0.0
0.0
0.0
0.0
0.0
197774.0
197775.0
0.0
0.0
0.0
0.0
0.0
0.0
0.0
197852.0
197853.0
0.0
0.0
0.0
0.0
0.0
0.0
0.0
0.0
0.0
0.0
0.0
0.0
0.0
0.0
0.0
0.0
0.0
0.0
0.0
0.0
0.0
0.0
198075.0
0.0
0.0
0.0
0.0
198150.0
198151.0
198152.0
198153.0
198154.0
0.0
0.0
0.0
0.0
198226.0
198227.0
198228.0
198229.0
198230.0
198231.0
198232.0
0.0
0.0
198304.0
198306.0
198307.0
0.0
0.0
198310.0
0.0
0.0
0.0
0.0
0.0
0.0
0.0
0.0
0.0
0.0
0.0
0.0
0.0
0.0
0.0
0.0
0.0
0.0
0.0
0.0
0.0
0.0
0.0
0.0
0.0
0.0
0.0
0.0
0.0
0.0
0.0
0.0
0.0
0.0
0.0
0.0
0.0
0.0
0.0
0.0
0.0
0.0
0.0
0.0
0.0
0.0
0.0
0.0
0.0
0.0
0.0
0.0
0.0
0.0
0.0
0.0
0.0
0.0
0.0
0.0
0.0
0.0
0.0
0.0
0.0
0.0
0.0
0.0
0.0
0.0
0.0
0.0
0.0
0.0
0.0
0.0
0.0
0.0
0.0
0.0
0.0
0.0
0.0
0.0
204951.0
204952.0
0.0
0.0
0.0
0.0
0.0
0.0
0.0
0.0
205030.0
205031.0
0.0
0.0
0.0
0.0
0.0
0.0
0.0
0.0
0.0
0.0
0.0
0.0
0.0
0.0
0.0
0.0
0.0
0.0
0.0
0.0
0.0
0.0
0.0
0.0
0.0
0.0
0.0
0.0
0.0
0.0
0.0
0.0
0.0
0.0
0.0
0.0
0.0
0.0
0.0
0.0
0.0
0.0
0.0
0.0
0.0
0.0
0.0
0.0
0.0
0.0
0.0
0.0
0.0
0.0
0.0
0.0
0.0
0.0
0.0
0.0
0.0
0.0
0.0
0.0
0.0
0.0
0.0
0.0
0.0
0.0
0.0
0.0
0.0
0.0
0.0
0.0
0.0
0.0
0.0
0.0
0.0
0.0
0.0
0.0
0.0
0.0
0.0
0.0
0.0
0.0
205720.0
0.0
0.0
0.0
0.0
0.0
205794.0
205795.0
205796.0
205797.0
205798.0
0.0
0.0
0.0
0.0
0.0
0.0
0.0
0.0
0.0
0.0
0.0
0.0
0.0
0.0
0.0
0.0
0.0
0.0
0.0
0.0
0.0
0.0
0.0
0.0
0.0
0.0
0.0
0.0
0.0
0.0
0.0
0.0
0.0
0.0
0.0
0.0
0.0
0.0
0.0
0.0
0.0
0.0
0.0
0.0
0.0
0.0
0.0
0.0
0.0
0.0
0.0
0.0
0.0
0.0
0.0
0.0
0.0
0.0
0.0
0.0
0.0
0.0
0.0
0.0
0.0
0.0
0.0
0.0
0.0
0.0
0.0
0.0
0.0
0.0
0.0
0.0
0.0
0.0
0.0
0.0
0.0
0.0
0.0
0.0
0.0
0.0
0.0
0.0
0.0
0.0
0.0
0.0
0.0
0.0
0.0
0.0
0.0
0.0
0.0
0.0
0.0
0.0
0.0
0.0
0.0
0.0
0.0
0.0
0.0
0.0
0.0
0.0
0.0
0.0
0.0
0.0
0.0
0.0
0.0
0.0
0.0
0.0
0.0
0.0
0.0
0.0
0.0
0.0
0.0
0.0
0.0
0.0
0.0
0.0
0.0
0.0
0.0
0.0
0.0
0.0
0.0
0.0
0.0
0.0
0.0
0.0
0.0
0.0
0.0
0.0
0.0
0.0
0.0
0.0
0.0
0.0
0.0
0.0
0.0
0.0
0.0
0.0
0.0
0.0
0.0
0.0
0.0
0.0
0.0
0.0
0.0
0.0
0.0
0.0
0.0
0.0
0.0
0.0
0.0
0.0
0.0
0.0
0.0
0.0
0.0
0.0
0.0
0.0
0.0
0.0
0.0
0.0
0.0
0.0
0.0
0.0
0.0
0.0
0.0
0.0
0.0
0.0
0.0
0.0
0.0
0.0
0.0
0.0
0.0
0.0
0.0
0.0
0.0
0.0
0.0
0.0
0.0
0.0
0.0
0.0
0.0
0.0
0.0
0.0
0.0
0.0
0.0
0.0
0.0
0.0
0.0
0.0
0.0
0.0
0.0
0.0
0.0
0.0
0.0
0.0
0.0
0.0
0.0
0.0
0.0
0.0
0.0
0.0
0.0
0.0
0.0
0.0
0.0
0.0
0.0
0.0
0.0
0.0
0.0
0.0
0.0
0.0
0.0
0.0
0.0
0.0
0.0
0.0
0.0
0.0
0.0
0.0
0.0
0.0
0.0
0.0
0.0
0.0
0.0
0.0
0.0
0.0
0.0
0.0
0.0
0.0
0.0
0.0
0.0
0.0
0.0
0.0
0.0
0.0
0.0
0.0
0.0
0.0
0.0
0.0
0.0
0.0
0.0
0.0
0.0
0.0
0.0
0.0
0.0
0.0
0.0
0.0
0.0
0.0
0.0
0.0
0.0
0.0
0.0
0.0
0.0
0.0
0.0
0.0
0.0
0.0
0.0
0.0
0.0
0.0
0.0
0.0
0.0
0.0
0.0
0.0
0.0
0.0
0.0
0.0
0.0
0.0
0.0
0.0
0.0
0.0
0.0
0.0
0.0
0.0
0.0
0.0
0.0
0.0
0.0
0.0
0.0
0.0
0.0
0.0
0.0
0.0
0.0
0.0
0.0
0.0
0.0
0.0
0.0
0.0
0.0
0.0
0.0
0.0
0.0
0.0
0.0
0.0
0.0
0.0
0.0
0.0
0.0
0.0
0.0
0.0
0.0
0.0
0.0
0.0
0.0
0.0
0.0
0.0
0.0
0.0
0.0
0.0
0.0
0.0
0.0
0.0
0.0
0.0
0.0
0.0
0.0
0.0
0.0
0.0
0.0
0.0
0.0
0.0
0.0
0.0
0.0
0.0
0.0
0.0
0.0
0.0
0.0
0.0
0.0
0.0
0.0
0.0
0.0
0.0
0.0
0.0
0.0
0.0
0.0
0.0
0.0
0.0
0.0
0.0
0.0
0.0
0.0
0.0
0.0
0.0
0.0
0.0
0.0
0.0
0.0
0.0
0.0
0.0
0.0
0.0
0.0
0.0
0.0
0.0
0.0
0.0
0.0
0.0
0.0
0.0
0.0
0.0
0.0
0.0
0.0
0.0
0.0
0.0
0.0
0.0
0.0
0.0
0.0
0.0
0.0
0.0
0.0
0.0
0.0
0.0
0.0
0.0
0.0
0.0
0.0
0.0
0.0
0.0
0.0
0.0
0.0
0.0
0.0
0.0
0.0
0.0
0.0
0.0
0.0
0.0
0.0
0.0
0.0
0.0
0.0
0.0
0.0
0.0
0.0
0.0
0.0
0.0
0.0
0.0
0.0
0.0
0.0
0.0
0.0
0.0
0.0
0.0
0.0
0.0
0.0
0.0
0.0
0.0
0.0
0.0
0.0
0.0
0.0
0.0
0.0
0.0
0.0
0.0
0.0
0.0
0.0
0.0
0.0
0.0
0.0
0.0
0.0
0.0
0.0
0.0
0.0
0.0
0.0
0.0
0.0
0.0
0.0
0.0
0.0
0.0
0.0
0.0
0.0
0.0
0.0
0.0
0.0
0.0
0.0
0.0
0.0
0.0
0.0
0.0
0.0
0.0
0.0
0.0
0.0
0.0
0.0
0.0
0.0
0.0
0.0
0.0
0.0
0.0
0.0
0.0
0.0
0.0
0.0
0.0
0.0
0.0
0.0
0.0
0.0
0.0
0.0
0.0
0.0
0.0
0.0
0.0
0.0
0.0
0.0
0.0
0.0
0.0
0.0
0.0
0.0
0.0
0.0
0.0
0.0
0.0
0.0
0.0
0.0
0.0
0.0
0.0
0.0
0.0
0.0
0.0
0.0
0.0
0.0
0.0
0.0
0.0
0.0
0.0
0.0
0.0
0.0
0.0
0.0
0.0
0.0
0.0
0.0
0.0
0.0
0.0
0.0
0.0
0.0
0.0
0.0
0.0
0.0
0.0
0.0
0.0
0.0
0.0
0.0
0.0
0.0
0.0
0.0
0.0
0.0
0.0
0.0
0.0
0.0
0.0
0.0
0.0
0.0
0.0
0.0
0.0
0.0
0.0
0.0
0.0
0.0
0.0
0.0
0.0
0.0
0.0
0.0
0.0
0.0
0.0
0.0
0.0
0.0
0.0
0.0
0.0
0.0
0.0
0.0
0.0
0.0
0.0
0.0
0.0
0.0
0.0
0.0
0.0
0.0
0.0
0.0
0.0
0.0
0.0
0.0
0.0
0.0
0.0
0.0
0.0
0.0
0.0
0.0
0.0
0.0
0.0
0.0
0.0
0.0
0.0
0.0
0.0
0.0
0.0
0.0
0.0
0.0
0.0
0.0
0.0
0.0
0.0
0.0
0.0
0.0
0.0
0.0
0.0
0.0
0.0
0.0
0.0
0.0
0.0
0.0
0.0
0.0
0.0
0.0
0.0
0.0
0.0
0.0
0.0
0.0
0.0
0.0
0.0
0.0
0.0
0.0
0.0
0.0
0.0
0.0
0.0
0.0
0.0
0.0
0.0
0.0
0.0
0.0
0.0
0.0
0.0
0.0
0.0
0.0
0.0
0.0
0.0
0.0
0.0
0.0
0.0
0.0
0.0
0.0
0.0
0.0
0.0
0.0
0.0
0.0
0.0
0.0
0.0
0.0
0.0
0.0
0.0
0.0
0.0
0.0
0.0
0.0
0.0
0.0
0.0
0.0
0.0
0.0
0.0
0.0
0.0
0.0
0.0
0.0
0.0
0.0
0.0
0.0
0.0
0.0
0.0
0.0
0.0
0.0
0.0
0.0
0.0
0.0
0.0
0.0
0.0
0.0
0.0
0.0
0.0
0.0
0.0
0.0
0.0
0.0
0.0
0.0
0.0
0.0
0.0
0.0
0.0
0.0
0.0
0.0
0.0
0.0
0.0
0.0
0.0
0.0
0.0
0.0
0.0
0.0
0.0
0.0
0.0
0.0
0.0
0.0
0.0
0.0
0.0
0.0
0.0
0.0
0.0
0.0
0.0
0.0
0.0
0.0
0.0
0.0
0.0
0.0
0.0
0.0
0.0
0.0
0.0
0.0
0.0
0.0
0.0
0.0
0.0
0.0
0.0
0.0
0.0
0.0
0.0
0.0
0.0
0.0
0.0
0.0
0.0
0.0
0.0
0.0
0.0
0.0
0.0
0.0
0.0
0.0
0.0
0.0
0.0
0.0
0.0
0.0
0.0
0.0
0.0
0.0
0.0
0.0
0.0
0.0
0.0
0.0
0.0
0.0
0.0
0.0
0.0
0.0
0.0
0.0
0.0
0.0
0.0
0.0
0.0
0.0
0.0
0.0
0.0
0.0
0.0
0.0
0.0
0.0
0.0
0.0
0.0
0.0
0.0
0.0
0.0
0.0
0.0
0.0
0.0
0.0
0.0
0.0
0.0
0.0
0.0
0.0
0.0
0.0
0.0
0.0
0.0
0.0
0.0
0.0
0.0
0.0
0.0
0.0
0.0
0.0
0.0
0.0
0.0
0.0
0.0
0.0
0.0
0.0
0.0
0.0
0.0
0.0
0.0
0.0
0.0
0.0
0.0
0.0
0.0
0.0
0.0
0.0
0.0
0.0
0.0
0.0
0.0
0.0
0.0
0.0
0.0
0.0
0.0
0.0
0.0
0.0
0.0
0.0
0.0
0.0
0.0
0.0
0.0
0.0
0.0
0.0
0.0
0.0
0.0
0.0
0.0
0.0
0.0
0.0
0.0
0.0
0.0
0.0
0.0
0.0
0.0
0.0
0.0
0.0
0.0
0.0
0.0
0.0
0.0
0.0
0.0
0.0
0.0
0.0
0.0
0.0
0.0
0.0
0.0
0.0
0.0
0.0
0.0
0.0
0.0
0.0
0.0
0.0
0.0
0.0
0.0
0.0
0.0
0.0
0.0
0.0
0.0
0.0
0.0
0.0
0.0
0.0
0.0
0.0
0.0
0.0
0.0
0.0
0.0
0.0
0.0
0.0
0.0
0.0
0.0
0.0
0.0
0.0
0.0
0.0
0.0
0.0
0.0
0.0
0.0
0.0
0.0
0.0
0.0
0.0
0.0
0.0
0.0
0.0
0.0
0.0
0.0
0.0
0.0
0.0
0.0
0.0
0.0
0.0
0.0
0.0
0.0
0.0
0.0
0.0
0.0
0.0
0.0
0.0
0.0
0.0
0.0
0.0
0.0
0.0
0.0
0.0
0.0
0.0
0.0
0.0
0.0
0.0
0.0
0.0
0.0
0.0
0.0
0.0
0.0
0.0
0.0
0.0
0.0
0.0
0.0
0.0
0.0
0.0
0.0
0.0
0.0
0.0
0.0
0.0
0.0
0.0
0.0
0.0
0.0
0.0
0.0
0.0
0.0
0.0
0.0
0.0
0.0
0.0
0.0
0.0
0.0
0.0
0.0
0.0
0.0
0.0
0.0
0.0
0.0
0.0
0.0
0.0
0.0
0.0
0.0
0.0
0.0
0.0
0.0
0.0
0.0
0.0
0.0
0.0
0.0
0.0
0.0
0.0
0.0
0.0
0.0
0.0
0.0
0.0
0.0
0.0
0.0
0.0
0.0
0.0
0.0
0.0
0.0
0.0
0.0
0.0
0.0
0.0
0.0
0.0
0.0
0.0
0.0
0.0
0.0
0.0
0.0
0.0
0.0
0.0
0.0
0.0
0.0
0.0
0.0
0.0
0.0
0.0
0.0
0.0
0.0
0.0
0.0
0.0
0.0
0.0
0.0
0.0
0.0
0.0
0.0
0.0
0.0
0.0
0.0
0.0
0.0
0.0
0.0
0.0
0.0
0.0
0.0
0.0
0.0
0.0
0.0
0.0
0.0
0.0
0.0
0.0
0.0
0.0
0.0
0.0
0.0
0.0
0.0
0.0
0.0
0.0
0.0
0.0
0.0
0.0
0.0
0.0
0.0
0.0
0.0
0.0
0.0
0.0
0.0
0.0
0.0
0.0
0.0
0.0
0.0
0.0
0.0
0.0
0.0
0.0
0.0
0.0
0.0
0.0
0.0
0.0
0.0
0.0
0.0
0.0
0.0
0.0
0.0
0.0
0.0
0.0
0.0
0.0
0.0
0.0
0.0
0.0
0.0
0.0
0.0
0.0
0.0
0.0
0.0
0.0
0.0
0.0
0.0
0.0
0.0
0.0
0.0
0.0
0.0
0.0
0.0
0.0
0.0
0.0
0.0
0.0
0.0
0.0
0.0
0.0
0.0
0.0
0.0
0.0
0.0
0.0
0.0
0.0
0.0
0.0
0.0
0.0
0.0
0.0
0.0
0.0
0.0
0.0
0.0
0.0
0.0
0.0
0.0
0.0
0.0
0.0
0.0
0.0
0.0
0.0
0.0
0.0
0.0
0.0
0.0
0.0
0.0
0.0
0.0
0.0
0.0
0.0
0.0
0.0
0.0
0.0
0.0
0.0
0.0
0.0
0.0
0.0
0.0
0.0
0.0
0.0
0.0
0.0
0.0
0.0
0.0
0.0
0.0
0.0
0.0
0.0
0.0
0.0
0.0
0.0
0.0
0.0
0.0
0.0
0.0
0.0
0.0
0.0
0.0
0.0
0.0
0.0
0.0
0.0
0.0
0.0
0.0
0.0
0.0
0.0
0.0
0.0
0.0
0.0
0.0
0.0
0.0
0.0
0.0
0.0
0.0
0.0
0.0
0.0
0.0
0.0
0.0
0.0
0.0
0.0
0.0
0.0
0.0
0.0
0.0
0.0
0.0
0.0
0.0
0.0
0.0
0.0
0.0
0.0
0.0
0.0
0.0
0.0
0.0
0.0
0.0
0.0
0.0
0.0
0.0
0.0
0.0
0.0
0.0
0.0
0.0
0.0
0.0
0.0
0.0
0.0
0.0
0.0
0.0
0.0
0.0
0.0
0.0
0.0
0.0
0.0
0.0
0.0
0.0
0.0
0.0
0.0
0.0
0.0
0.0
0.0
0.0
0.0
0.0
0.0
0.0
0.0
0.0
0.0
0.0
0.0
0.0
0.0
0.0
0.0
0.0
0.0
0.0
0.0
0.0
0.0
0.0
0.0
0.0
0.0
0.0
0.0
0.0
0.0
0.0
0.0
0.0
0.0
0.0
0.0
0.0
0.0
0.0
0.0
0.0
0.0
0.0
0.0
0.0
0.0
0.0
0.0
0.0
0.0
0.0
0.0
0.0
0.0
0.0
0.0
0.0
0.0
0.0
0.0
0.0
0.0
0.0
0.0
0.0
0.0
0.0
0.0
0.0
0.0
0.0
0.0
0.0
0.0
0.0
0.0
0.0
0.0
0.0
0.0
0.0
0.0
0.0
0.0
0.0
0.0
0.0
0.0
0.0
0.0
0.0
0.0
0.0
0.0
0.0
0.0
0.0
0.0
0.0
0.0
0.0
0.0
0.0
0.0
0.0
0.0
0.0
0.0
0.0
0.0
0.0
0.0
0.0
0.0
0.0
0.0
0.0
0.0
0.0
0.0
0.0
0.0
0.0
0.0
0.0
0.0
0.0
0.0
0.0
0.0
0.0
0.0
0.0
0.0
0.0
0.0
0.0
0.0
0.0
0.0
0.0
0.0
0.0
0.0
0.0
0.0
0.0
0.0
0.0
0.0
0.0
0.0
0.0
0.0
0.0
0.0
0.0
0.0
0.0
0.0
0.0
0.0
0.0
0.0
0.0
0.0
0.0
0.0
0.0
0.0
0.0
0.0
0.0
0.0
0.0
0.0
0.0
0.0
0.0
0.0
0.0
0.0
0.0
0.0
0.0
0.0
0.0
0.0
0.0
0.0
0.0
0.0
0.0
0.0
0.0
0.0
0.0
0.0
0.0
0.0
0.0
0.0
0.0
0.0
0.0
0.0
0.0
0.0
0.0
0.0
0.0
0.0
0.0
0.0
0.0
0.0
0.0
0.0
0.0
0.0
0.0
0.0
0.0
0.0
0.0
0.0
0.0
0.0
0.0
0.0
0.0
0.0
0.0
0.0
0.0
0.0
0.0
0.0
0.0
0.0
0.0
0.0
0.0
0.0
0.0
0.0
0.0
0.0
0.0
0.0
0.0
0.0
0.0
0.0
0.0
0.0
0.0
0.0
0.0
0.0
0.0
0.0
0.0
0.0
0.0
0.0
0.0
0.0
0.0
0.0
0.0
0.0
0.0
0.0
0.0
0.0
0.0
0.0
0.0
0.0
0.0
0.0
0.0
0.0
0.0
0.0
0.0
0.0
0.0
0.0
0.0
0.0
0.0
0.0
0.0
0.0
0.0
0.0
0.0
0.0
0.0
0.0
0.0
0.0
0.0
0.0
0.0
0.0
0.0
0.0
0.0
0.0
0.0
0.0
0.0
0.0
0.0
0.0
0.0
0.0
0.0
0.0
0.0
0.0
0.0
0.0
0.0
0.0
0.0
0.0
0.0
0.0
0.0
0.0
0.0
0.0
0.0
0.0
0.0
0.0
0.0
0.0
0.0
0.0
0.0
0.0
0.0
0.0
0.0
0.0
0.0
0.0
0.0
0.0
0.0
0.0
0.0
0.0
0.0
0.0
0.0
0.0
0.0
0.0
0.0
0.0
0.0
0.0
0.0
0.0
0.0
0.0
0.0
0.0
0.0
0.0
0.0
0.0
0.0
0.0
0.0
0.0
395030.0
395031.0
0.0
0.0
0.0
0.0
0.0
0.0
0.0
0.0
0.0
0.0
0.0
0.0
0.0
0.0
0.0
0.0
0.0
0.0
0.0
0.0
0.0
0.0
0.0
0.0
0.0
0.0
0.0
0.0
0.0
0.0
0.0
0.0
0.0
0.0
0.0
0.0
0.0
0.0
0.0
0.0
0.0
0.0
0.0
0.0
0.0
0.0
0.0
0.0
0.0
0.0
0.0
0.0
0.0
0.0
0.0
0.0
0.0
0.0
0.0
0.0
0.0
0.0
0.0
0.0
0.0
0.0
0.0
0.0
0.0
0.0
0.0
0.0
0.0
0.0
0.0
0.0
0.0
0.0
0.0
0.0
0.0
0.0
0.0
0.0
0.0
0.0
0.0
0.0
0.0
0.0
0.0
0.0
0.0
0.0
0.0
0.0
0.0
0.0
0.0
0.0
0.0
0.0
0.0
0.0
0.0
0.0
0.0
0.0
0.0
0.0
0.0
0.0
0.0
0.0
0.0
0.0
0.0
0.0
0.0
0.0
0.0
0.0
0.0
0.0
0.0
0.0
0.0
0.0
0.0
0.0
0.0
0.0
0.0
0.0
0.0
0.0
0.0
0.0
0.0
0.0
0.0
0.0
0.0
0.0
0.0
0.0
0.0
0.0
0.0
0.0
0.0
0.0
0.0
0.0
0.0
0.0
0.0
0.0
0.0
0.0
0.0
0.0
0.0
0.0
0.0
0.0
0.0
0.0
0.0
0.0
0.0
402441.0
0.0
0.0
0.0
0.0
0.0
0.0
0.0
402519.0
402520.0
402521.0
0.0
0.0
0.0
402595.0
402596.0
402597.0
402598.0
0.0
0.0
0.0
0.0
0.0
0.0
0.0
0.0
0.0
0.0
0.0
0.0
0.0
0.0
0.0
0.0
0.0
0.0
0.0
0.0
0.0
0.0
0.0
0.0
0.0
0.0
0.0
0.0
0.0
0.0
0.0
0.0
0.0
0.0
0.0
0.0
0.0
0.0
0.0
0.0
0.0
0.0
0.0
0.0
0.0
0.0
0.0
0.0
0.0
0.0
0.0
0.0
0.0
0.0
0.0
0.0
0.0
0.0
0.0
0.0
0.0
0.0
0.0
0.0
0.0
0.0
0.0
0.0
0.0
0.0
0.0
0.0
0.0
0.0
0.0
0.0
0.0
0.0
0.0
0.0
0.0
0.0
0.0
0.0
0.0
0.0
0.0
0.0
0.0
0.0
0.0
0.0
0.0
0.0
0.0
0.0
0.0
0.0
0.0
0.0
0.0
0.0
0.0
0.0
0.0
0.0
0.0
0.0
0.0
0.0
0.0
0.0
405387.0
405388.0
405466.0
0.0
0.0
0.0
0.0
0.0
0.0
0.0
0.0
0.0
0.0
0.0
0.0
0.0
0.0
0.0
0.0
0.0
0.0
0.0
0.0
0.0
409768.0
0.0
0.0
0.0
0.0
0.0
0.0
409845.0
409846.0
0.0
0.0
0.0
0.0
0.0
0.0
0.0
0.0
0.0
0.0
0.0
0.0
0.0
0.0
0.0
0.0
0.0
0.0
0.0
0.0
0.0
0.0
0.0
410006.0
0.0
0.0
0.0
0.0
0.0
0.0
0.0
0.0
0.0
0.0
0.0
410082.0
410083.0
410084.0
410085.0
410086.0
0.0
0.0
0.0
0.0
0.0
0.0
410160.0
410161.0
410162.0
410163.0
0.0
0.0
0.0
0.0
0.0
0.0
0.0
0.0
0.0
410387.0
0.0
0.0
0.0
0.0
0.0
0.0
0.0
0.0
0.0
0.0
0.0
0.0
0.0
0.0
0.0
0.0
0.0
0.0
0.0
0.0
0.0
0.0
0.0
0.0
0.0
0.0
0.0
0.0
0.0
0.0
0.0
0.0
0.0
0.0
0.0
0.0
0.0
0.0
0.0
0.0
0.0
0.0
0.0
0.0
0.0
0.0
0.0
0.0
0.0
0.0
0.0
0.0
0.0
0.0
0.0
0.0
0.0
0.0
0.0
0.0
0.0
0.0
0.0
0.0
0.0
0.0
0.0
0.0
0.0
0.0
0.0
0.0
0.0
0.0
0.0
0.0
0.0
0.0
0.0
0.0
0.0
0.0
0.0
0.0
0.0
0.0
0.0
0.0
0.0
0.0
0.0
0.0
0.0
0.0
0.0
0.0
0.0
0.0
0.0
0.0
0.0
0.0
0.0
0.0
0.0
0.0
0.0
0.0
0.0
0.0
0.0
0.0
0.0
0.0
0.0
0.0
0.0
0.0
0.0
0.0
0.0
0.0
0.0
0.0
0.0
0.0
0.0
412643.0
0.0
412874.0
412875.0
412876.0
412877.0
412952.0
412953.0
412954.0
412955.0
413031.0
413033.0
413108.0
0.0
0.0
0.0
0.0
0.0
0.0
0.0
0.0
0.0
0.0
0.0
0.0
0.0
0.0
0.0
0.0
417333.0
417334.0
0.0
0.0
0.0
0.0
0.0
0.0
0.0
417411.0
417412.0
0.0
0.0
0.0
0.0
0.0
0.0
0.0
0.0
0.0
0.0
417489.0
417490.0
0.0
0.0
417494.0
0.0
0.0
0.0
0.0
0.0
0.0
0.0
0.0
0.0
0.0
417567.0
417568.0
417570.0
0.0
417572.0
417573.0
0.0
0.0
0.0
0.0
0.0
0.0
0.0
0.0
0.0
0.0
0.0
417645.0
417646.0
417648.0
417649.0
417650.0
0.0
0.0
0.0
0.0
0.0
0.0
0.0
0.0
0.0
417726.0
417727.0
417728.0
0.0
0.0
0.0
0.0
0.0
0.0
0.0
0.0
0.0
0.0
417873.0
417874.0
417875.0
0.0
0.0
0.0
0.0
0.0
0.0
417950.0
417951.0
417952.0
417953.0
417954.0
0.0
418028.0
418029.0
418030.0
418031.0
418032.0
418106.0
0.0
0.0
418109.0
418110.0
0.0
0.0
0.0
418188.0
0.0
0.0
0.0
0.0
0.0
0.0
0.0
0.0
0.0
0.0
0.0
0.0
0.0
0.0
0.0
0.0
0.0
0.0
0.0
0.0
0.0
0.0
0.0
0.0
0.0
0.0
0.0
0.0
0.0
0.0
0.0
0.0
0.0
0.0
0.0
0.0
0.0
0.0
0.0
0.0
0.0
0.0
0.0
0.0
0.0
0.0
0.0
0.0
0.0
0.0
0.0
0.0
0.0
0.0
0.0
0.0
0.0
0.0
0.0
0.0
0.0
0.0
0.0
0.0
0.0
0.0
0.0
0.0
0.0
0.0
0.0
0.0
0.0
0.0
0.0
0.0
0.0
0.0
0.0
0.0
0.0
0.0
0.0
0.0
0.0
0.0
0.0
0.0
0.0
0.0
0.0
0.0
0.0
0.0
0.0
0.0
0.0
0.0
0.0
0.0
0.0
0.0
0.0
0.0
0.0
0.0
0.0
420208.0
420209.0
0.0
420287.0
420288.0
420289.0
420365.0
420366.0
420367.0
420441.0
420443.0
420444.0
420445.0
420518.0
420519.0
420520.0
420521.0
420522.0
420596.0
420597.0
420598.0
420599.0
420673.0
420674.0
420675.0
420676.0
0.0
0.0
0.0
0.0
0.0
0.0
0.0
0.0
0.0
0.0
0.0
0.0
0.0
0.0
0.0
0.0
0.0
0.0
0.0
424821.0
424823.0
0.0
0.0
0.0
0.0
424898.0
424899.0
424900.0
0.0
0.0
0.0
0.0
0.0
0.0
0.0
0.0
0.0
424976.0
424977.0
424978.0
424980.0
424981.0
424982.0
0.0
0.0
0.0
0.0
0.0
0.0
0.0
425054.0
425055.0
425056.0
425057.0
425058.0
425059.0
425060.0
0.0
0.0
0.0
0.0
0.0
0.0
425132.0
425133.0
425134.0
425135.0
425136.0
425137.0
425138.0
0.0
0.0
0.0
0.0
0.0
0.0
0.0
0.0
0.0
425210.0
425211.0
425212.0
425213.0
425214.0
425215.0
425216.0
0.0
0.0
0.0
0.0
0.0
0.0
0.0
0.0
0.0
425289.0
425290.0
425291.0
425292.0
425293.0
425294.0
0.0
0.0
0.0
0.0
0.0
0.0
0.0
0.0
0.0
425363.0
425364.0
425371.0
0.0
0.0
0.0
0.0
0.0
425438.0
425439.0
425440.0
425441.0
425442.0
0.0
0.0
0.0
0.0
0.0
425516.0
425517.0
425518.0
0.0
0.0
425593.0
425594.0
425595.0
425597.0
425598.0
425606.0
0.0
0.0
425675.0
425676.0
425682.0
425683.0
425684.0
0.0
0.0
425753.0
425754.0
425759.0
425760.0
425761.0
425762.0
0.0
425828.0
425829.0
0.0
0.0
0.0
425837.0
425838.0
425839.0
425846.0
425905.0
425906.0
0.0
0.0
425924.0
425981.0
425982.0
425983.0
0.0
0.0
426001.0
426002.0
426003.0
426059.0
0.0
0.0
0.0
0.0
0.0
0.0
0.0
0.0
0.0
0.0
0.0
0.0
0.0
0.0
0.0
0.0
0.0
0.0
0.0
0.0
0.0
0.0
0.0
0.0
0.0
0.0
0.0
0.0
426606.0
0.0
0.0
0.0
0.0
0.0
426684.0
0.0
0.0
0.0
0.0
0.0
0.0
0.0
0.0
0.0
0.0
0.0
0.0
0.0
0.0
0.0
0.0
0.0
0.0
0.0
0.0
0.0
0.0
0.0
0.0
0.0
0.0
0.0
0.0
0.0
0.0
0.0
0.0
0.0
0.0
0.0
0.0
0.0
0.0
427621.0
0.0
427696.0
427697.0
427699.0
427700.0
427774.0
427775.0
427776.0
427777.0
427778.0
0.0
427852.0
427853.0
427854.0
427855.0
427856.0
0.0
427931.0
427932.0
427933.0
428010.0
428011.0
428083.0
428084.0
428085.0
428086.0
428087.0
428088.0
428161.0
428162.0
428163.0
428164.0
428165.0
428240.0
428241.0
0.0
0.0
0.0
0.0
0.0
0.0
0.0
0.0
0.0
0.0
0.0
0.0
0.0
0.0
0.0
0.0
0.0
0.0
0.0
0.0
0.0
0.0
0.0
0.0
0.0
432395.0
432396.0
432397.0
0.0
0.0
432464.0
432465.0
432466.0
432468.0
432469.0
432472.0
432473.0
432474.0
0.0
0.0
0.0
0.0
0.0
432542.0
432543.0
432544.0
432545.0
432546.0
432547.0
432548.0
432549.0
432550.0
432551.0
0.0
0.0
0.0
0.0
0.0
0.0
0.0
432619.0
432620.0
432621.0
432622.0
432623.0
432624.0
432625.0
432626.0
432627.0
432628.0
432629.0
0.0
0.0
0.0
0.0
0.0
432697.0
432698.0
432699.0
432700.0
432701.0
432702.0
432703.0
432705.0
432706.0
0.0
0.0
0.0
0.0
0.0
432776.0
432777.0
432778.0
432779.0
432780.0
432781.0
432784.0
0.0
0.0
0.0
0.0
0.0
0.0
0.0
0.0
0.0
0.0
432851.0
432856.0
432857.0
432858.0
432859.0
0.0
0.0
0.0
0.0
0.0
0.0
0.0
0.0
0.0
0.0
432929.0
432930.0
432936.0
0.0
0.0
0.0
0.0
0.0
0.0
0.0
0.0
0.0
433006.0
433007.0
0.0
0.0
0.0
0.0
433081.0
0.0
433083.0
433084.0
433085.0
433094.0
0.0
433159.0
433160.0
433170.0
433171.0
433172.0
433173.0
433237.0
433238.0
433239.0
433247.0
433248.0
433249.0
433250.0
433251.0
433252.0
433256.0
433257.0
433259.0
433260.0
433316.0
433317.0
433324.0
433325.0
433326.0
433327.0
433328.0
433329.0
433334.0
433335.0
433336.0
433337.0
433338.0
433394.0
433395.0
433402.0
433403.0
433404.0
433405.0
433412.0
433413.0
433414.0
433415.0
433471.0
433472.0
433480.0
433481.0
433482.0
433486.0
433487.0
433488.0
433489.0
433490.0
433491.0
433492.0
433547.0
433548.0
433549.0
433550.0
433558.0
433559.0
433560.0
433564.0
433565.0
433566.0
433567.0
433568.0
433569.0
433625.0
433626.0
433627.0
433643.0
433644.0
433645.0
0.0
0.0
433722.0
433723.0
0.0
0.0
433858.0
433859.0
433860.0
433936.0
433937.0
0.0
0.0
0.0
434091.0
434092.0
434093.0
434094.0
434095.0
0.0
434170.0
434171.0
434172.0
434173.0
0.0
0.0
434249.0
434250.0
434251.0
434252.0
0.0
0.0
434328.0
434329.0
434330.0
0.0
0.0
0.0
434406.0
434407.0
0.0
0.0
0.0
0.0
0.0
0.0
0.0
0.0
0.0
0.0
435030.0
435031.0
435032.0
0.0
0.0
0.0
0.0
435108.0
435109.0
435110.0
0.0
0.0
0.0
0.0
435186.0
435187.0
435188.0
0.0
0.0
0.0
435263.0
435264.0
435265.0
435266.0
0.0
0.0
0.0
435340.0
435341.0
435342.0
435343.0
435344.0
0.0
0.0
0.0
0.0
435419.0
435420.0
435421.0
0.0
0.0
0.0
0.0
0.0
435498.0
435499.0
0.0
0.0
0.0
435575.0
435576.0
435649.0
435650.0
435651.0
435652.0
435653.0
435654.0
435729.0
0.0
0.0
0.0
0.0
0.0
0.0
0.0
0.0
0.0
0.0
0.0
0.0
0.0
0.0
0.0
0.0
0.0
0.0
0.0
439958.0
439959.0
439961.0
0.0
0.0
0.0
0.0
0.0
440035.0
440036.0
440037.0
440038.0
440039.0
0.0
0.0
0.0
0.0
440110.0
440111.0
440112.0
440113.0
440114.0
440115.0
440116.0
440117.0
0.0
0.0
0.0
0.0
0.0
0.0
440185.0
440186.0
440187.0
440188.0
440189.0
440191.0
440193.0
440194.0
440195.0
0.0
0.0
0.0
0.0
0.0
0.0
440263.0
440264.0
440265.0
440266.0
440267.0
440268.0
440269.0
440271.0
440272.0
440273.0
0.0
0.0
0.0
0.0
0.0
0.0
0.0
440343.0
440344.0
440345.0
440346.0
440347.0
440349.0
440350.0
440351.0
0.0
0.0
0.0
0.0
0.0
0.0
0.0
440422.0
440423.0
440424.0
440428.0
440429.0
0.0
0.0
0.0
0.0
0.0
0.0
0.0
0.0
440495.0
0.0
0.0
0.0
0.0
0.0
0.0
440572.0
440573.0
440581.0
0.0
0.0
440647.0
0.0
440649.0
440650.0
440651.0
440658.0
440659.0
440660.0
440724.0
440725.0
440726.0
440727.0
440728.0
440735.0
440736.0
440737.0
440738.0
440739.0
440740.0
440744.0
440746.0
440747.0
440748.0
440749.0
440750.0
440802.0
440803.0
440804.0
440814.0
440815.0
440817.0
440818.0
440822.0
440823.0
440824.0
440825.0
440826.0
440827.0
440828.0
0.0
0.0
440882.0
440883.0
440891.0
440892.0
440893.0
440894.0
440895.0
440896.0
440899.0
440900.0
440901.0
440902.0
440903.0
440904.0
440905.0
440959.0
440960.0
440961.0
440968.0
440969.0
440970.0
440971.0
440972.0
440973.0
440975.0
440976.0
440977.0
440978.0
440980.0
440981.0
440982.0
0.0
441039.0
441042.0
441043.0
441044.0
441046.0
441047.0
441048.0
441050.0
441051.0
441052.0
441053.0
441054.0
441055.0
441056.0
441057.0
441058.0
441114.0
441115.0
0.0
441119.0
441120.0
441121.0
441122.0
441124.0
441125.0
441126.0
441129.0
441130.0
441131.0
441132.0
441133.0
441134.0
441135.0
441191.0
441192.0
441193.0
441194.0
441197.0
441198.0
441199.0
441200.0
441202.0
441203.0
441204.0
441207.0
441208.0
441209.0
441210.0
441211.0
441212.0
441269.0
441270.0
441271.0
441277.0
441278.0
441279.0
441280.0
441281.0
441282.0
441288.0
441289.0
441290.0
441346.0
441347.0
441348.0
441357.0
441358.0
441359.0
441424.0
441425.0
441426.0
441502.0
441503.0
441507.0
441580.0
441581.0
441582.0
0.0
0.0
441658.0
441659.0
441660.0
0.0
0.0
0.0
441736.0
441737.0
441738.0
441739.0
0.0
0.0
0.0
0.0
441815.0
441816.0
441817.0
0.0
0.0
0.0
441893.0
441894.0
441895.0
441896.0
0.0
0.0
0.0
441972.0
441973.0
441974.0
0.0
0.0
0.0
0.0
0.0
0.0
0.0
442285.0
442362.0
442363.0
442364.0
442440.0
442441.0
442442.0
0.0
0.0
0.0
442519.0
442520.0
0.0
0.0
0.0
442596.0
442597.0
442598.0
0.0
0.0
0.0
442673.0
442674.0
442675.0
442676.0
0.0
0.0
0.0
442751.0
442752.0
442753.0
442754.0
0.0
0.0
0.0
442829.0
442830.0
442831.0
442832.0
0.0
0.0
0.0
0.0
442908.0
442909.0
0.0
0.0
0.0
0.0
442986.0
442987.0
0.0
0.0
0.0
0.0
443064.0
0.0
0.0
0.0
0.0
0.0
0.0
0.0
0.0
0.0
0.0
0.0
0.0
0.0
0.0
0.0
0.0
0.0
0.0
0.0
0.0
0.0
0.0
0.0
0.0
0.0
0.0
0.0
0.0
447524.0
447525.0
447526.0
447528.0
0.0
0.0
0.0
0.0
0.0
447596.0
447597.0
447599.0
447600.0
447601.0
447602.0
447603.0
447604.0
447605.0
0.0
0.0
0.0
0.0
0.0
0.0
0.0
0.0
447674.0
447675.0
447676.0
447677.0
447678.0
447679.0
447681.0
447682.0
447683.0
447684.0
0.0
0.0
0.0
0.0
0.0
0.0
0.0
0.0
0.0
447751.0
447752.0
447753.0
447754.0
447755.0
447756.0
447757.0
447759.0
447760.0
447761.0
0.0
0.0
0.0
0.0
0.0
0.0
0.0
447827.0
447828.0
447829.0
447830.0
447831.0
447832.0
447833.0
447834.0
447835.0
447837.0
447838.0
447839.0
0.0
0.0
0.0
0.0
0.0
0.0
447907.0
447908.0
447909.0
447911.0
447912.0
447913.0
447915.0
447916.0
447917.0
0.0
0.0
0.0
0.0
0.0
447986.0
447987.0
447993.0
447994.0
447995.0
447996.0
0.0
0.0
448069.0
448072.0
448073.0
448074.0
0.0
0.0
448137.0
448138.0
448146.0
448147.0
448148.0
448150.0
448151.0
448152.0
0.0
448214.0
448215.0
448216.0
448224.0
448225.0
448226.0
448233.0
448236.0
448237.0
448290.0
448291.0
448292.0
448293.0
448294.0
448301.0
448302.0
448304.0
448305.0
448306.0
448313.0
448314.0
448315.0
448316.0
448317.0
448368.0
448369.0
448378.0
448380.0
448381.0
448382.0
448383.0
448384.0
448390.0
448391.0
448392.0
448393.0
448394.0
448395.0
0.0
0.0
0.0
448457.0
448458.0
448459.0
448460.0
448461.0
448462.0
448463.0
448464.0
448465.0
448466.0
448468.0
448469.0
448470.0
448471.0
0.0
0.0
448526.0
448529.0
448530.0
448531.0
448533.0
448534.0
448535.0
448536.0
448537.0
448538.0
448539.0
448540.0
448541.0
448542.0
448543.0
448544.0
448545.0
448546.0
448547.0
448548.0
0.0
0.0
0.0
448606.0
448607.0
448608.0
448609.0
448610.0
448611.0
448612.0
448613.0
448614.0
448615.0
448616.0
448617.0
448618.0
448619.0
448620.0
448621.0
448622.0
448623.0
448624.0
448680.0
448681.0
0.0
448684.0
448685.0
448686.0
448687.0
448688.0
448690.0
448691.0
448692.0
448693.0
448694.0
448695.0
448696.0
448697.0
448698.0
448700.0
448701.0
448758.0
448759.0
448761.0
448762.0
448763.0
448764.0
448765.0
448766.0
448767.0
448768.0
448769.0
448770.0
448772.0
448773.0
448774.0
448775.0
448776.0
448777.0
448778.0
448835.0
448836.0
448837.0
448839.0
448840.0
448841.0
448843.0
448844.0
448845.0
448846.0
448847.0
448848.0
448851.0
448854.0
448855.0
448856.0
448912.0
448913.0
448914.0
448921.0
448922.0
448923.0
448924.0
448925.0
448990.0
448991.0
448992.0
448994.0
448995.0
448996.0
449002.0
449068.0
449069.0
0.0
0.0
449073.0
449074.0
449145.0
449146.0
449147.0
0.0
0.0
449151.0
449152.0
449224.0
449225.0
449226.0
0.0
0.0
449229.0
0.0
0.0
449303.0
0.0
0.0
0.0
0.0
0.0
0.0
0.0
0.0
0.0
0.0
0.0
0.0
0.0
0.0
0.0
0.0
0.0
0.0
0.0
0.0
0.0
449537.0
449538.0
449539.0
449774.0
449850.0
449851.0
449852.0
449928.0
449929.0
449930.0
450006.0
450007.0
450008.0
0.0
0.0
450084.0
450085.0
450086.0
0.0
0.0
0.0
0.0
450162.0
450163.0
450164.0
0.0
0.0
0.0
450240.0
450241.0
450242.0
0.0
0.0
450317.0
450318.0
450319.0
0.0
0.0
450395.0
450396.0
450397.0
0.0
0.0
0.0
0.0
450475.0
0.0
0.0
0.0
0.0
0.0
0.0
0.0
0.0
0.0
0.0
0.0
0.0
0.0
0.0
0.0
0.0
0.0
455087.0
0.0
0.0
0.0
0.0
0.0
0.0
0.0
455162.0
455163.0
455164.0
455165.0
455166.0
455167.0
455168.0
455169.0
455172.0
0.0
0.0
0.0
0.0
0.0
0.0
0.0
455240.0
455241.0
455242.0
455243.0
455244.0
455245.0
455246.0
455247.0
455248.0
455249.0
455250.0
0.0
0.0
0.0
0.0
0.0
0.0
0.0
0.0
455315.0
455316.0
455318.0
455319.0
455320.0
455323.0
455325.0
455326.0
455327.0
455328.0
0.0
0.0
0.0
0.0
0.0
0.0
0.0
0.0
0.0
455393.0
455394.0
455396.0
455397.0
455398.0
455403.0
455404.0
455405.0
455406.0
0.0
0.0
0.0
0.0
0.0
0.0
0.0
0.0
0.0
455471.0
455472.0
455474.0
455475.0
455476.0
455481.0
455482.0
455483.0
0.0
0.0
0.0
0.0
0.0
0.0
0.0
0.0
0.0
455549.0
455550.0
455551.0
455552.0
455553.0
455557.0
455558.0
455559.0
455560.0
455561.0
455562.0
0.0
0.0
0.0
0.0
0.0
455627.0
455628.0
455629.0
455638.0
455639.0
455640.0
0.0
0.0
455706.0
455707.0
455712.0
455713.0
455714.0
455716.0
455717.0
455718.0
455779.0
455780.0
455781.0
455789.0
455790.0
455791.0
455792.0
455795.0
455796.0
455803.0
455804.0
455856.0
455857.0
455858.0
455859.0
455866.0
455867.0
455868.0
455870.0
455871.0
455880.0
455881.0
455882.0
455883.0
455934.0
455935.0
455944.0
455945.0
455946.0
455947.0
455949.0
455950.0
455956.0
455957.0
455958.0
455959.0
455960.0
455961.0
456012.0
456013.0
456017.0
456018.0
456019.0
456021.0
456022.0
456023.0
456024.0
456025.0
456026.0
456027.0
456029.0
456030.0
456031.0
456034.0
456035.0
456036.0
456037.0
456038.0
0.0
0.0
456094.0
456095.0
456096.0
456097.0
456099.0
456100.0
456101.0
456103.0
456104.0
456105.0
456106.0
456107.0
456108.0
456109.0
456110.0
456112.0
456113.0
0.0
0.0
456171.0
456172.0
456173.0
456174.0
456175.0
456176.0
456178.0
456179.0
456181.0
456182.0
456183.0
456184.0
456185.0
456188.0
456189.0
456246.0
456247.0
456249.0
456250.0
456251.0
456252.0
456253.0
456254.0
456255.0
456256.0
456257.0
456258.0
456259.0
456260.0
456261.0
456262.0
456263.0
456264.0
456265.0
456266.0
456267.0
456322.0
456323.0
456324.0
456325.0
456327.0
456328.0
456329.0
456330.0
456331.0
456332.0
456333.0
456334.0
456335.0
456336.0
456338.0
456339.0
456340.0
456341.0
456342.0
456343.0
456344.0
456400.0
456401.0
456402.0
456405.0
456406.0
456407.0
456408.0
456409.0
456410.0
456411.0
456412.0
456413.0
456414.0
456416.0
456417.0
456420.0
456421.0
456422.0
456478.0
456479.0
456480.0
456484.0
456485.0
456487.0
456488.0
456489.0
456490.0
456491.0
456556.0
456557.0
456558.0
0.0
456560.0
456561.0
456562.0
456567.0
456568.0
456634.0
456635.0
456636.0
0.0
0.0
456639.0
456640.0
456641.0
456712.0
456713.0
0.0
0.0
456716.0
456717.0
456718.0
456719.0
456790.0
456791.0
0.0
0.0
456794.0
456795.0
456869.0
0.0
0.0
0.0
456873.0
456874.0
0.0
0.0
0.0
0.0
456951.0
456952.0
0.0
0.0
0.0
0.0
457029.0
0.0
0.0
457496.0
457572.0
457573.0
457574.0
0.0
0.0
457649.0
457650.0
457651.0
457652.0
0.0
0.0
457728.0
457729.0
457730.0
0.0
0.0
457806.0
457807.0
0.0
0.0
457884.0
457960.0
457961.0
0.0
0.0
0.0
0.0
0.0
0.0
0.0
0.0
0.0
0.0
462729.0
462730.0
462731.0
462732.0
462733.0
462734.0
0.0
0.0
0.0
0.0
0.0
462804.0
0.0
0.0
462807.0
462808.0
462809.0
462810.0
462811.0
462812.0
462813.0
462816.0
0.0
0.0
0.0
0.0
462880.0
0.0
462882.0
0.0
462884.0
462885.0
462886.0
462887.0
462888.0
462889.0
462890.0
462891.0
462892.0
462893.0
462894.0
0.0
0.0
0.0
0.0
0.0
462959.0
462960.0
462962.0
462963.0
462964.0
462965.0
462966.0
462967.0
462968.0
462969.0
462970.0
462971.0
0.0
0.0
0.0
0.0
0.0
0.0
0.0
0.0
0.0
0.0
463037.0
463038.0
463039.0
463040.0
463041.0
463042.0
463048.0
0.0
0.0
0.0
0.0
0.0
0.0
0.0
0.0
0.0
0.0
0.0
0.0
463115.0
463116.0
463117.0
463118.0
463119.0
463123.0
463124.0
463125.0
0.0
0.0
0.0
0.0
0.0
0.0
0.0
0.0
0.0
0.0
0.0
463193.0
463194.0
463195.0
463200.0
463201.0
463202.0
463204.0
463205.0
463206.0
463207.0
0.0
0.0
0.0
463272.0
463273.0
463274.0
463278.0
463279.0
463280.0
463282.0
463283.0
463284.0
463285.0
463344.0
463345.0
463346.0
463350.0
463351.0
463352.0
463355.0
463356.0
463357.0
463358.0
463360.0
463362.0
463369.0
463370.0
463371.0
463421.0
463422.0
463423.0
463424.0
463432.0
463433.0
463434.0
463436.0
463437.0
463447.0
463448.0
463449.0
463450.0
463499.0
463500.0
463509.0
463510.0
463511.0
463512.0
463513.0
463515.0
463517.0
463518.0
463519.0
463524.0
463525.0
463526.0
463527.0
463577.0
463578.0
463581.0
463582.0
463583.0
463584.0
463585.0
463587.0
463588.0
463589.0
463590.0
463591.0
463592.0
463593.0
463594.0
463595.0
463596.0
463597.0
463601.0
463602.0
463603.0
463604.0
0.0
0.0
463659.0
463660.0
463661.0
463662.0
463663.0
463665.0
463666.0
463667.0
463669.0
463670.0
463671.0
463672.0
463673.0
463674.0
463675.0
0.0
0.0
463737.0
463738.0
463739.0
463740.0
463741.0
463742.0
463743.0
463744.0
463745.0
463747.0
463748.0
463749.0
463750.0
463751.0
463752.0
463754.0
463755.0
463811.0
0.0
463815.0
463816.0
463817.0
463818.0
463819.0
463820.0
463821.0
463822.0
463823.0
463825.0
463826.0
463827.0
463828.0
463829.0
463830.0
463832.0
463888.0
463889.0
463890.0
463893.0
463894.0
463895.0
463896.0
463897.0
463898.0
463899.0
463900.0
463901.0
463903.0
463904.0
463905.0
463906.0
463907.0
463908.0
463909.0
463910.0
463966.0
463967.0
0.0
463971.0
463972.0
463973.0
463975.0
463976.0
463977.0
463978.0
463979.0
463985.0
463986.0
463987.0
463988.0
464044.0
464045.0
464046.0
0.0
464048.0
464049.0
464050.0
464051.0
464052.0
464054.0
464055.0
464056.0
464057.0
464064.0
464121.0
464122.0
464123.0
464124.0
464125.0
464126.0
464127.0
464128.0
464129.0
464130.0
464133.0
464134.0
464200.0
464201.0
464202.0
0.0
464204.0
464205.0
464206.0
464207.0
464278.0
464279.0
464280.0
464281.0
464282.0
464283.0
464284.0
464285.0
464356.0
464357.0
0.0
464359.0
464360.0
464361.0
0.0
0.0
0.0
464439.0
0.0
464516.0
464517.0
0.0
0.0
464595.0
465061.0
465062.0
0.0
465137.0
465138.0
465139.0
465140.0
0.0
0.0
465215.0
465216.0
465217.0
0.0
0.0
0.0
465294.0
0.0
0.0
0.0
0.0
0.0
0.0
0.0
470373.0
470374.0
470375.0
470376.0
0.0
0.0
0.0
0.0
470447.0
470448.0
0.0
0.0
470451.0
470452.0
470453.0
470454.0
470455.0
470456.0
470457.0
470458.0
0.0
0.0
0.0
0.0
470525.0
470526.0
470527.0
470528.0
470529.0
470530.0
470531.0
470532.0
470533.0
470534.0
470535.0
470536.0
470537.0
0.0
0.0
0.0
0.0
0.0
0.0
470603.0
470604.0
470605.0
470606.0
470607.0
470608.0
470609.0
470610.0
470611.0
470612.0
470613.0
0.0
0.0
0.0
0.0
0.0
0.0
0.0
0.0
0.0
470681.0
470682.0
470683.0
470684.0
470685.0
470687.0
470689.0
470690.0
470691.0
470692.0
0.0
0.0
0.0
0.0
0.0
0.0
0.0
0.0
0.0
0.0
0.0
0.0
470759.0
470760.0
470761.0
470762.0
470763.0
470766.0
470767.0
470768.0
470769.0
470770.0
470771.0
470772.0
0.0
0.0
0.0
0.0
0.0
0.0
470838.0
470839.0
470840.0
470844.0
470845.0
470846.0
470848.0
470849.0
470850.0
0.0
470857.0
0.0
0.0
0.0
0.0
0.0
470916.0
470917.0
470918.0
470919.0
470921.0
470922.0
470923.0
470924.0
470926.0
470927.0
470928.0
470935.0
470936.0
470937.0
470938.0
0.0
0.0
0.0
470995.0
470996.0
470998.0
470999.0
471000.0
471002.0
471003.0
471004.0
471006.0
471013.0
471014.0
471015.0
471016.0
471065.0
471066.0
471072.0
471076.0
471077.0
471078.0
471079.0
471081.0
471083.0
471084.0
471085.0
471090.0
471091.0
471092.0
471093.0
471143.0
471144.0
471146.0
471147.0
471148.0
471149.0
471150.0
471151.0
471153.0
471154.0
471155.0
471156.0
471157.0
471158.0
471159.0
471160.0
471161.0
471162.0
471163.0
471221.0
471222.0
471224.0
471225.0
471229.0
471231.0
471232.0
471233.0
471234.0
471235.0
471236.0
471237.0
471238.0
0.0
0.0
471302.0
471303.0
471304.0
471305.0
471306.0
471307.0
471308.0
471309.0
471310.0
471311.0
471313.0
471314.0
471315.0
471316.0
471317.0
471318.0
0.0
0.0
471380.0
471381.0
471382.0
471383.0
471385.0
471386.0
471387.0
471388.0
471389.0
471391.0
471392.0
471393.0
471394.0
471395.0
471396.0
471455.0
471456.0
471458.0
471459.0
471460.0
471461.0
471462.0
471463.0
471464.0
471466.0
471467.0
471470.0
471471.0
471472.0
471473.0
471474.0
471532.0
471533.0
471534.0
471535.0
471537.0
471538.0
471539.0
471541.0
471542.0
471543.0
471544.0
471545.0
471551.0
471552.0
471553.0
471554.0
471610.0
471611.0
471612.0
471613.0
471614.0
471615.0
471616.0
471617.0
471618.0
471620.0
471621.0
471622.0
471630.0
471688.0
471689.0
471690.0
471691.0
471692.0
471693.0
471694.0
471695.0
471696.0
471698.0
471699.0
471700.0
471766.0
471767.0
471768.0
471769.0
471770.0
471771.0
471772.0
471773.0
471844.0
471845.0
471846.0
471847.0
471848.0
471849.0
471850.0
471851.0
471923.0
471924.0
471925.0
471926.0
0.0
472002.0
472003.0
0.0
0.0
0.0
0.0
0.0
0.0
0.0
0.0
0.0
0.0
0.0
0.0
472627.0
472628.0
472705.0
0.0
0.0
0.0
0.0
0.0
478013.0
478017.0
478018.0
0.0
0.0
478090.0
478091.0
478093.0
478094.0
478095.0
478096.0
478097.0
478098.0
478099.0
478100.0
478101.0
478102.0
0.0
0.0
0.0
478169.0
478170.0
478172.0
478173.0
478174.0
478175.0
478176.0
478177.0
478178.0
478179.0
478180.0
478181.0
0.0
0.0
0.0
0.0
478247.0
478248.0
478249.0
478250.0
478251.0
478252.0
478253.0
478254.0
478255.0
478256.0
478257.0
478258.0
478259.0
478260.0
0.0
0.0
0.0
0.0
0.0
0.0
0.0
0.0
0.0
0.0
478326.0
478327.0
478328.0
478332.0
478333.0
478334.0
478335.0
478336.0
478337.0
478338.0
478339.0
0.0
0.0
0.0
0.0
0.0
0.0
0.0
0.0
0.0
478404.0
478405.0
478406.0
478407.0
478410.0
478411.0
478412.0
478414.0
478415.0
478416.0
0.0
0.0
0.0
0.0
0.0
0.0
0.0
478482.0
478483.0
478484.0
478485.0
478487.0
478488.0
478489.0
478490.0
478492.0
478493.0
478494.0
0.0
0.0
0.0
478503.0
478504.0
0.0
0.0
0.0
0.0
478561.0
478562.0
478563.0
478565.0
478566.0
478568.0
478569.0
478570.0
478571.0
478572.0
478579.0
478580.0
478581.0
478582.0
478583.0
0.0
478638.0
478642.0
478643.0
478645.0
478646.0
478647.0
478648.0
478649.0
478650.0
478657.0
478658.0
478659.0
478660.0
478661.0
0.0
0.0
478712.0
478713.0
478714.0
478715.0
478716.0
478717.0
478720.0
478723.0
478724.0
478725.0
478726.0
478727.0
478728.0
478729.0
0.0
0.0
478789.0
478790.0
478791.0
478792.0
478793.0
478795.0
478796.0
478797.0
478798.0
478802.0
478804.0
478805.0
0.0
0.0
478868.0
478869.0
478870.0
478871.0
478873.0
478874.0
478875.0
478876.0
478877.0
478878.0
478879.0
478880.0
478882.0
478883.0
478884.0
0.0
0.0
478946.0
478947.0
478948.0
478950.0
478951.0
478952.0
478953.0
478954.0
478955.0
478957.0
478958.0
478959.0
478960.0
478961.0
478962.0
0.0
0.0
0.0
479024.0
479025.0
479026.0
479028.0
479029.0
479030.0
479031.0
479032.0
479033.0
479036.0
479037.0
479039.0
479040.0
479098.0
479099.0
0.0
0.0
479102.0
479103.0
479104.0
479105.0
479107.0
479108.0
479109.0
479110.0
479117.0
479118.0
479119.0
479176.0
479177.0
479178.0
479179.0
479180.0
479181.0
479182.0
479183.0
479185.0
479186.0
479187.0
479188.0
479195.0
479196.0
479255.0
479256.0
479257.0
479258.0
479259.0
479260.0
479261.0
479263.0
479264.0
479265.0
479266.0
479330.0
479331.0
479332.0
479333.0
479334.0
479335.0
479336.0
479337.0
479338.0
479339.0
479342.0
479409.0
479410.0
479411.0
479412.0
479414.0
479415.0
479416.0
479417.0
479487.0
479489.0
479490.0
479565.0
479567.0
479568.0
479569.0
0.0
0.0
0.0
0.0
480194.0
0.0
0.0
485735.0
485738.0
485739.0
485740.0
485742.0
485743.0
485744.0
485745.0
485746.0
485747.0
0.0
0.0
485813.0
485814.0
485815.0
485816.0
485817.0
485818.0
485819.0
485820.0
485821.0
485822.0
485823.0
485824.0
485825.0
485827.0
0.0
0.0
0.0
0.0
485891.0
485892.0
485893.0
485894.0
485895.0
485896.0
485897.0
485898.0
485899.0
485900.0
485901.0
485902.0
485903.0
485904.0
485905.0
0.0
0.0
0.0
0.0
0.0
485968.0
485970.0
485971.0
485972.0
485973.0
485976.0
485977.0
485978.0
485979.0
485980.0
485981.0
485982.0
485983.0
0.0
0.0
0.0
0.0
0.0
0.0
0.0
0.0
486046.0
486048.0
486049.0
486050.0
486051.0
486052.0
486054.0
486055.0
486056.0
486057.0
486058.0
486059.0
486060.0
0.0
0.0
0.0
0.0
0.0
0.0
0.0
486124.0
486127.0
486128.0
486129.0
486130.0
486131.0
486132.0
486134.0
486135.0
486136.0
486137.0
486138.0
486144.0
486145.0
486146.0
486147.0
486148.0
486149.0
0.0
0.0
486208.0
486209.0
486210.0
486211.0
486212.0
486213.0
486214.0
486215.0
486222.0
486223.0
486224.0
486225.0
486226.0
486227.0
486228.0
0.0
486276.0
486277.0
486278.0
486279.0
486280.0
486281.0
486282.0
486283.0
486286.0
486287.0
486288.0
486289.0
486290.0
486291.0
486292.0
486293.0
486305.0
0.0
486354.0
486355.0
486356.0
486357.0
486358.0
486359.0
486361.0
486362.0
486363.0
486364.0
486367.0
486368.0
486370.0
486371.0
486372.0
0.0
486432.0
486433.0
486434.0
486436.0
486437.0
486439.0
486440.0
486441.0
486442.0
486445.0
486446.0
486447.0
486448.0
486449.0
486450.0
0.0
0.0
486511.0
486512.0
486513.0
486514.0
486515.0
486516.0
486517.0
486518.0
486519.0
486520.0
486521.0
486524.0
486525.0
486526.0
486527.0
486528.0
0.0
0.0
486589.0
486590.0
486591.0
486592.0
486594.0
486595.0
486596.0
486597.0
486598.0
486599.0
486605.0
486606.0
486664.0
486665.0
486666.0
0.0
486668.0
486669.0
486670.0
486671.0
486673.0
486674.0
486675.0
486683.0
486684.0
486741.0
486742.0
486743.0
486744.0
486745.0
486746.0
486747.0
486748.0
486749.0
486751.0
486752.0
486753.0
486754.0
486761.0
486762.0
486822.0
486823.0
486824.0
486825.0
486826.0
486827.0
486828.0
486829.0
486830.0
486831.0
486897.0
486902.0
486903.0
486904.0
486906.0
486907.0
486908.0
486974.0
486975.0
486976.0
487053.0
487054.0
487131.0
487132.0
487133.0
487134.0
487210.0
487211.0
487212.0
0.0
0.0
493379.0
493382.0
493383.0
493384.0
493385.0
493386.0
493387.0
0.0
493457.0
493458.0
493459.0
493460.0
493461.0
493462.0
493463.0
493464.0
493465.0
493467.0
493468.0
493470.0
493471.0
493533.0
493534.0
493535.0
493536.0
493537.0
493538.0
493539.0
493540.0
493541.0
493542.0
493543.0
493544.0
493545.0
493546.0
493548.0
493549.0
0.0
0.0
0.0
0.0
0.0
0.0
493612.0
493613.0
493614.0
493615.0
493616.0
493617.0
493618.0
493619.0
493620.0
493621.0
493622.0
493623.0
493624.0
493625.0
493626.0
493627.0
493628.0
0.0
0.0
0.0
0.0
493690.0
493691.0
493694.0
493695.0
493696.0
493697.0
493698.0
493699.0
493700.0
493701.0
493702.0
493703.0
493704.0
493710.0
493711.0
493764.0
493765.0
493768.0
493775.0
493776.0
493777.0
493778.0
493779.0
493780.0
493782.0
493788.0
493789.0
493790.0
493791.0
493792.0
493841.0
493842.0
493843.0
493844.0
493845.0
493846.0
493847.0
493848.0
493849.0
493851.0
493852.0
493853.0
493854.0
493855.0
493856.0
493857.0
493858.0
493859.0
493919.0
493920.0
493921.0
493922.0
493923.0
493924.0
493925.0
493927.0
493928.0
493929.0
493930.0
493931.0
493932.0
493934.0
493935.0
493936.0
493937.0
493938.0
493997.0
493998.0
493999.0
494002.0
494003.0
0.0
494005.0
494006.0
494007.0
494012.0
494013.0
494014.0
494015.0
494016.0
494074.0
494075.0
494076.0
494077.0
494078.0
494079.0
494080.0
494081.0
494082.0
494083.0
494085.0
494091.0
494093.0
494094.0
494151.0
494152.0
494154.0
494155.0
494156.0
494157.0
494158.0
494160.0
494161.0
494162.0
494163.0
494164.0
494171.0
494172.0
494229.0
494230.0
494232.0
494233.0
494234.0
494235.0
0.0
494238.0
494239.0
494240.0
494241.0
494242.0
494248.0
494249.0
494307.0
494308.0
494310.0
494311.0
494312.0
494313.0
494314.0
494316.0
494317.0
494318.0
494319.0
494326.0
494327.0
494328.0
494385.0
494386.0
494387.0
494389.0
494390.0
494391.0
494392.0
494393.0
494394.0
494395.0
494396.0
494397.0
494464.0
494469.0
494470.0
494471.0
494472.0
494473.0
494474.0
494540.0
494541.0
494550.0
494618.0
494619.0
494620.0
494697.0
494698.0
494775.0
494776.0
0.0
501030.0
501101.0
501102.0
501103.0
501104.0
501106.0
501107.0
501108.0
501109.0
501111.0
501178.0
501179.0
501180.0
501181.0
501182.0
501183.0
501184.0
501185.0
501186.0
501187.0
501192.0
501193.0
501194.0
0.0
501254.0
501255.0
501256.0
501257.0
501258.0
501260.0
501261.0
501262.0
501263.0
501264.0
501265.0
501270.0
501271.0
501330.0
501331.0
501332.0
501333.0
501334.0
501335.0
501339.0
501340.0
501341.0
501342.0
501343.0
501344.0
501345.0
501346.0
501347.0
501408.0
501409.0
501410.0
501411.0
501412.0
501413.0
501414.0
501415.0
501416.0
501417.0
501418.0
501419.0
501420.0
501421.0
501422.0
501423.0
501424.0
501425.0
501426.0
501488.0
501489.0
501490.0
501493.0
501494.0
501495.0
501496.0
501497.0
501498.0
501500.0
501501.0
501502.0
501503.0
501504.0
501567.0
501568.0
501569.0
0.0
501575.0
501579.0
501582.0
501640.0
501641.0
501642.0
501645.0
501646.0
501647.0
0.0
501649.0
501659.0
501660.0
501717.0
501718.0
501719.0
501720.0
501721.0
501722.0
501723.0
501726.0
501727.0
501729.0
501737.0
501795.0
501796.0
501798.0
501799.0
501800.0
501801.0
501802.0
501804.0
501805.0
501806.0
501807.0
501814.0
501815.0
501877.0
501878.0
501879.0
501880.0
501881.0
501882.0
501883.0
501884.0
501885.0
501892.0
501893.0
501894.0
501951.0
501952.0
501957.0
501959.0
501960.0
501961.0
501962.0
502028.0
502029.0
502030.0
502031.0
502037.0
502038.0
502039.0
502106.0
502107.0
502108.0
502109.0
502116.0
502117.0
502184.0
502185.0
502186.0
502187.0
502263.0
502264.0
0.0
508745.0
508746.0
508747.0
508748.0
508751.0
508820.0
508821.0
508822.0
508823.0
508824.0
508825.0
508826.0
508827.0
508828.0
508829.0
508830.0
508897.0
508898.0
508899.0
508900.0
508901.0
0.0
508903.0
508904.0
508905.0
508906.0
508907.0
508908.0
508909.0
508910.0
508911.0
508912.0
508913.0
508975.0
508976.0
508977.0
508978.0
508979.0
508980.0
508981.0
508982.0
508983.0
508984.0
508985.0
508986.0
508987.0
508988.0
508989.0
508990.0
508991.0
508992.0
509055.0
509056.0
509057.0
509059.0
509060.0
509061.0
509063.0
509064.0
509065.0
509066.0
509068.0
509069.0
509070.0
509129.0
509130.0
509131.0
509133.0
509134.0
509135.0
509136.0
509141.0
509144.0
509145.0
509147.0
509148.0
509207.0
509208.0
509209.0
509212.0
509213.0
509214.0
509215.0
509216.0
509219.0
509223.0
509225.0
509226.0
509286.0
509287.0
509288.0
509289.0
509292.0
509294.0
509295.0
509302.0
509303.0
509304.0
509365.0
509366.0
509380.0
509381.0
509444.0
509447.0
509448.0
509449.0
509450.0
509458.0
509459.0
509460.0
509525.0
509527.0
509528.0
509538.0
509595.0
509596.0
509597.0
509603.0
509604.0
509605.0
509673.0
509675.0
509682.0
509684.0
509751.0
509752.0
516391.0
516466.0
516467.0
0.0
516469.0
516470.0
516471.0
516477.0
516543.0
516544.0
516545.0
516546.0
516547.0
516548.0
516549.0
516550.0
516551.0
516552.0
516553.0
516554.0
516555.0
516556.0
516557.0
516558.0
516619.0
516620.0
516621.0
516627.0
516630.0
516631.0
516632.0
516633.0
516634.0
516635.0
516636.0
516695.0
516696.0
516697.0
516698.0
516699.0
516700.0
516701.0
516702.0
516704.0
516705.0
516706.0
516710.0
516711.0
516712.0
516713.0
516714.0
516774.0
516776.0
516778.0
516779.0
516780.0
516781.0
516782.0
516783.0
516784.0
516785.0
516786.0
516788.0
516789.0
516790.0
516791.0
516792.0
516851.0
516858.0
516859.0
516860.0
516862.0
516863.0
516869.0
516870.0
516946.0
516947.0
516948.0
517014.0
517015.0
517024.0
517025.0
517026.0
517091.0
517092.0
517169.0
517170.0
517240.0
517241.0
517318.0
517319.0
517396.0
524197.0
524267.0
524271.0
524272.0
524277.0
524278.0
524279.0
524347.0
524350.0
524351.0
524355.0
524356.0
524357.0
524358.0
524424.0
524425.0
524427.0
524428.0
524429.0
524430.0
524433.0
524434.0
524435.0
524436.0
524501.0
524502.0
524503.0
524507.0
524511.0
524512.0
524513.0
524580.0
524581.0
524590.0
524591.0
524658.0
531915.0
531916.0
531991.0
531993.0
531994.0
531995.0
531996.0
531999.0
532000.0
532001.0
532067.0
532068.0
532073.0
532077.0
532078.0
532079.0
532155.0
532156.0
532157.0
539634.0
539643.0
539721.0
539722.0
