0.0
0.0
0.0
0.0
0.0
0.0
0.0
0.0
0.0
0.0
0.0
0.0
0.0
0.0
0.0
0.0
0.0
0.0
0.0
0.0
0.0
0.0
0.0
0.0
0.0
0.0
0.0
0.0
0.0
0.0
0.0
0.0
0.0
0.0
0.0
0.0
0.0
0.0
0.0
0.0
0.0
0.0
0.0
0.0
0.0
0.0
0.0
0.0
0.0
0.0
0.0
0.0
0.0
0.0
0.0
0.0
0.0
0.0
0.0
0.0
0.0
0.0
0.0
0.0
0.0
0.0
0.0
0.0
0.0
0.0
0.0
0.0
0.0
0.0
0.0
0.0
0.0
0.0
0.0
0.0
0.0
0.0
0.0
0.0
0.0
0.0
0.0
0.0
0.0
0.0
0.0
0.0
0.0
0.0
0.0
0.0
0.0
0.0
0.0
0.0
0.0
0.0
0.0
0.0
0.0
0.0
0.0
0.0
0.0
0.0
0.0
0.0
0.0
0.0
0.0
0.0
0.0
0.0
0.0
0.0
0.0
0.0
0.0
0.0
0.0
0.0
0.0
0.0
0.0
0.0
0.0
0.0
0.0
0.0
0.0
0.0
0.0
0.0
0.0
0.0
0.0
0.0
0.0
0.0
0.0
0.0
0.0
0.0
0.0
0.0
0.0
0.0
0.0
0.0
0.0
0.0
0.0
0.0
0.0
0.0
0.0
0.0
0.0
0.0
0.0
0.0
0.0
0.0
0.0
0.0
0.0
0.0
0.0
0.0
0.0
0.0
0.0
0.0
0.0
0.0
0.0
0.0
0.0
0.0
0.0
0.0
0.0
0.0
0.0
0.0
0.0
0.0
0.0
0.0
0.0
0.0
0.0
0.0
0.0
0.0
0.0
0.0
0.0
0.0
0.0
0.0
0.0
0.0
0.0
0.0
0.0
0.0
0.0
0.0
0.0
0.0
0.0
0.0
0.0
0.0
0.0
0.0
0.0
0.0
0.0
0.0
0.0
0.0
0.0
0.0
0.0
0.0
0.0
0.0
0.0
0.0
0.0
0.0
0.0
0.0
0.0
0.0
0.0
0.0
0.0
0.0
0.0
0.0
0.0
0.0
0.0
0.0
0.0
0.0
0.0
0.0
0.0
0.0
0.0
0.0
0.0
0.0
0.0
0.0
0.0
0.0
0.0
0.0
0.0
0.0
0.0
0.0
0.0
0.0
0.0
0.0
0.0
0.0
0.0
0.0
0.0
0.0
0.0
0.0
0.0
0.0
0.0
0.0
0.0
0.0
0.0
0.0
0.0
0.0
0.0
0.0
0.0
0.0
0.0
0.0
0.0
0.0
0.0
0.0
0.0
0.0
0.0
0.0
0.0
0.0
0.0
0.0
0.0
0.0
0.0
0.0
0.0
0.0
0.0
0.0
0.0
0.0
0.0
0.0
0.0
0.0
0.0
0.0
0.0
0.0
0.0
0.0
0.0
0.0
0.0
0.0
0.0
0.0
0.0
0.0
0.0
0.0
0.0
0.0
0.0
0.0
0.0
0.0
0.0
0.0
0.0
0.0
0.0
0.0
0.0
0.0
0.0
0.0
0.0
0.0
0.0
0.0
0.0
0.0
0.0
0.0
0.0
0.0
0.0
0.0
0.0
0.0
0.0
0.0
0.0
0.0
0.0
0.0
0.0
0.0
0.0
0.0
0.0
0.0
0.0
0.0
0.0
0.0
0.0
0.0
0.0
0.0
0.0
0.0
0.0
0.0
0.0
0.0
0.0
0.0
0.0
0.0
0.0
0.0
0.0
0.0
0.0
0.0
0.0
0.0
0.0
0.0
0.0
0.0
0.0
0.0
0.0
0.0
0.0
0.0
0.0
0.0
0.0
0.0
0.0
0.0
0.0
0.0
0.0
0.0
0.0
0.0
0.0
0.0
0.0
0.0
0.0
0.0
0.0
0.0
0.0
0.0
0.0
0.0
0.0
0.0
0.0
0.0
0.0
0.0
0.0
0.0
0.0
0.0
0.0
0.0
0.0
0.0
0.0
0.0
0.0
0.0
0.0
0.0
0.0
0.0
0.0
0.0
0.0
0.0
0.0
0.0
0.0
0.0
0.0
0.0
0.0
0.0
0.0
0.0
0.0
0.0
0.0
0.0
0.0
0.0
0.0
0.0
0.0
0.0
0.0
0.0
0.0
0.0
0.0
0.0
0.0
0.0
0.0
0.0
0.0
0.0
0.0
0.0
0.0
0.0
0.0
0.0
0.0
0.0
0.0
0.0
0.0
0.0
0.0
0.0
0.0
0.0
0.0
0.0
0.0
0.0
0.0
0.0
0.0
0.0
0.0
0.0
0.0
0.0
0.0
0.0
0.0
0.0
0.0
0.0
0.0
0.0
0.0
0.0
0.0
0.0
0.0
0.0
0.0
0.0
0.0
0.0
0.0
0.0
0.0
0.0
0.0
0.0
0.0
0.0
0.0
0.0
0.0
0.0
0.0
0.0
0.0
0.0
0.0
0.0
0.0
0.0
0.0
0.0
0.0
0.0
0.0
0.0
0.0
0.0
0.0
0.0
0.0
0.0
0.0
0.0
0.0
0.0
0.0
0.0
0.0
0.0
0.0
0.0
0.0
0.0
0.0
0.0
0.0
0.0
0.0
0.0
0.0
0.0
0.0
0.0
0.0
0.0
0.0
0.0
0.0
0.0
0.0
0.0
0.0
0.0
0.0
0.0
0.0
0.0
0.0
0.0
0.0
0.0
0.0
0.0
0.0
0.0
0.0
0.0
0.0
0.0
0.0
0.0
0.0
0.0
0.0
0.0
0.0
0.0
0.0
0.0
0.0
0.0
0.0
0.0
0.0
0.0
0.0
0.0
0.0
0.0
0.0
0.0
0.0
0.0
0.0
0.0
0.0
0.0
0.0
0.0
0.0
0.0
0.0
0.0
0.0
0.0
0.0
0.0
0.0
0.0
0.0
0.0
0.0
0.0
0.0
0.0
0.0
0.0
0.0
0.0
0.0
0.0
0.0
0.0
0.0
0.0
0.0
0.0
0.0
0.0
0.0
0.0
0.0
0.0
0.0
0.0
0.0
0.0
0.0
0.0
0.0
0.0
0.0
0.0
0.0
0.0
0.0
0.0
0.0
0.0
0.0
0.0
0.0
0.0
0.0
0.0
0.0
0.0
0.0
0.0
0.0
0.0
0.0
0.0
0.0
0.0
0.0
0.0
0.0
0.0
0.0
0.0
0.0
0.0
0.0
0.0
0.0
0.0
0.0
0.0
0.0
0.0
0.0
0.0
0.0
0.0
0.0
152503.0
152504.0
152505.0
0.0
0.0
0.0
0.0
0.0
0.0
0.0
0.0
152588.0
0.0
0.0
0.0
0.0
0.0
0.0
0.0
0.0
152671.0
0.0
0.0
0.0
0.0
0.0
152752.0
0.0
152754.0
152755.0
0.0
0.0
0.0
0.0
0.0
0.0
0.0
0.0
0.0
0.0
0.0
0.0
0.0
0.0
0.0
0.0
0.0
0.0
0.0
0.0
0.0
0.0
0.0
0.0
0.0
0.0
0.0
0.0
0.0
0.0
0.0
0.0
0.0
0.0
0.0
0.0
0.0
0.0
0.0
0.0
0.0
0.0
0.0
0.0
0.0
0.0
0.0
0.0
0.0
0.0
0.0
0.0
0.0
0.0
0.0
0.0
0.0
0.0
0.0
0.0
0.0
0.0
0.0
0.0
0.0
0.0
0.0
0.0
0.0
0.0
0.0
0.0
0.0
0.0
0.0
0.0
0.0
0.0
0.0
0.0
0.0
0.0
0.0
0.0
0.0
0.0
0.0
0.0
0.0
0.0
0.0
0.0
0.0
0.0
0.0
0.0
0.0
0.0
0.0
0.0
0.0
0.0
0.0
0.0
0.0
0.0
0.0
0.0
0.0
0.0
0.0
0.0
0.0
0.0
0.0
0.0
0.0
0.0
0.0
0.0
0.0
0.0
0.0
0.0
0.0
0.0
0.0
0.0
0.0
0.0
0.0
0.0
0.0
0.0
0.0
0.0
0.0
0.0
0.0
0.0
0.0
0.0
0.0
0.0
0.0
0.0
0.0
0.0
0.0
0.0
0.0
0.0
0.0
0.0
0.0
0.0
0.0
0.0
0.0
0.0
0.0
0.0
0.0
0.0
0.0
0.0
0.0
0.0
0.0
0.0
0.0
0.0
0.0
0.0
0.0
0.0
0.0
0.0
0.0
0.0
0.0
0.0
0.0
0.0
0.0
0.0
0.0
0.0
0.0
0.0
0.0
0.0
0.0
0.0
0.0
0.0
0.0
0.0
0.0
0.0
0.0
0.0
0.0
0.0
0.0
0.0
0.0
0.0
0.0
0.0
0.0
0.0
0.0
0.0
0.0
0.0
0.0
0.0
0.0
0.0
0.0
0.0
0.0
0.0
0.0
0.0
0.0
0.0
0.0
0.0
0.0
0.0
0.0
0.0
0.0
0.0
0.0
0.0
0.0
0.0
0.0
0.0
0.0
0.0
0.0
0.0
0.0
0.0
161323.0
161324.0
161325.0
161326.0
0.0
0.0
0.0
0.0
0.0
0.0
0.0
0.0
161407.0
161408.0
161409.0
161410.0
0.0
0.0
0.0
0.0
0.0
0.0
0.0
0.0
0.0
0.0
0.0
161492.0
161493.0
0.0
0.0
0.0
0.0
0.0
0.0
0.0
0.0
0.0
161573.0
0.0
161575.0
161576.0
0.0
0.0
0.0
0.0
0.0
0.0
0.0
0.0
0.0
0.0
161656.0
0.0
161658.0
161659.0
161660.0
0.0
0.0
0.0
0.0
0.0
0.0
0.0
0.0
0.0
161740.0
161741.0
0.0
0.0
0.0
0.0
0.0
0.0
0.0
161824.0
0.0
0.0
0.0
0.0
0.0
0.0
0.0
0.0
0.0
0.0
0.0
0.0
0.0
0.0
0.0
0.0
0.0
0.0
0.0
0.0
0.0
0.0
0.0
0.0
0.0
0.0
0.0
0.0
0.0
0.0
0.0
0.0
0.0
0.0
0.0
0.0
0.0
0.0
0.0
0.0
0.0
0.0
0.0
0.0
0.0
0.0
0.0
0.0
0.0
0.0
0.0
0.0
0.0
0.0
0.0
0.0
0.0
0.0
0.0
0.0
0.0
0.0
0.0
0.0
0.0
0.0
0.0
0.0
0.0
0.0
0.0
0.0
0.0
0.0
0.0
0.0
0.0
0.0
0.0
0.0
0.0
0.0
0.0
0.0
0.0
0.0
0.0
0.0
0.0
0.0
0.0
0.0
0.0
0.0
0.0
0.0
0.0
0.0
0.0
0.0
0.0
0.0
0.0
0.0
0.0
0.0
0.0
0.0
0.0
0.0
0.0
0.0
0.0
0.0
0.0
0.0
0.0
0.0
0.0
0.0
0.0
0.0
0.0
0.0
0.0
0.0
0.0
0.0
0.0
0.0
0.0
0.0
0.0
0.0
0.0
0.0
0.0
0.0
0.0
0.0
0.0
0.0
0.0
0.0
0.0
0.0
0.0
0.0
0.0
0.0
0.0
0.0
0.0
0.0
0.0
0.0
0.0
0.0
0.0
0.0
0.0
0.0
0.0
0.0
0.0
0.0
0.0
0.0
0.0
0.0
0.0
0.0
0.0
0.0
0.0
0.0
0.0
0.0
0.0
0.0
0.0
0.0
0.0
0.0
0.0
0.0
0.0
0.0
0.0
0.0
0.0
0.0
0.0
0.0
0.0
0.0
0.0
0.0
0.0
0.0
0.0
0.0
0.0
0.0
0.0
0.0
0.0
0.0
0.0
0.0
0.0
0.0
0.0
0.0
0.0
0.0
0.0
0.0
0.0
0.0
0.0
0.0
0.0
0.0
0.0
0.0
0.0
0.0
0.0
0.0
0.0
0.0
0.0
0.0
0.0
170142.0
170143.0
170144.0
170145.0
170146.0
170147.0
0.0
0.0
0.0
0.0
0.0
0.0
170224.0
170225.0
170226.0
170227.0
170228.0
170229.0
170230.0
170231.0
0.0
0.0
0.0
0.0
0.0
0.0
0.0
0.0
0.0
170309.0
0.0
0.0
170313.0
170314.0
170315.0
0.0
0.0
0.0
0.0
0.0
0.0
0.0
0.0
0.0
0.0
0.0
0.0
0.0
0.0
170396.0
170397.0
170398.0
0.0
0.0
0.0
0.0
0.0
0.0
0.0
0.0
0.0
0.0
0.0
0.0
170476.0
170477.0
170478.0
170480.0
0.0
0.0
0.0
0.0
0.0
0.0
0.0
0.0
0.0
170560.0
0.0
170562.0
170563.0
170564.0
0.0
0.0
0.0
0.0
0.0
0.0
0.0
0.0
0.0
170644.0
170645.0
0.0
0.0
170648.0
0.0
0.0
0.0
0.0
0.0
0.0
170728.0
170729.0
0.0
0.0
0.0
0.0
0.0
0.0
0.0
0.0
0.0
0.0
0.0
0.0
0.0
0.0
0.0
0.0
0.0
0.0
0.0
0.0
0.0
0.0
0.0
0.0
0.0
0.0
0.0
0.0
0.0
0.0
0.0
0.0
0.0
0.0
0.0
0.0
0.0
0.0
0.0
0.0
0.0
0.0
0.0
0.0
0.0
0.0
0.0
0.0
0.0
0.0
0.0
0.0
0.0
0.0
0.0
0.0
0.0
0.0
0.0
0.0
0.0
0.0
0.0
0.0
0.0
0.0
0.0
0.0
0.0
0.0
0.0
0.0
0.0
0.0
0.0
0.0
0.0
0.0
0.0
0.0
0.0
0.0
0.0
0.0
0.0
0.0
0.0
0.0
0.0
0.0
0.0
0.0
0.0
0.0
0.0
0.0
0.0
0.0
0.0
0.0
0.0
0.0
0.0
0.0
0.0
0.0
0.0
0.0
0.0
0.0
0.0
0.0
0.0
0.0
0.0
0.0
0.0
0.0
0.0
0.0
0.0
0.0
0.0
0.0
0.0
0.0
0.0
0.0
0.0
0.0
0.0
0.0
0.0
0.0
0.0
0.0
0.0
0.0
0.0
0.0
0.0
0.0
0.0
0.0
0.0
0.0
0.0
0.0
0.0
0.0
0.0
0.0
0.0
0.0
0.0
0.0
0.0
0.0
0.0
0.0
0.0
0.0
0.0
0.0
0.0
0.0
0.0
0.0
0.0
0.0
0.0
0.0
0.0
0.0
0.0
0.0
0.0
0.0
0.0
0.0
0.0
0.0
0.0
0.0
0.0
0.0
0.0
0.0
0.0
0.0
0.0
0.0
0.0
0.0
0.0
0.0
0.0
0.0
0.0
0.0
0.0
0.0
0.0
0.0
0.0
0.0
0.0
0.0
0.0
0.0
0.0
0.0
0.0
0.0
0.0
0.0
0.0
0.0
0.0
0.0
0.0
0.0
0.0
0.0
0.0
0.0
0.0
0.0
0.0
0.0
0.0
0.0
0.0
0.0
0.0
0.0
0.0
0.0
0.0
0.0
0.0
0.0
0.0
178963.0
178964.0
178965.0
178966.0
0.0
0.0
179043.0
179044.0
179046.0
179047.0
179048.0
179049.0
179050.0
179051.0
0.0
0.0
0.0
179127.0
179128.0
179130.0
179131.0
179132.0
179133.0
179134.0
179137.0
0.0
0.0
0.0
0.0
0.0
0.0
0.0
179212.0
179213.0
0.0
179215.0
179218.0
179219.0
0.0
0.0
0.0
0.0
0.0
0.0
0.0
0.0
0.0
0.0
0.0
179296.0
179297.0
0.0
0.0
179301.0
179302.0
179303.0
0.0
0.0
0.0
0.0
0.0
0.0
0.0
0.0
0.0
0.0
0.0
179380.0
179381.0
0.0
0.0
179384.0
179385.0
179386.0
0.0
0.0
0.0
0.0
0.0
0.0
0.0
0.0
0.0
179464.0
179465.0
0.0
179468.0
179469.0
0.0
0.0
0.0
0.0
0.0
0.0
0.0
0.0
179548.0
179549.0
179551.0
179552.0
0.0
0.0
0.0
0.0
0.0
0.0
0.0
0.0
0.0
179632.0
179633.0
0.0
0.0
0.0
0.0
0.0
0.0
0.0
0.0
0.0
0.0
0.0
0.0
0.0
0.0
0.0
0.0
0.0
0.0
0.0
0.0
0.0
0.0
0.0
0.0
0.0
0.0
0.0
0.0
0.0
0.0
0.0
0.0
0.0
0.0
0.0
0.0
0.0
0.0
0.0
0.0
0.0
0.0
0.0
0.0
0.0
0.0
0.0
0.0
0.0
0.0
0.0
0.0
0.0
0.0
0.0
0.0
0.0
0.0
0.0
0.0
0.0
0.0
0.0
0.0
0.0
0.0
0.0
0.0
0.0
0.0
0.0
0.0
0.0
0.0
0.0
0.0
0.0
0.0
0.0
0.0
0.0
0.0
0.0
0.0
0.0
0.0
0.0
0.0
0.0
0.0
0.0
0.0
0.0
0.0
0.0
0.0
0.0
0.0
0.0
0.0
0.0
0.0
0.0
0.0
0.0
0.0
0.0
0.0
0.0
0.0
0.0
0.0
0.0
0.0
0.0
0.0
0.0
0.0
0.0
0.0
0.0
0.0
0.0
0.0
0.0
0.0
0.0
0.0
0.0
0.0
0.0
0.0
0.0
0.0
0.0
0.0
0.0
0.0
0.0
0.0
0.0
0.0
0.0
0.0
0.0
0.0
0.0
0.0
0.0
0.0
0.0
0.0
0.0
0.0
0.0
0.0
0.0
0.0
0.0
0.0
0.0
0.0
0.0
0.0
0.0
0.0
0.0
0.0
0.0
0.0
0.0
0.0
0.0
0.0
0.0
0.0
0.0
0.0
0.0
0.0
0.0
0.0
0.0
0.0
0.0
0.0
0.0
0.0
0.0
0.0
0.0
0.0
0.0
0.0
0.0
0.0
0.0
0.0
0.0
0.0
0.0
0.0
0.0
0.0
0.0
0.0
0.0
0.0
0.0
0.0
0.0
0.0
0.0
0.0
0.0
0.0
0.0
0.0
0.0
0.0
0.0
0.0
0.0
0.0
0.0
0.0
0.0
0.0
0.0
0.0
0.0
0.0
0.0
0.0
0.0
0.0
0.0
0.0
0.0
0.0
0.0
0.0
0.0
0.0
0.0
0.0
0.0
0.0
187863.0
187867.0
187868.0
187869.0
187870.0
187871.0
0.0
0.0
0.0
187947.0
187948.0
187951.0
187952.0
187953.0
187954.0
187955.0
187956.0
187957.0
187958.0
0.0
0.0
0.0
188031.0
188032.0
188033.0
188035.0
188036.0
188040.0
188041.0
188042.0
0.0
0.0
0.0
0.0
0.0
188115.0
188116.0
188117.0
0.0
188120.0
188123.0
188124.0
188125.0
188126.0
0.0
0.0
0.0
0.0
188200.0
0.0
188206.0
188207.0
188208.0
0.0
0.0
0.0
0.0
0.0
0.0
188284.0
188286.0
188288.0
188289.0
188290.0
188291.0
0.0
0.0
0.0
0.0
0.0
0.0
0.0
0.0
0.0
188368.0
188369.0
188370.0
188372.0
188373.0
188374.0
188375.0
0.0
0.0
0.0
0.0
0.0
0.0
0.0
0.0
188452.0
188453.0
188454.0
188455.0
188456.0
188457.0
188458.0
188459.0
0.0
0.0
0.0
0.0
0.0
0.0
0.0
0.0
0.0
0.0
188539.0
188540.0
188541.0
0.0
0.0
0.0
0.0
0.0
0.0
0.0
0.0
0.0
0.0
0.0
0.0
0.0
0.0
0.0
0.0
0.0
0.0
0.0
0.0
0.0
0.0
0.0
0.0
0.0
0.0
0.0
0.0
0.0
0.0
0.0
0.0
0.0
0.0
0.0
0.0
0.0
0.0
0.0
0.0
0.0
0.0
0.0
0.0
0.0
0.0
0.0
0.0
0.0
0.0
0.0
0.0
0.0
0.0
0.0
0.0
0.0
0.0
0.0
0.0
0.0
0.0
0.0
0.0
0.0
0.0
0.0
0.0
0.0
0.0
0.0
0.0
0.0
0.0
0.0
0.0
0.0
0.0
0.0
0.0
0.0
0.0
0.0
0.0
0.0
0.0
0.0
0.0
0.0
0.0
0.0
0.0
0.0
0.0
0.0
0.0
0.0
0.0
0.0
0.0
0.0
0.0
0.0
0.0
0.0
0.0
0.0
0.0
0.0
0.0
0.0
0.0
0.0
0.0
0.0
0.0
0.0
0.0
0.0
0.0
0.0
0.0
0.0
0.0
0.0
0.0
0.0
0.0
0.0
0.0
0.0
0.0
0.0
0.0
0.0
0.0
0.0
0.0
0.0
0.0
0.0
0.0
0.0
0.0
0.0
0.0
0.0
0.0
0.0
0.0
0.0
0.0
0.0
0.0
0.0
0.0
0.0
0.0
0.0
0.0
0.0
0.0
0.0
0.0
0.0
0.0
0.0
0.0
0.0
0.0
0.0
0.0
0.0
0.0
0.0
0.0
0.0
0.0
0.0
0.0
0.0
0.0
0.0
0.0
0.0
0.0
0.0
0.0
0.0
0.0
0.0
0.0
0.0
0.0
0.0
0.0
0.0
0.0
0.0
0.0
0.0
0.0
0.0
0.0
0.0
0.0
0.0
0.0
0.0
0.0
0.0
0.0
0.0
0.0
0.0
0.0
0.0
0.0
0.0
0.0
0.0
0.0
0.0
0.0
0.0
0.0
0.0
0.0
0.0
0.0
0.0
0.0
0.0
0.0
0.0
0.0
0.0
0.0
0.0
0.0
0.0
0.0
0.0
0.0
0.0
0.0
196681.0
196682.0
0.0
196765.0
196766.0
196767.0
196768.0
196769.0
196770.0
196771.0
196772.0
196773.0
196774.0
196775.0
196776.0
196777.0
196778.0
0.0
0.0
0.0
196851.0
196852.0
196853.0
196854.0
196855.0
196856.0
196857.0
196858.0
196859.0
196860.0
196861.0
196862.0
0.0
0.0
0.0
196935.0
196936.0
196937.0
196938.0
196939.0
196940.0
196941.0
196942.0
196945.0
196946.0
0.0
0.0
0.0
197019.0
197020.0
197021.0
197023.0
197024.0
197025.0
197028.0
197029.0
197030.0
0.0
0.0
0.0
0.0
0.0
197103.0
197104.0
197108.0
197109.0
197111.0
197112.0
197113.0
197114.0
0.0
0.0
197188.0
197189.0
197190.0
197195.0
197196.0
197197.0
0.0
0.0
0.0
0.0
0.0
0.0
197272.0
197273.0
197274.0
197277.0
197278.0
197279.0
197280.0
197281.0
0.0
0.0
0.0
0.0
0.0
0.0
0.0
0.0
0.0
197356.0
197357.0
197360.0
197361.0
197362.0
197363.0
197364.0
0.0
0.0
0.0
0.0
0.0
0.0
0.0
0.0
0.0
197443.0
197444.0
197445.0
197446.0
197447.0
0.0
0.0
0.0
0.0
0.0
0.0
0.0
0.0
0.0
197527.0
197528.0
197529.0
197530.0
0.0
0.0
0.0
0.0
0.0
0.0
0.0
0.0
0.0
197611.0
0.0
0.0
0.0
0.0
0.0
0.0
0.0
0.0
0.0
0.0
0.0
0.0
0.0
0.0
0.0
0.0
0.0
0.0
0.0
0.0
0.0
0.0
0.0
0.0
0.0
0.0
0.0
0.0
0.0
0.0
0.0
0.0
0.0
0.0
0.0
0.0
0.0
0.0
0.0
0.0
0.0
0.0
0.0
0.0
0.0
0.0
0.0
0.0
0.0
0.0
0.0
0.0
0.0
0.0
0.0
0.0
0.0
0.0
0.0
0.0
0.0
0.0
0.0
0.0
0.0
0.0
0.0
0.0
0.0
0.0
0.0
0.0
0.0
0.0
0.0
0.0
0.0
0.0
0.0
0.0
0.0
0.0
0.0
0.0
0.0
0.0
0.0
0.0
0.0
0.0
0.0
0.0
0.0
0.0
0.0
0.0
0.0
0.0
0.0
0.0
0.0
0.0
0.0
0.0
0.0
0.0
0.0
0.0
0.0
0.0
0.0
0.0
0.0
0.0
0.0
0.0
0.0
0.0
0.0
0.0
0.0
0.0
0.0
0.0
0.0
0.0
0.0
0.0
0.0
0.0
0.0
0.0
0.0
0.0
0.0
0.0
0.0
0.0
0.0
0.0
0.0
0.0
0.0
0.0
0.0
0.0
0.0
0.0
0.0
0.0
0.0
0.0
0.0
0.0
0.0
0.0
0.0
0.0
0.0
0.0
0.0
0.0
0.0
0.0
0.0
0.0
0.0
0.0
0.0
0.0
0.0
0.0
0.0
0.0
0.0
0.0
0.0
0.0
0.0
0.0
0.0
0.0
205669.0
205672.0
205673.0
205674.0
205675.0
205676.0
205677.0
205678.0
205679.0
205680.0
205681.0
205682.0
0.0
0.0
0.0
0.0
205755.0
205756.0
205757.0
205758.0
205759.0
205760.0
205761.0
205762.0
205763.0
205764.0
205765.0
205766.0
205767.0
0.0
0.0
0.0
205838.0
205839.0
205840.0
205841.0
205842.0
205843.0
205844.0
205845.0
205846.0
205847.0
205850.0
205851.0
0.0
0.0
205922.0
205923.0
205924.0
205925.0
205927.0
205928.0
205929.0
205930.0
205933.0
205934.0
0.0
0.0
0.0
0.0
0.0
206007.0
206008.0
206009.0
206011.0
206012.0
206013.0
206016.0
206017.0
0.0
0.0
0.0
206091.0
206092.0
206093.0
206100.0
206101.0
0.0
0.0
0.0
0.0
206176.0
206177.0
206184.0
0.0
0.0
0.0
0.0
0.0
0.0
0.0
0.0
0.0
0.0
0.0
0.0
0.0
0.0
0.0
0.0
0.0
0.0
0.0
0.0
0.0
0.0
0.0
0.0
0.0
206515.0
0.0
0.0
206518.0
0.0
0.0
0.0
0.0
0.0
0.0
0.0
0.0
0.0
0.0
0.0
0.0
0.0
0.0
0.0
0.0
0.0
0.0
0.0
0.0
0.0
0.0
0.0
0.0
0.0
0.0
0.0
0.0
0.0
0.0
0.0
0.0
0.0
0.0
0.0
0.0
0.0
0.0
0.0
0.0
0.0
0.0
0.0
0.0
0.0
0.0
0.0
0.0
0.0
0.0
0.0
0.0
0.0
0.0
0.0
0.0
0.0
0.0
0.0
0.0
0.0
0.0
0.0
0.0
0.0
0.0
0.0
0.0
0.0
0.0
0.0
207933.0
207934.0
0.0
0.0
0.0
0.0
208017.0
208018.0
0.0
0.0
0.0
0.0
208102.0
0.0
0.0
0.0
208186.0
0.0
0.0
0.0
0.0
0.0
0.0
0.0
0.0
0.0
0.0
0.0
0.0
0.0
0.0
0.0
0.0
0.0
0.0
0.0
0.0
0.0
0.0
0.0
0.0
0.0
0.0
0.0
0.0
0.0
0.0
0.0
0.0
0.0
0.0
0.0
0.0
0.0
0.0
0.0
0.0
0.0
0.0
0.0
0.0
0.0
0.0
0.0
0.0
0.0
0.0
0.0
0.0
0.0
0.0
0.0
0.0
0.0
0.0
0.0
0.0
0.0
0.0
0.0
0.0
0.0
0.0
0.0
0.0
0.0
0.0
0.0
0.0
0.0
0.0
0.0
0.0
0.0
0.0
0.0
0.0
0.0
0.0
0.0
0.0
0.0
0.0
214411.0
214412.0
214495.0
214496.0
214497.0
214498.0
0.0
214575.0
214576.0
214577.0
214578.0
214579.0
214580.0
214581.0
214582.0
214583.0
214584.0
214585.0
214586.0
214587.0
0.0
0.0
0.0
0.0
214659.0
214660.0
214661.0
214662.0
214663.0
214664.0
214665.0
214666.0
214667.0
214668.0
214670.0
214671.0
0.0
0.0
0.0
0.0
0.0
0.0
214742.0
214743.0
214744.0
214747.0
214748.0
214749.0
214750.0
214751.0
214752.0
214754.0
214755.0
0.0
0.0
0.0
0.0
214826.0
214827.0
214828.0
214829.0
214831.0
214832.0
214833.0
214834.0
214835.0
214838.0
0.0
0.0
214910.0
214911.0
214912.0
214913.0
214915.0
214916.0
214917.0
214918.0
0.0
0.0
0.0
0.0
0.0
214995.0
214996.0
214999.0
215000.0
0.0
0.0
0.0
0.0
0.0
0.0
0.0
0.0
0.0
0.0
0.0
0.0
0.0
0.0
0.0
0.0
0.0
0.0
0.0
0.0
0.0
0.0
0.0
0.0
0.0
0.0
0.0
0.0
0.0
0.0
0.0
0.0
0.0
0.0
0.0
0.0
0.0
0.0
0.0
0.0
0.0
0.0
0.0
0.0
0.0
0.0
0.0
0.0
0.0
0.0
0.0
0.0
0.0
0.0
0.0
0.0
0.0
0.0
0.0
0.0
0.0
0.0
0.0
0.0
0.0
216753.0
216754.0
216755.0
0.0
0.0
0.0
0.0
216835.0
216836.0
216837.0
216838.0
216839.0
0.0
0.0
0.0
0.0
216921.0
216922.0
216923.0
0.0
0.0
0.0
0.0
217006.0
0.0
0.0
217090.0
217091.0
0.0
217175.0
0.0
0.0
0.0
0.0
0.0
0.0
0.0
0.0
0.0
0.0
0.0
0.0
0.0
0.0
0.0
0.0
0.0
0.0
0.0
0.0
0.0
0.0
0.0
0.0
0.0
0.0
0.0
0.0
0.0
0.0
0.0
0.0
0.0
0.0
0.0
0.0
0.0
0.0
0.0
0.0
0.0
0.0
0.0
0.0
0.0
0.0
0.0
0.0
0.0
0.0
0.0
0.0
0.0
0.0
0.0
0.0
0.0
0.0
0.0
0.0
0.0
0.0
0.0
0.0
0.0
0.0
0.0
223148.0
223227.0
223228.0
223230.0
223231.0
223232.0
223233.0
223234.0
223312.0
223313.0
223314.0
223315.0
223316.0
223317.0
223318.0
0.0
0.0
0.0
223397.0
223398.0
223399.0
223400.0
223401.0
223402.0
223403.0
223405.0
223406.0
0.0
0.0
223479.0
223480.0
223481.0
223482.0
223483.0
223484.0
223485.0
223486.0
223487.0
223488.0
223489.0
223490.0
223491.0
0.0
0.0
0.0
223563.0
223564.0
223565.0
223566.0
223567.0
223569.0
223570.0
223571.0
223572.0
223573.0
223574.0
223575.0
0.0
0.0
0.0
0.0
0.0
0.0
0.0
0.0
223646.0
223647.0
223648.0
223649.0
223652.0
223653.0
223654.0
223655.0
223656.0
0.0
0.0
0.0
0.0
0.0
0.0
223730.0
223731.0
223732.0
223735.0
223736.0
223737.0
223738.0
223739.0
0.0
0.0
0.0
223814.0
223815.0
223816.0
223819.0
223820.0
223821.0
223822.0
0.0
0.0
0.0
223899.0
223900.0
223903.0
223904.0
0.0
0.0
0.0
0.0
0.0
0.0
0.0
0.0
0.0
0.0
0.0
0.0
0.0
0.0
0.0
0.0
0.0
0.0
0.0
0.0
0.0
0.0
0.0
0.0
0.0
0.0
0.0
0.0
0.0
0.0
0.0
0.0
0.0
0.0
0.0
0.0
0.0
0.0
0.0
0.0
0.0
0.0
0.0
0.0
0.0
0.0
0.0
0.0
0.0
0.0
0.0
0.0
0.0
0.0
0.0
0.0
225406.0
0.0
0.0
225490.0
225491.0
0.0
0.0
225574.0
225575.0
225576.0
0.0
0.0
225655.0
225656.0
225657.0
225658.0
225659.0
225660.0
0.0
0.0
225739.0
225740.0
225741.0
225742.0
225743.0
225744.0
0.0
0.0
225825.0
225826.0
225827.0
0.0
0.0
225910.0
0.0
0.0
225994.0
0.0
226078.0
226079.0
0.0
0.0
0.0
0.0
0.0
0.0
0.0
0.0
0.0
0.0
0.0
0.0
0.0
0.0
0.0
0.0
0.0
0.0
0.0
0.0
0.0
0.0
0.0
0.0
0.0
0.0
0.0
0.0
0.0
0.0
0.0
0.0
0.0
0.0
0.0
0.0
0.0
0.0
0.0
0.0
232050.0
232051.0
232132.0
232134.0
232135.0
232137.0
232138.0
0.0
232215.0
232216.0
232217.0
232221.0
232222.0
232223.0
0.0
0.0
0.0
0.0
232300.0
232301.0
232302.0
232303.0
232304.0
232306.0
232307.0
0.0
0.0
0.0
0.0
0.0
0.0
232383.0
232385.0
232386.0
232388.0
232390.0
232391.0
232392.0
232393.0
232394.0
232395.0
0.0
0.0
0.0
0.0
0.0
0.0
232467.0
232469.0
232470.0
232476.0
232477.0
232478.0
0.0
0.0
0.0
0.0
0.0
232550.0
232551.0
232552.0
232553.0
232554.0
232556.0
232557.0
232558.0
232559.0
232560.0
232561.0
0.0
0.0
0.0
0.0
0.0
0.0
0.0
232634.0
232635.0
232636.0
232639.0
232640.0
232641.0
232642.0
232643.0
232644.0
0.0
0.0
0.0
0.0
0.0
232719.0
232720.0
232722.0
232723.0
232724.0
232725.0
232726.0
232727.0
0.0
0.0
0.0
232806.0
232807.0
232808.0
232810.0
0.0
0.0
0.0
0.0
0.0
0.0
232893.0
0.0
0.0
0.0
0.0
0.0
0.0
0.0
0.0
0.0
0.0
0.0
0.0
0.0
0.0
0.0
0.0
0.0
0.0
0.0
0.0
0.0
0.0
0.0
234058.0
234141.0
234142.0
0.0
0.0
234225.0
234226.0
234227.0
0.0
0.0
234309.0
234310.0
234311.0
0.0
234393.0
234394.0
234395.0
234396.0
0.0
0.0
234477.0
234478.0
234479.0
234480.0
0.0
0.0
234559.0
234560.0
234561.0
234562.0
234563.0
234564.0
0.0
0.0
234644.0
234645.0
234646.0
234647.0
234648.0
0.0
0.0
234729.0
234730.0
234731.0
0.0
234813.0
234814.0
234897.0
234898.0
234980.0
234981.0
234982.0
234983.0
235064.0
235065.0
235066.0
0.0
0.0
0.0
0.0
0.0
0.0
0.0
0.0
0.0
0.0
0.0
241119.0
241120.0
241125.0
241126.0
0.0
0.0
0.0
241203.0
241204.0
241205.0
241210.0
241211.0
0.0
0.0
0.0
241287.0
241288.0
241289.0
241290.0
0.0
0.0
0.0
0.0
0.0
0.0
0.0
0.0
241371.0
241372.0
241373.0
241374.0
241380.0
241381.0
241382.0
0.0
0.0
0.0
0.0
0.0
0.0
0.0
241455.0
241456.0
241457.0
241462.0
241463.0
241464.0
241465.0
0.0
0.0
0.0
0.0
0.0
0.0
0.0
0.0
241539.0
241540.0
241543.0
241544.0
241545.0
241546.0
241547.0
241548.0
241549.0
0.0
0.0
0.0
0.0
0.0
0.0
0.0
241626.0
241627.0
241628.0
241629.0
241630.0
241631.0
241632.0
0.0
0.0
0.0
241710.0
241711.0
241712.0
241713.0
241714.0
241715.0
0.0
0.0
0.0
241795.0
241796.0
241797.0
241798.0
0.0
0.0
0.0
0.0
0.0
0.0
242793.0
242794.0
242877.0
242878.0
242879.0
242961.0
242962.0
243045.0
243046.0
243047.0
0.0
0.0
0.0
243129.0
243130.0
243131.0
0.0
0.0
243211.0
243213.0
243214.0
243215.0
243216.0
0.0
0.0
0.0
243296.0
243297.0
243298.0
243299.0
243300.0
0.0
0.0
243381.0
243382.0
243383.0
243384.0
243463.0
243464.0
243465.0
243466.0
243467.0
243468.0
243548.0
243549.0
243550.0
243551.0
243552.0
243632.0
243633.0
243634.0
243635.0
243716.0
243717.0
243718.0
243799.0
243800.0
243801.0
243883.0
243884.0
243885.0
243967.0
0.0
0.0
0.0
0.0
0.0
250283.0
0.0
0.0
0.0
0.0
0.0
0.0
250365.0
250366.0
0.0
0.0
0.0
0.0
0.0
0.0
250447.0
250448.0
250449.0
250450.0
0.0
0.0
0.0
0.0
0.0
0.0
250530.0
250531.0
250532.0
0.0
250614.0
250615.0
250616.0
250618.0
250698.0
250699.0
250700.0
0.0
250782.0
251529.0
251530.0
251612.0
251613.0
251614.0
251615.0
251696.0
251697.0
251698.0
251699.0
0.0
251780.0
251781.0
251782.0
251783.0
251863.0
251864.0
251865.0
251866.0
251867.0
251948.0
251949.0
251950.0
251951.0
0.0
252030.0
252031.0
252032.0
252033.0
252034.0
252035.0
252113.0
252114.0
252115.0
252116.0
252117.0
252118.0
252119.0
0.0
0.0
252199.0
252200.0
252201.0
252202.0
252203.0
252204.0
0.0
0.0
252283.0
252284.0
252285.0
252286.0
252287.0
252288.0
0.0
252367.0
252368.0
252369.0
252370.0
252371.0
252372.0
252452.0
252454.0
252455.0
252536.0
252537.0
252538.0
252539.0
252619.0
252620.0
252621.0
252622.0
252702.0
252703.0
252704.0
252786.0
252787.0
252788.0
252870.0
259270.0
0.0
259352.0
259353.0
259354.0
0.0
0.0
259435.0
259436.0
259437.0
259519.0
259520.0
259602.0
259603.0
259686.0
259770.0
260107.0
260190.0
260191.0
260192.0
260193.0
260264.0
260265.0
260266.0
260274.0
260275.0
260276.0
260277.0
260278.0
260348.0
260349.0
260350.0
260358.0
260359.0
260432.0
260433.0
260434.0
260516.0
260517.0
260518.0
260599.0
260600.0
260601.0
260602.0
0.0
260683.0
260684.0
260686.0
260766.0
260767.0
260768.0
260770.0
260850.0
260851.0
260852.0
260853.0
260854.0
0.0
260934.0
260935.0
260936.0
260937.0
260938.0
260939.0
261017.0
261018.0
261019.0
261020.0
261022.0
261023.0
261102.0
261103.0
261104.0
261105.0
261106.0
261107.0
0.0
261187.0
261188.0
261189.0
261190.0
261191.0
261271.0
261272.0
261273.0
261274.0
261275.0
261357.0
261358.0
261359.0
261439.0
261440.0
261441.0
261442.0
261443.0
261522.0
261523.0
261524.0
261525.0
261606.0
261607.0
261689.0
261690.0
261774.0
268255.0
268256.0
268257.0
268338.0
268339.0
268340.0
268341.0
268422.0
268423.0
268424.0
268506.0
268507.0
268590.0
268674.0
268927.0
268928.0
269010.0
269011.0
269012.0
269013.0
269014.0
269086.0
269093.0
269094.0
269095.0
269096.0
269097.0
269098.0
269099.0
269169.0
269170.0
269177.0
269178.0
269179.0
269180.0
269181.0
269182.0
269183.0
269253.0
269254.0
269261.0
269262.0
269263.0
269265.0
269266.0
269267.0
269336.0
269337.0
269338.0
269346.0
269347.0
269422.0
269671.0
269672.0
269754.0
269755.0
269756.0
269757.0
269758.0
269838.0
269839.0
269840.0
269841.0
269842.0
269923.0
269924.0
269925.0
269926.0
270006.0
270007.0
270008.0
270009.0
270010.0
270091.0
270092.0
270093.0
270094.0
270095.0
270176.0
270177.0
270178.0
270179.0
270260.0
270261.0
270262.0
270343.0
270344.0
270345.0
270346.0
270426.0
270427.0
270428.0
270429.0
270509.0
270510.0
270511.0
270593.0
270594.0
277160.0
277242.0
277243.0
277244.0
277326.0
277327.0
277410.0
277494.0
277748.0
277749.0
277831.0
277832.0
277833.0
277834.0
277914.0
277915.0
277916.0
277917.0
277918.0
277919.0
277997.0
277998.0
277999.0
278000.0
278001.0
278002.0
278003.0
278072.0
278073.0
278081.0
278082.0
278083.0
278084.0
278085.0
278086.0
278087.0
278088.0
278157.0
278165.0
278166.0
278167.0
278168.0
278170.0
278171.0
278172.0
278241.0
278250.0
278251.0
278252.0
278254.0
278255.0
278256.0
278334.0
278335.0
278336.0
278576.0
278577.0
278660.0
278661.0
278743.0
278744.0
278745.0
278827.0
278828.0
278829.0
278912.0
278913.0
278914.0
278995.0
278996.0
278997.0
278998.0
278999.0
279000.0
279080.0
279081.0
279082.0
279083.0
279164.0
279165.0
279166.0
279248.0
279249.0
279250.0
279330.0
279413.0
279414.0
279415.0
279497.0
279498.0
279581.0
279582.0
286230.0
286314.0
286315.0
286399.0
286568.0
286569.0
286651.0
286652.0
286653.0
286736.0
286737.0
286738.0
286817.0
286818.0
286821.0
286822.0
286823.0
286900.0
286901.0
286902.0
286904.0
286905.0
286906.0
286907.0
286985.0
286986.0
286987.0
286988.0
286989.0
286990.0
286991.0
287069.0
287070.0
287071.0
287072.0
287074.0
287075.0
287153.0
287154.0
287155.0
287156.0
287158.0
287159.0
287160.0
287236.0
287237.0
287238.0
287239.0
287240.0
287241.0
287244.0
287320.0
287321.0
287322.0
287323.0
287324.0
287732.0
287733.0
287815.0
287816.0
287817.0
287818.0
287819.0
287820.0
287899.0
287900.0
287901.0
287902.0
287903.0
287984.0
287986.0
287987.0
288069.0
288070.0
288151.0
288152.0
288153.0
288235.0
288236.0
288318.0
288319.0
288320.0
288401.0
288402.0
288403.0
295389.0
295471.0
295472.0
295555.0
295556.0
295721.0
295804.0
295805.0
295806.0
295807.0
295809.0
295888.0
295889.0
295890.0
295891.0
295892.0
295893.0
295894.0
295971.0
295972.0
295973.0
295974.0
295975.0
295976.0
295977.0
295978.0
295979.0
296054.0
296055.0
296056.0
296057.0
296058.0
296059.0
296060.0
296062.0
296063.0
296138.0
296139.0
296140.0
296141.0
296142.0
296143.0
296144.0
296145.0
296222.0
296223.0
296224.0
296225.0
296226.0
296227.0
296228.0
296306.0
296307.0
296308.0
296639.0
296720.0
296721.0
296722.0
296723.0
296806.0
296807.0
296889.0
296890.0
296972.0
296973.0
296974.0
297056.0
297057.0
297139.0
297140.0
297223.0
297307.0
304292.0
304375.0
304376.0
304625.0
304626.0
304627.0
304628.0
304708.0
304709.0
304710.0
304711.0
304712.0
304713.0
304792.0
304793.0
304795.0
304796.0
304797.0
304798.0
304877.0
304878.0
304879.0
304881.0
304882.0
304883.0
304958.0
304959.0
304961.0
304962.0
304963.0
304966.0
304967.0
305042.0
305043.0
305044.0
305045.0
305046.0
305047.0
305048.0
305049.0
305125.0
305126.0
305127.0
305128.0
305129.0
305130.0
305131.0
305132.0
305207.0
305208.0
305209.0
305210.0
305211.0
305212.0
305292.0
305293.0
305294.0
305295.0
305543.0
305627.0
305628.0
305710.0
305711.0
305712.0
305793.0
305794.0
305795.0
305878.0
305879.0
313280.0
313531.0
313532.0
313611.0
313612.0
313613.0
313615.0
313616.0
313617.0
313618.0
313695.0
313696.0
313697.0
313698.0
313699.0
313700.0
313701.0
313702.0
313782.0
313783.0
313786.0
313787.0
313863.0
313865.0
313866.0
313945.0
313946.0
313947.0
313949.0
313950.0
313951.0
313952.0
313953.0
314028.0
314029.0
314030.0
314031.0
314032.0
314034.0
314035.0
314036.0
314112.0
314113.0
314114.0
314115.0
314196.0
314197.0
314198.0
314199.0
314281.0
314531.0
314532.0
314615.0
314616.0
314617.0
314699.0
314700.0
314782.0
314783.0
314866.0
322515.0
322519.0
322520.0
322521.0
322603.0
322604.0
322766.0
322767.0
322768.0
322769.0
322850.0
322851.0
322852.0
322935.0
323016.0
323017.0
323100.0
323101.0
323185.0
323520.0
323521.0
323603.0
323604.0
323605.0
323685.0
323686.0
323687.0
323689.0
331670.0
331754.0
331838.0
332004.0
332089.0
332508.0
332509.0
332591.0
332592.0
332593.0
367210.0
367291.0
367373.0
375614.0
375697.0
375698.0
375782.0
375861.0
375862.0
375863.0
375944.0
375945.0
375946.0
376026.0
376027.0
376028.0
376029.0
376030.0
376031.0
376109.0
376110.0
376111.0
376112.0
376113.0
376114.0
376115.0
376192.0
376193.0
376194.0
376195.0
376196.0
376197.0
376198.0
376276.0
376277.0
376278.0
376279.0
376280.0
376359.0
384517.0
384518.0
384601.0
384602.0
384684.0
384685.0
384764.0
384765.0
384848.0
384849.0
384850.0
384851.0
384931.0
384932.0
385014.0
385015.0
385017.0
385018.0
385019.0
385096.0
385097.0
385098.0
385099.0
385100.0
385101.0
385102.0
385179.0
385181.0
385182.0
385183.0
385184.0
385185.0
385263.0
385264.0
385347.0
385348.0
393505.0
393588.0
393671.0
393672.0
393751.0
393752.0
393753.0
393754.0
393835.0
393836.0
393837.0
393918.0
393919.0
393920.0
394000.0
394001.0
394002.0
394003.0
394005.0
394006.0
394085.0
394086.0
394419.0
394420.0
394503.0
394504.0
394672.0
402327.0
402492.0
402575.0
402576.0
402656.0
402657.0
402658.0
402659.0
402739.0
402740.0
402741.0
402742.0
402743.0
402823.0
402824.0
402906.0
402907.0
402908.0
402989.0
402990.0
402991.0
403073.0
403074.0
403075.0
403156.0
403157.0
403158.0
403159.0
403239.0
403240.0
403241.0
403322.0
403323.0
403324.0
403406.0
403407.0
403408.0
403490.0
403491.0
403575.0
403576.0
411230.0
411231.0
411314.0
411315.0
411397.0
411398.0
411480.0
411562.0
411563.0
411564.0
411644.0
411645.0
411646.0
411647.0
411727.0
411728.0
411729.0
411811.0
411812.0
411894.0
411895.0
411896.0
411977.0
411978.0
411979.0
411980.0
412059.0
412060.0
412061.0
412062.0
412063.0
412143.0
412144.0
412145.0
412146.0
412226.0
412227.0
412228.0
412310.0
412311.0
412394.0
412395.0
412479.0
420135.0
420217.0
420218.0
420219.0
420220.0
420300.0
420301.0
420302.0
420304.0
420383.0
420384.0
420385.0
420388.0
420389.0
420467.0
420468.0
420549.0
420550.0
420551.0
420552.0
420632.0
420633.0
420634.0
420635.0
420636.0
420715.0
420716.0
420717.0
420718.0
420719.0
420798.0
420799.0
420880.0
420881.0
420882.0
420883.0
420884.0
420963.0
420964.0
420965.0
420966.0
420967.0
420968.0
421047.0
421048.0
421049.0
421051.0
421052.0
421130.0
421131.0
421132.0
421298.0
421383.0
421964.0
422048.0
422133.0
422217.0
429039.0
429040.0
429121.0
429122.0
429123.0
429124.0
429125.0
429204.0
429205.0
429206.0
429207.0
429208.0
429287.0
429288.0
429289.0
429291.0
429292.0
429293.0
429370.0
429371.0
429372.0
429376.0
429377.0
429453.0
429454.0
429455.0
429456.0
429537.0
429538.0
429539.0
429540.0
429621.0
429622.0
429623.0
429624.0
429704.0
429705.0
429706.0
429707.0
429784.0
429785.0
429786.0
429787.0
429788.0
429789.0
429790.0
429867.0
429868.0
429869.0
429870.0
429871.0
429872.0
429873.0
429951.0
429952.0
429953.0
429954.0
429955.0
429956.0
429957.0
430035.0
430036.0
430119.0
430120.0
430202.0
430203.0
430204.0
430867.0
430868.0
430951.0
430952.0
431036.0
431037.0
437943.0
438025.0
438026.0
438027.0
438028.0
438109.0
438110.0
438111.0
438112.0
438191.0
438192.0
438193.0
438194.0
438195.0
438196.0
438197.0
438274.0
438275.0
438278.0
438279.0
438280.0
438281.0
438357.0
438358.0
438363.0
438364.0
438440.0
438441.0
438442.0
438443.0
438524.0
438525.0
438526.0
438527.0
438528.0
438608.0
438609.0
438610.0
438611.0
438689.0
438692.0
438693.0
438694.0
438772.0
438773.0
438774.0
438775.0
438776.0
438777.0
438778.0
438855.0
438856.0
438857.0
438858.0
438859.0
438860.0
438861.0
438939.0
438940.0
438941.0
438943.0
438944.0
439023.0
439024.0
439025.0
439107.0
439108.0
439520.0
439604.0
439605.0
439688.0
439771.0
439772.0
439854.0
439855.0
439856.0
439937.0
439938.0
439939.0
447012.0
447013.0
447014.0
447095.0
447096.0
447097.0
447098.0
447099.0
447100.0
447178.0
447179.0
447180.0
447181.0
447182.0
447183.0
447184.0
447185.0
447261.0
447262.0
447263.0
447264.0
447265.0
447266.0
447267.0
447268.0
447344.0
447345.0
447346.0
447347.0
447348.0
447349.0
447350.0
447428.0
447429.0
447512.0
447513.0
447514.0
447596.0
447597.0
447598.0
447677.0
447678.0
447679.0
447680.0
447681.0
447682.0
447760.0
447761.0
447762.0
447763.0
447764.0
447765.0
447844.0
447845.0
447846.0
447847.0
447848.0
447928.0
447929.0
448013.0
448340.0
448341.0
448424.0
448508.0
448592.0
448593.0
448675.0
448676.0
448677.0
448758.0
448759.0
448760.0
448841.0
448842.0
448843.0
448924.0
449008.0
449009.0
449093.0
456001.0
456002.0
456003.0
456004.0
456084.0
456085.0
456086.0
456087.0
456088.0
456166.0
456167.0
456168.0
456169.0
456170.0
456171.0
456248.0
456249.0
456250.0
456251.0
456252.0
456253.0
456254.0
456331.0
456332.0
456333.0
456334.0
456335.0
456336.0
456415.0
456416.0
456499.0
456500.0
456501.0
456581.0
456582.0
456583.0
456584.0
456585.0
456665.0
456666.0
456667.0
456668.0
456741.0
456748.0
456749.0
456750.0
456751.0
456824.0
456908.0
456991.0
456992.0
456993.0
457075.0
457076.0
457077.0
457078.0
457158.0
457159.0
457160.0
457161.0
457242.0
457243.0
457244.0
457245.0
0.0
457327.0
457328.0
457329.0
0.0
0.0
0.0
457412.0
457413.0
0.0
0.0
0.0
457496.0
457497.0
457498.0
457579.0
457580.0
457581.0
457662.0
457663.0
457664.0
457745.0
457746.0
457747.0
457829.0
457830.0
457912.0
457913.0
0.0
0.0
0.0
0.0
0.0
464905.0
0.0
0.0
464989.0
0.0
465071.0
465072.0
465073.0
465074.0
465156.0
465157.0
465240.0
465394.0
465403.0
465404.0
465477.0
465488.0
465561.0
465562.0
465645.0
465646.0
465728.0
465729.0
465730.0
465811.0
465812.0
465895.0
465896.0
465897.0
465979.0
465980.0
465981.0
465982.0
0.0
0.0
466063.0
466064.0
466065.0
0.0
466146.0
466147.0
466148.0
466149.0
0.0
0.0
466231.0
466232.0
466233.0
466234.0
0.0
0.0
466315.0
466316.0
466317.0
466318.0
0.0
0.0
466399.0
466400.0
466401.0
466402.0
0.0
0.0
466483.0
466484.0
466485.0
0.0
0.0
0.0
466567.0
466568.0
0.0
0.0
466651.0
0.0
466733.0
466734.0
466816.0
466817.0
466818.0
0.0
0.0
0.0
0.0
0.0
0.0
0.0
0.0
0.0
0.0
0.0
0.0
0.0
0.0
0.0
0.0
0.0
0.0
0.0
0.0
0.0
0.0
0.0
0.0
0.0
0.0
474381.0
474382.0
474464.0
474465.0
474466.0
474548.0
474549.0
474550.0
474551.0
474632.0
474633.0
474634.0
474635.0
474716.0
474717.0
474799.0
474800.0
474801.0
474802.0
474803.0
474883.0
474884.0
474885.0
474886.0
0.0
474967.0
474968.0
474969.0
474970.0
0.0
0.0
475051.0
475052.0
475053.0
475054.0
0.0
475135.0
475136.0
475137.0
475138.0
475139.0
0.0
0.0
0.0
475219.0
475220.0
475222.0
475223.0
0.0
0.0
475302.0
475303.0
475304.0
475305.0
475306.0
0.0
0.0
0.0
475387.0
475388.0
475389.0
0.0
0.0
0.0
0.0
475471.0
475472.0
0.0
0.0
0.0
475554.0
475555.0
0.0
0.0
475638.0
475639.0
0.0
0.0
475721.0
475722.0
0.0
0.0
0.0
0.0
0.0
0.0
0.0
0.0
0.0
0.0
0.0
0.0
0.0
0.0
0.0
0.0
0.0
0.0
0.0
0.0
0.0
0.0
0.0
0.0
0.0
0.0
0.0
0.0
0.0
0.0
0.0
0.0
0.0
0.0
0.0
0.0
0.0
0.0
0.0
0.0
0.0
0.0
0.0
0.0
0.0
0.0
0.0
483202.0
483284.0
483285.0
483286.0
483287.0
483368.0
483369.0
483370.0
483371.0
483452.0
483453.0
483454.0
483455.0
483536.0
483537.0
483538.0
483539.0
483620.0
483621.0
483622.0
483623.0
483624.0
483703.0
483704.0
483705.0
483706.0
483707.0
483708.0
483787.0
483788.0
483789.0
483790.0
0.0
483871.0
483872.0
483873.0
483874.0
0.0
483955.0
483956.0
483957.0
483958.0
483959.0
0.0
484040.0
484041.0
484042.0
484043.0
0.0
0.0
484123.0
484124.0
484126.0
484127.0
0.0
0.0
484206.0
484207.0
484208.0
484209.0
484210.0
0.0
484290.0
484291.0
484292.0
484293.0
0.0
0.0
0.0
484374.0
484375.0
484376.0
0.0
0.0
484458.0
484459.0
0.0
0.0
484542.0
484543.0
0.0
0.0
0.0
0.0
484626.0
0.0
0.0
0.0
484709.0
484710.0
0.0
0.0
0.0
0.0
0.0
0.0
0.0
0.0
0.0
0.0
0.0
0.0
0.0
0.0
0.0
0.0
0.0
0.0
0.0
0.0
0.0
0.0
0.0
0.0
0.0
0.0
0.0
0.0
491190.0
491191.0
0.0
0.0
0.0
0.0
491281.0
0.0
0.0
0.0
0.0
0.0
491363.0
491364.0
491365.0
491366.0
0.0
0.0
0.0
491446.0
491447.0
491448.0
491449.0
491450.0
0.0
491530.0
491531.0
491532.0
491533.0
491534.0
0.0
0.0
491615.0
491616.0
491617.0
0.0
0.0
0.0
0.0
0.0
0.0
492104.0
492105.0
492106.0
492188.0
492189.0
492190.0
492191.0
492272.0
492273.0
492274.0
492275.0
492356.0
492357.0
492358.0
492359.0
0.0
492440.0
492441.0
492442.0
492443.0
0.0
492524.0
492525.0
492526.0
492527.0
492528.0
492607.0
492608.0
492609.0
492610.0
492611.0
492612.0
492691.0
492692.0
492693.0
492694.0
492695.0
492775.0
492776.0
492777.0
492778.0
492860.0
492861.0
492862.0
492863.0
0.0
0.0
492944.0
492945.0
492946.0
492947.0
0.0
0.0
0.0
493027.0
493028.0
493029.0
493030.0
493031.0
0.0
0.0
493110.0
493111.0
493112.0
493113.0
493114.0
493115.0
0.0
0.0
493194.0
493195.0
493196.0
493197.0
493198.0
0.0
493277.0
493278.0
493279.0
493280.0
0.0
493361.0
493362.0
493363.0
0.0
0.0
0.0
493446.0
0.0
493530.0
0.0
0.0
493613.0
493614.0
0.0
0.0
0.0
0.0
0.0
0.0
0.0
0.0
0.0
0.0
0.0
0.0
0.0
0.0
0.0
0.0
0.0
0.0
0.0
0.0
0.0
0.0
0.0
0.0
0.0
0.0
0.0
0.0
0.0
0.0
0.0
0.0
0.0
0.0
0.0
0.0
0.0
0.0
0.0
0.0
0.0
0.0
0.0
0.0
0.0
0.0
0.0
0.0
0.0
0.0
0.0
0.0
0.0
499925.0
499927.0
500008.0
500009.0
500010.0
500013.0
500092.0
500093.0
500094.0
500097.0
500100.0
500101.0
0.0
0.0
500177.0
500183.0
500184.0
500185.0
500186.0
500187.0
0.0
0.0
0.0
500266.0
500267.0
500268.0
500269.0
500270.0
0.0
0.0
0.0
0.0
0.0
500349.0
500350.0
500351.0
500352.0
500353.0
500354.0
0.0
0.0
500433.0
500434.0
500435.0
500436.0
500437.0
500438.0
0.0
0.0
0.0
500518.0
500519.0
500520.0
500521.0
0.0
0.0
0.0
500603.0
500604.0
500605.0
0.0
0.0
0.0
0.0
0.0
0.0
0.0
0.0
501093.0
501094.0
0.0
0.0
501177.0
501178.0
0.0
0.0
501261.0
501262.0
501263.0
0.0
0.0
0.0
501345.0
501346.0
501347.0
0.0
0.0
501429.0
501430.0
501431.0
501432.0
0.0
0.0
501512.0
501513.0
501514.0
501515.0
501516.0
501595.0
501596.0
501597.0
501598.0
501599.0
501600.0
0.0
0.0
501680.0
501681.0
501682.0
501683.0
0.0
0.0
501764.0
501765.0
501766.0
501767.0
0.0
0.0
0.0
501848.0
501849.0
501850.0
501851.0
0.0
0.0
0.0
501931.0
501932.0
501933.0
501935.0
0.0
0.0
502014.0
502015.0
502016.0
502017.0
502018.0
502019.0
0.0
0.0
502097.0
502098.0
502099.0
502100.0
502101.0
502102.0
0.0
502181.0
502182.0
502183.0
502184.0
0.0
0.0
502265.0
502266.0
502267.0
0.0
0.0
0.0
502348.0
502349.0
502350.0
502351.0
0.0
502434.0
0.0
0.0
502518.0
0.0
0.0
0.0
0.0
0.0
0.0
0.0
0.0
0.0
0.0
0.0
0.0
0.0
0.0
0.0
0.0
0.0
0.0
0.0
0.0
0.0
0.0
0.0
0.0
0.0
0.0
0.0
0.0
0.0
0.0
0.0
0.0
0.0
0.0
0.0
0.0
0.0
0.0
0.0
0.0
0.0
0.0
0.0
0.0
0.0
0.0
0.0
0.0
0.0
0.0
508497.0
508498.0
508499.0
0.0
0.0
508581.0
508582.0
0.0
0.0
508660.0
508661.0
508662.0
508663.0
508665.0
0.0
0.0
0.0
508743.0
508744.0
508745.0
508746.0
508747.0
508748.0
0.0
0.0
508827.0
508828.0
508829.0
508830.0
508831.0
508832.0
508833.0
508912.0
508913.0
508914.0
508915.0
508916.0
508917.0
508919.0
508920.0
508996.0
508997.0
508998.0
508999.0
509000.0
509002.0
509003.0
509004.0
509005.0
0.0
0.0
0.0
509081.0
509084.0
509085.0
509086.0
509087.0
509088.0
0.0
0.0
0.0
0.0
0.0
0.0
0.0
509168.0
509169.0
509171.0
509172.0
509173.0
509174.0
0.0
0.0
0.0
0.0
0.0
509251.0
509252.0
509253.0
509254.0
509255.0
509256.0
509257.0
509258.0
0.0
0.0
0.0
0.0
0.0
509336.0
509337.0
509338.0
509339.0
509340.0
509341.0
509342.0
0.0
0.0
509422.0
509423.0
509424.0
509425.0
0.0
0.0
0.0
0.0
509507.0
509508.0
509509.0
0.0
0.0
0.0
0.0
0.0
0.0
0.0
0.0
0.0
0.0
0.0
0.0
0.0
0.0
0.0
0.0
0.0
0.0
0.0
0.0
0.0
0.0
0.0
0.0
0.0
0.0
510417.0
510418.0
510419.0
0.0
0.0
0.0
510500.0
510501.0
510502.0
510503.0
0.0
0.0
0.0
510584.0
510585.0
510586.0
510587.0
0.0
0.0
0.0
510668.0
510669.0
510670.0
510671.0
0.0
0.0
0.0
510753.0
510754.0
510755.0
0.0
0.0
510835.0
510836.0
510837.0
510838.0
510839.0
0.0
510918.0
510919.0
510920.0
510921.0
510922.0
510923.0
0.0
0.0
511001.0
511002.0
511003.0
511004.0
511005.0
511006.0
511007.0
0.0
0.0
511085.0
511086.0
511087.0
511088.0
511089.0
0.0
0.0
511169.0
511170.0
511171.0
511172.0
0.0
0.0
511252.0
511253.0
511254.0
511255.0
0.0
0.0
511337.0
511338.0
511339.0
0.0
0.0
511422.0
511423.0
0.0
0.0
0.0
511507.0
0.0
0.0
0.0
0.0
0.0
0.0
0.0
0.0
0.0
0.0
0.0
0.0
0.0
0.0
0.0
0.0
0.0
0.0
0.0
0.0
0.0
0.0
0.0
0.0
0.0
0.0
0.0
0.0
0.0
0.0
0.0
0.0
0.0
0.0
0.0
0.0
0.0
0.0
0.0
0.0
0.0
0.0
0.0
0.0
0.0
0.0
517318.0
0.0
0.0
517398.0
517402.0
517403.0
517482.0
517483.0
517486.0
517487.0
0.0
0.0
517563.0
517564.0
517565.0
517566.0
517567.0
517568.0
517569.0
517570.0
517571.0
0.0
0.0
0.0
517647.0
517648.0
517649.0
517650.0
517651.0
517652.0
517653.0
0.0
0.0
0.0
0.0
517731.0
517732.0
517733.0
517734.0
517735.0
517736.0
517737.0
0.0
0.0
0.0
517815.0
517816.0
517817.0
517818.0
517820.0
517821.0
517822.0
517823.0
0.0
0.0
517900.0
517901.0
517902.0
517903.0
517904.0
517905.0
517906.0
517907.0
517908.0
517909.0
517910.0
0.0
0.0
0.0
0.0
0.0
517985.0
517986.0
517987.0
517988.0
517989.0
517990.0
517991.0
517992.0
517993.0
517994.0
517995.0
0.0
0.0
0.0
0.0
518070.0
518071.0
518072.0
518073.0
518074.0
518075.0
518076.0
518077.0
518078.0
518079.0
0.0
0.0
0.0
0.0
518154.0
518155.0
518156.0
518157.0
518158.0
518159.0
518161.0
518162.0
518163.0
0.0
0.0
0.0
0.0
0.0
518239.0
518240.0
518241.0
518242.0
518245.0
518246.0
0.0
0.0
518329.0
518330.0
0.0
0.0
0.0
0.0
518413.0
518414.0
0.0
0.0
0.0
0.0
0.0
518496.0
0.0
0.0
0.0
0.0
0.0
0.0
0.0
0.0
0.0
0.0
0.0
0.0
0.0
0.0
0.0
0.0
0.0
0.0
0.0
0.0
0.0
0.0
0.0
0.0
0.0
0.0
0.0
0.0
0.0
0.0
0.0
0.0
0.0
0.0
0.0
0.0
519405.0
519406.0
0.0
0.0
0.0
519488.0
519489.0
519490.0
0.0
0.0
0.0
519572.0
519573.0
519574.0
0.0
0.0
0.0
519657.0
519658.0
519659.0
0.0
0.0
0.0
519741.0
519742.0
519743.0
0.0
0.0
519822.0
519823.0
519824.0
519825.0
519826.0
519827.0
0.0
0.0
519906.0
519907.0
519908.0
519909.0
519910.0
519911.0
0.0
0.0
519989.0
519990.0
519991.0
519992.0
519993.0
519994.0
0.0
0.0
0.0
520073.0
520074.0
520075.0
520076.0
520077.0
0.0
0.0
520157.0
520158.0
520159.0
520160.0
0.0
0.0
520241.0
520242.0
520243.0
520244.0
0.0
0.0
0.0
520327.0
520328.0
0.0
0.0
0.0
520411.0
0.0
0.0
0.0
0.0
0.0
0.0
0.0
0.0
0.0
0.0
0.0
0.0
0.0
0.0
0.0
0.0
0.0
0.0
0.0
0.0
0.0
0.0
0.0
0.0
0.0
0.0
0.0
0.0
0.0
0.0
0.0
0.0
0.0
0.0
0.0
0.0
526222.0
526297.0
526300.0
526301.0
526305.0
526306.0
526307.0
0.0
0.0
526380.0
526381.0
526382.0
526383.0
526384.0
526385.0
526386.0
526387.0
526388.0
526389.0
526390.0
526391.0
0.0
0.0
0.0
526466.0
526467.0
526468.0
526469.0
526470.0
526471.0
526472.0
526473.0
526474.0
0.0
0.0
0.0
0.0
0.0
526550.0
526551.0
526552.0
526553.0
526554.0
526556.0
526557.0
526559.0
0.0
0.0
0.0
0.0
0.0
526634.0
526635.0
526636.0
526637.0
526638.0
526639.0
526642.0
526643.0
526644.0
0.0
0.0
0.0
0.0
0.0
526718.0
526719.0
526720.0
526721.0
526722.0
526723.0
526724.0
526725.0
526726.0
526727.0
526728.0
526729.0
526730.0
0.0
0.0
526806.0
526807.0
526808.0
526809.0
526810.0
526811.0
526812.0
526813.0
526814.0
526815.0
0.0
0.0
0.0
0.0
0.0
526886.0
526890.0
526891.0
526892.0
526893.0
526894.0
526895.0
526896.0
526898.0
526899.0
0.0
0.0
0.0
0.0
0.0
526969.0
526970.0
526971.0
526974.0
526975.0
526976.0
526977.0
526978.0
526979.0
526982.0
526983.0
526984.0
0.0
0.0
0.0
0.0
0.0
527053.0
527054.0
527055.0
527058.0
527059.0
527060.0
527061.0
527062.0
527066.0
527067.0
0.0
0.0
0.0
0.0
527144.0
527150.0
527151.0
0.0
0.0
527234.0
527235.0
0.0
0.0
0.0
527317.0
527318.0
527319.0
0.0
0.0
0.0
0.0
0.0
0.0
0.0
0.0
0.0
0.0
0.0
0.0
0.0
0.0
0.0
0.0
0.0
0.0
0.0
0.0
0.0
0.0
0.0
0.0
0.0
0.0
0.0
0.0
0.0
0.0
0.0
0.0
0.0
0.0
0.0
0.0
0.0
0.0
0.0
0.0
0.0
0.0
0.0
0.0
0.0
0.0
0.0
0.0
0.0
0.0
0.0
0.0
0.0
0.0
0.0
0.0
0.0
0.0
0.0
0.0
0.0
0.0
0.0
0.0
0.0
0.0
0.0
0.0
0.0
0.0
0.0
0.0
0.0
0.0
0.0
0.0
0.0
0.0
0.0
0.0
0.0
0.0
528728.0
528729.0
528730.0
0.0
0.0
528811.0
528812.0
528813.0
528814.0
0.0
0.0
0.0
528894.0
528895.0
528896.0
528897.0
528898.0
0.0
0.0
0.0
528978.0
528979.0
528980.0
528981.0
0.0
0.0
529062.0
529063.0
529064.0
0.0
0.0
0.0
529145.0
529146.0
529147.0
529148.0
0.0
0.0
0.0
529231.0
529232.0
0.0
0.0
529316.0
0.0
0.0
0.0
0.0
0.0
0.0
0.0
0.0
0.0
0.0
0.0
0.0
0.0
0.0
0.0
0.0
0.0
0.0
0.0
0.0
535202.0
535205.0
535285.0
535286.0
535287.0
535288.0
535289.0
535290.0
535291.0
535292.0
0.0
0.0
0.0
535368.0
535369.0
535370.0
535371.0
535372.0
535373.0
535374.0
535375.0
535378.0
0.0
0.0
0.0
535453.0
535454.0
535455.0
535456.0
535457.0
535458.0
535459.0
535460.0
535461.0
535462.0
535463.0
535464.0
535465.0
0.0
0.0
0.0
0.0
0.0
535538.0
535539.0
535540.0
535542.0
535543.0
535544.0
535545.0
535546.0
535547.0
535548.0
535549.0
535550.0
535551.0
0.0
0.0
0.0
0.0
535622.0
535623.0
535626.0
535627.0
535628.0
535629.0
535630.0
535631.0
535632.0
535634.0
535635.0
535636.0
0.0
0.0
0.0
0.0
535710.0
535711.0
535712.0
535713.0
535714.0
535719.0
535720.0
0.0
0.0
0.0
0.0
0.0
0.0
535789.0
535790.0
535791.0
535792.0
535795.0
535796.0
535797.0
535798.0
535800.0
535801.0
535803.0
535804.0
0.0
0.0
0.0
0.0
0.0
0.0
535873.0
535874.0
535875.0
535876.0
535880.0
535881.0
535884.0
535885.0
535887.0
535888.0
0.0
0.0
0.0
0.0
0.0
0.0
0.0
535956.0
535957.0
535958.0
535959.0
535960.0
535967.0
535968.0
535970.0
535971.0
0.0
0.0
0.0
0.0
536054.0
536055.0
0.0
0.0
536133.0
536134.0
536135.0
536138.0
536139.0
0.0
0.0
0.0
0.0
0.0
0.0
0.0
0.0
0.0
0.0
0.0
0.0
0.0
0.0
0.0
0.0
0.0
0.0
0.0
0.0
0.0
0.0
0.0
0.0
0.0
0.0
0.0
0.0
0.0
0.0
0.0
0.0
0.0
0.0
0.0
0.0
0.0
0.0
0.0
0.0
0.0
0.0
0.0
0.0
0.0
0.0
0.0
0.0
0.0
0.0
0.0
0.0
0.0
0.0
0.0
0.0
0.0
0.0
0.0
0.0
0.0
0.0
0.0
0.0
0.0
0.0
0.0
0.0
0.0
0.0
0.0
0.0
0.0
0.0
0.0
0.0
0.0
0.0
0.0
0.0
0.0
0.0
0.0
0.0
0.0
0.0
0.0
0.0
0.0
0.0
0.0
0.0
0.0
0.0
0.0
0.0
0.0
0.0
0.0
0.0
0.0
0.0
0.0
0.0
0.0
0.0
0.0
0.0
0.0
0.0
0.0
0.0
0.0
0.0
0.0
0.0
0.0
0.0
0.0
0.0
0.0
0.0
0.0
0.0
0.0
0.0
0.0
0.0
0.0
0.0
0.0
0.0
0.0
0.0
0.0
0.0
0.0
0.0
0.0
0.0
0.0
0.0
0.0
0.0
0.0
0.0
0.0
0.0
0.0
0.0
0.0
0.0
0.0
0.0
0.0
537883.0
537884.0
0.0
0.0
0.0
0.0
537967.0
537968.0
0.0
0.0
0.0
0.0
538050.0
538051.0
538052.0
0.0
0.0
0.0
538134.0
538135.0
0.0
0.0
0.0
0.0
0.0
0.0
0.0
0.0
0.0
0.0
0.0
0.0
0.0
0.0
0.0
0.0
0.0
0.0
0.0
0.0
544272.0
544273.0
544274.0
544276.0
544277.0
544278.0
544279.0
544280.0
544281.0
544282.0
544283.0
0.0
0.0
544357.0
544358.0
544359.0
544360.0
544361.0
544362.0
544363.0
544364.0
544365.0
544366.0
544367.0
544368.0
544369.0
0.0
0.0
0.0
544441.0
544442.0
544443.0
544449.0
544451.0
544452.0
544453.0
544454.0
544455.0
0.0
0.0
0.0
0.0
0.0
544528.0
544529.0
544535.0
544536.0
544537.0
544538.0
544539.0
544540.0
0.0
0.0
0.0
0.0
0.0
544610.0
544611.0
544612.0
544613.0
544614.0
544618.0
544619.0
544620.0
544621.0
544622.0
544623.0
544624.0
544625.0
0.0
0.0
544693.0
544694.0
544695.0
544696.0
544697.0
544698.0
544702.0
544703.0
544704.0
0.0
0.0
544707.0
544708.0
0.0
0.0
0.0
0.0
0.0
544777.0
544778.0
544779.0
544780.0
544781.0
544782.0
544785.0
544786.0
544787.0
544788.0
544789.0
544791.0
544792.0
0.0
0.0
0.0
0.0
0.0
544861.0
544862.0
544863.0
544864.0
544865.0
544866.0
544869.0
544870.0
544871.0
544872.0
544873.0
544874.0
544875.0
0.0
0.0
0.0
0.0
0.0
544952.0
544953.0
544954.0
544955.0
544956.0
544958.0
544959.0
0.0
0.0
0.0
0.0
0.0
0.0
0.0
0.0
0.0
0.0
545037.0
545038.0
545039.0
0.0
0.0
0.0
0.0
0.0
0.0
0.0
0.0
0.0
0.0
0.0
0.0
0.0
0.0
0.0
0.0
0.0
0.0
0.0
0.0
0.0
0.0
0.0
0.0
0.0
0.0
0.0
0.0
0.0
0.0
0.0
0.0
0.0
0.0
0.0
0.0
0.0
0.0
0.0
0.0
0.0
0.0
0.0
0.0
0.0
0.0
0.0
0.0
0.0
0.0
0.0
0.0
0.0
0.0
0.0
0.0
0.0
0.0
0.0
0.0
0.0
0.0
0.0
0.0
0.0
0.0
0.0
0.0
0.0
0.0
0.0
0.0
0.0
0.0
0.0
0.0
0.0
0.0
0.0
0.0
0.0
0.0
0.0
0.0
0.0
0.0
0.0
0.0
0.0
0.0
0.0
0.0
0.0
0.0
0.0
0.0
0.0
0.0
0.0
0.0
0.0
0.0
0.0
0.0
0.0
0.0
0.0
0.0
0.0
0.0
0.0
0.0
0.0
0.0
0.0
0.0
0.0
0.0
0.0
0.0
0.0
0.0
0.0
0.0
0.0
0.0
0.0
0.0
0.0
0.0
0.0
0.0
0.0
0.0
0.0
0.0
0.0
0.0
0.0
0.0
0.0
0.0
0.0
0.0
0.0
0.0
0.0
0.0
0.0
0.0
0.0
0.0
0.0
0.0
0.0
0.0
0.0
0.0
0.0
0.0
0.0
0.0
0.0
0.0
0.0
0.0
0.0
0.0
0.0
0.0
0.0
0.0
0.0
0.0
0.0
0.0
0.0
0.0
0.0
0.0
0.0
0.0
0.0
0.0
0.0
0.0
0.0
0.0
0.0
0.0
0.0
0.0
0.0
0.0
0.0
0.0
0.0
0.0
0.0
0.0
0.0
0.0
0.0
0.0
0.0
0.0
0.0
0.0
0.0
0.0
0.0
0.0
0.0
0.0
553180.0
553181.0
553182.0
553183.0
553185.0
553260.0
553261.0
553262.0
553263.0
553264.0
553265.0
553266.0
553267.0
0.0
553269.0
553270.0
553271.0
553272.0
0.0
0.0
553345.0
553346.0
553347.0
553348.0
553349.0
553350.0
553351.0
553352.0
553353.0
553354.0
553355.0
553356.0
0.0
0.0
0.0
0.0
553430.0
553431.0
553432.0
553433.0
553435.0
553436.0
553437.0
553438.0
553439.0
553441.0
553442.0
553443.0
553444.0
0.0
0.0
0.0
0.0
0.0
0.0
0.0
553514.0
553515.0
553516.0
553517.0
553518.0
0.0
553522.0
553523.0
553524.0
553525.0
553526.0
553527.0
553528.0
0.0
0.0
0.0
0.0
553598.0
553599.0
553600.0
553601.0
553602.0
553605.0
553606.0
0.0
553608.0
553609.0
553611.0
553612.0
0.0
0.0
0.0
553682.0
553683.0
553684.0
553685.0
553686.0
553687.0
553689.0
553690.0
0.0
553692.0
553693.0
553695.0
0.0
0.0
0.0
553766.0
553767.0
553768.0
553769.0
553770.0
553772.0
553773.0
0.0
0.0
0.0
0.0
0.0
0.0
0.0
553856.0
553857.0
0.0
0.0
0.0
0.0
0.0
0.0
0.0
0.0
0.0
0.0
0.0
0.0
0.0
0.0
553941.0
0.0
0.0
0.0
0.0
0.0
0.0
0.0
0.0
0.0
0.0
0.0
0.0
0.0
0.0
0.0
0.0
0.0
0.0
0.0
0.0
0.0
0.0
0.0
0.0
0.0
0.0
0.0
0.0
0.0
0.0
0.0
0.0
0.0
0.0
0.0
0.0
0.0
0.0
0.0
0.0
0.0
0.0
0.0
0.0
0.0
0.0
0.0
0.0
0.0
0.0
0.0
0.0
0.0
0.0
0.0
0.0
0.0
0.0
0.0
0.0
0.0
0.0
0.0
0.0
0.0
0.0
0.0
0.0
0.0
0.0
0.0
0.0
0.0
0.0
0.0
0.0
0.0
0.0
0.0
0.0
0.0
0.0
0.0
0.0
0.0
0.0
0.0
0.0
0.0
0.0
0.0
0.0
0.0
0.0
0.0
0.0
0.0
0.0
0.0
0.0
0.0
0.0
0.0
0.0
0.0
0.0
0.0
0.0
0.0
0.0
0.0
0.0
0.0
0.0
0.0
0.0
0.0
0.0
0.0
0.0
0.0
0.0
0.0
0.0
0.0
0.0
0.0
0.0
0.0
0.0
0.0
0.0
0.0
0.0
0.0
0.0
0.0
0.0
0.0
0.0
0.0
0.0
0.0
0.0
0.0
0.0
0.0
0.0
0.0
0.0
0.0
0.0
0.0
0.0
0.0
0.0
0.0
0.0
0.0
0.0
0.0
0.0
0.0
0.0
0.0
0.0
0.0
0.0
0.0
0.0
0.0
0.0
0.0
0.0
0.0
0.0
0.0
0.0
0.0
0.0
0.0
0.0
0.0
0.0
0.0
0.0
0.0
0.0
0.0
0.0
0.0
0.0
0.0
0.0
0.0
0.0
0.0
0.0
0.0
0.0
0.0
0.0
0.0
0.0
0.0
0.0
0.0
0.0
0.0
0.0
0.0
0.0
0.0
0.0
0.0
0.0
0.0
0.0
0.0
0.0
0.0
0.0
562168.0
562169.0
562170.0
562171.0
562172.0
562173.0
562248.0
562249.0
562250.0
562251.0
562252.0
562253.0
562254.0
562255.0
562256.0
562257.0
562258.0
562259.0
0.0
0.0
562334.0
562335.0
562336.0
562337.0
562338.0
562339.0
562340.0
562341.0
562342.0
562343.0
562344.0
562345.0
562346.0
0.0
0.0
0.0
0.0
0.0
562417.0
562418.0
562419.0
562420.0
562421.0
562422.0
0.0
0.0
562425.0
562426.0
562427.0
562428.0
562429.0
0.0
562431.0
562432.0
0.0
0.0
0.0
0.0
0.0
0.0
562505.0
562506.0
562509.0
562510.0
0.0
0.0
562515.0
0.0
0.0
0.0
0.0
0.0
562588.0
562589.0
562590.0
562591.0
562593.0
562594.0
0.0
0.0
0.0
0.0
0.0
0.0
0.0
0.0
0.0
562673.0
562674.0
562676.0
562677.0
562678.0
0.0
0.0
0.0
0.0
0.0
0.0
562760.0
562761.0
0.0
0.0
0.0
0.0
0.0
0.0
0.0
0.0
0.0
0.0
562845.0
562846.0
0.0
0.0
0.0
0.0
0.0
0.0
0.0
0.0
0.0
0.0
0.0
0.0
0.0
0.0
0.0
0.0
0.0
0.0
0.0
0.0
0.0
0.0
0.0
0.0
0.0
0.0
0.0
0.0
0.0
0.0
0.0
0.0
0.0
0.0
0.0
0.0
0.0
0.0
0.0
0.0
0.0
0.0
0.0
0.0
0.0
0.0
0.0
0.0
0.0
0.0
0.0
0.0
0.0
0.0
0.0
0.0
0.0
0.0
0.0
0.0
0.0
0.0
0.0
0.0
0.0
0.0
0.0
0.0
0.0
0.0
0.0
0.0
0.0
0.0
0.0
0.0
0.0
0.0
0.0
0.0
0.0
0.0
0.0
0.0
0.0
0.0
0.0
0.0
0.0
0.0
0.0
0.0
0.0
0.0
0.0
0.0
0.0
0.0
0.0
0.0
0.0
0.0
0.0
0.0
0.0
0.0
0.0
0.0
0.0
0.0
0.0
0.0
0.0
0.0
0.0
0.0
0.0
0.0
0.0
0.0
0.0
0.0
0.0
0.0
0.0
0.0
0.0
0.0
0.0
0.0
0.0
0.0
0.0
0.0
0.0
0.0
0.0
0.0
0.0
0.0
0.0
0.0
0.0
0.0
0.0
0.0
0.0
0.0
0.0
0.0
0.0
0.0
0.0
0.0
0.0
0.0
0.0
0.0
0.0
0.0
0.0
0.0
0.0
0.0
0.0
0.0
0.0
0.0
0.0
0.0
0.0
0.0
0.0
0.0
0.0
0.0
0.0
0.0
0.0
0.0
0.0
0.0
0.0
0.0
0.0
0.0
0.0
0.0
0.0
0.0
0.0
0.0
0.0
0.0
0.0
0.0
0.0
0.0
0.0
0.0
0.0
0.0
0.0
0.0
0.0
0.0
0.0
0.0
0.0
0.0
0.0
0.0
0.0
0.0
0.0
0.0
0.0
0.0
0.0
0.0
0.0
0.0
0.0
0.0
0.0
0.0
0.0
0.0
0.0
0.0
0.0
571241.0
571242.0
0.0
571245.0
571246.0
0.0
0.0
0.0
571325.0
0.0
0.0
0.0
571329.0
571330.0
571331.0
0.0
0.0
0.0
0.0
0.0
0.0
0.0
0.0
571409.0
571410.0
571411.0
0.0
0.0
571414.0
0.0
0.0
0.0
0.0
0.0
0.0
0.0
0.0
0.0
0.0
571492.0
571493.0
571494.0
571495.0
571497.0
571498.0
0.0
0.0
0.0
0.0
0.0
0.0
0.0
0.0
571577.0
571578.0
571579.0
571581.0
571582.0
0.0
0.0
0.0
0.0
0.0
0.0
0.0
0.0
0.0
0.0
571662.0
571663.0
571664.0
571665.0
0.0
0.0
0.0
0.0
0.0
0.0
0.0
0.0
0.0
0.0
0.0
0.0
0.0
571749.0
0.0
0.0
0.0
0.0
0.0
0.0
0.0
0.0
0.0
0.0
0.0
0.0
0.0
0.0
0.0
0.0
0.0
0.0
0.0
0.0
0.0
0.0
0.0
0.0
0.0
0.0
0.0
0.0
0.0
0.0
0.0
0.0
0.0
0.0
0.0
0.0
0.0
0.0
0.0
0.0
0.0
0.0
0.0
0.0
0.0
0.0
0.0
0.0
0.0
0.0
0.0
0.0
0.0
0.0
0.0
0.0
0.0
0.0
0.0
0.0
0.0
0.0
0.0
0.0
0.0
0.0
0.0
0.0
0.0
0.0
0.0
0.0
0.0
0.0
0.0
0.0
0.0
0.0
0.0
0.0
0.0
0.0
0.0
0.0
0.0
0.0
0.0
0.0
0.0
0.0
0.0
0.0
0.0
0.0
0.0
0.0
0.0
0.0
0.0
0.0
0.0
0.0
0.0
0.0
0.0
0.0
0.0
0.0
0.0
0.0
0.0
0.0
0.0
0.0
0.0
0.0
0.0
0.0
0.0
0.0
0.0
0.0
0.0
0.0
0.0
0.0
0.0
0.0
0.0
0.0
0.0
0.0
0.0
0.0
0.0
0.0
0.0
0.0
0.0
0.0
0.0
0.0
0.0
0.0
0.0
0.0
0.0
0.0
0.0
0.0
0.0
0.0
0.0
0.0
0.0
0.0
0.0
0.0
0.0
0.0
0.0
0.0
0.0
0.0
0.0
0.0
0.0
0.0
0.0
0.0
0.0
0.0
0.0
0.0
0.0
0.0
0.0
0.0
0.0
0.0
0.0
0.0
0.0
0.0
0.0
0.0
0.0
0.0
0.0
0.0
0.0
0.0
0.0
0.0
0.0
0.0
0.0
0.0
0.0
0.0
0.0
0.0
0.0
0.0
0.0
0.0
0.0
0.0
0.0
0.0
0.0
0.0
0.0
0.0
0.0
0.0
0.0
0.0
0.0
0.0
0.0
0.0
0.0
0.0
0.0
0.0
0.0
0.0
0.0
0.0
0.0
0.0
0.0
0.0
0.0
0.0
580234.0
0.0
0.0
0.0
580313.0
580314.0
580315.0
0.0
0.0
580318.0
0.0
0.0
0.0
0.0
0.0
0.0
0.0
580397.0
580398.0
580399.0
580400.0
580401.0
580402.0
0.0
0.0
0.0
0.0
0.0
0.0
0.0
0.0
0.0
0.0
0.0
580481.0
580482.0
580483.0
0.0
580485.0
580486.0
0.0
0.0
0.0
0.0
0.0
0.0
0.0
0.0
0.0
0.0
0.0
0.0
580569.0
0.0
0.0
0.0
0.0
0.0
0.0
0.0
0.0
0.0
0.0
0.0
0.0
0.0
0.0
0.0
0.0
0.0
0.0
0.0
0.0
0.0
0.0
0.0
0.0
0.0
0.0
0.0
0.0
0.0
0.0
0.0
0.0
0.0
0.0
0.0
0.0
0.0
0.0
0.0
0.0
0.0
0.0
0.0
0.0
0.0
0.0
0.0
0.0
0.0
0.0
0.0
0.0
0.0
0.0
0.0
0.0
0.0
0.0
0.0
0.0
0.0
0.0
0.0
0.0
0.0
0.0
0.0
0.0
0.0
0.0
0.0
0.0
0.0
0.0
0.0
0.0
0.0
0.0
0.0
0.0
0.0
0.0
0.0
0.0
0.0
0.0
0.0
0.0
0.0
0.0
0.0
0.0
0.0
0.0
0.0
0.0
0.0
0.0
0.0
0.0
0.0
0.0
0.0
0.0
0.0
0.0
0.0
0.0
0.0
0.0
0.0
0.0
0.0
0.0
0.0
0.0
0.0
0.0
0.0
0.0
0.0
0.0
0.0
0.0
0.0
0.0
0.0
0.0
0.0
0.0
0.0
0.0
0.0
0.0
0.0
0.0
0.0
0.0
0.0
0.0
0.0
0.0
0.0
0.0
0.0
0.0
0.0
0.0
0.0
0.0
0.0
0.0
0.0
0.0
0.0
0.0
0.0
0.0
0.0
0.0
0.0
0.0
0.0
0.0
0.0
0.0
0.0
0.0
0.0
0.0
0.0
0.0
0.0
0.0
0.0
0.0
0.0
0.0
0.0
0.0
0.0
0.0
0.0
0.0
0.0
0.0
0.0
0.0
0.0
0.0
0.0
0.0
0.0
0.0
0.0
0.0
0.0
0.0
0.0
0.0
0.0
0.0
0.0
0.0
0.0
0.0
0.0
0.0
0.0
0.0
0.0
0.0
0.0
0.0
0.0
0.0
0.0
0.0
0.0
0.0
0.0
0.0
0.0
0.0
0.0
0.0
0.0
0.0
0.0
0.0
0.0
0.0
0.0
0.0
0.0
0.0
0.0
0.0
0.0
0.0
0.0
0.0
0.0
0.0
0.0
0.0
0.0
0.0
0.0
0.0
0.0
0.0
0.0
0.0
0.0
0.0
0.0
0.0
0.0
0.0
0.0
0.0
0.0
0.0
0.0
0.0
0.0
0.0
0.0
0.0
589304.0
589305.0
0.0
0.0
0.0
0.0
0.0
0.0
0.0
0.0
0.0
0.0
589389.0
589390.0
0.0
0.0
0.0
0.0
0.0
0.0
0.0
0.0
0.0
0.0
0.0
589473.0
0.0
0.0
0.0
0.0
0.0
0.0
0.0
0.0
589556.0
589557.0
0.0
0.0
0.0
0.0
0.0
0.0
0.0
0.0
0.0
0.0
0.0
0.0
0.0
0.0
0.0
0.0
0.0
0.0
0.0
0.0
0.0
0.0
0.0
0.0
0.0
0.0
0.0
0.0
0.0
0.0
0.0
0.0
0.0
0.0
0.0
0.0
0.0
0.0
0.0
0.0
0.0
0.0
0.0
0.0
0.0
0.0
0.0
0.0
0.0
0.0
0.0
0.0
0.0
0.0
0.0
0.0
0.0
0.0
0.0
0.0
0.0
0.0
0.0
0.0
0.0
0.0
0.0
0.0
0.0
0.0
0.0
0.0
0.0
0.0
0.0
0.0
0.0
0.0
0.0
0.0
0.0
0.0
0.0
0.0
0.0
0.0
0.0
0.0
0.0
0.0
0.0
0.0
0.0
0.0
0.0
0.0
0.0
0.0
0.0
0.0
0.0
0.0
0.0
0.0
0.0
0.0
0.0
0.0
0.0
0.0
0.0
0.0
0.0
0.0
0.0
0.0
0.0
0.0
0.0
0.0
0.0
0.0
0.0
0.0
0.0
0.0
0.0
0.0
0.0
0.0
0.0
0.0
0.0
0.0
0.0
0.0
0.0
0.0
0.0
0.0
0.0
0.0
0.0
0.0
0.0
0.0
0.0
0.0
0.0
0.0
0.0
0.0
0.0
0.0
0.0
0.0
0.0
0.0
0.0
0.0
0.0
0.0
0.0
0.0
0.0
0.0
0.0
0.0
0.0
0.0
0.0
0.0
0.0
0.0
0.0
0.0
0.0
0.0
0.0
0.0
0.0
0.0
0.0
0.0
0.0
0.0
0.0
0.0
0.0
0.0
0.0
0.0
0.0
0.0
0.0
0.0
0.0
0.0
0.0
0.0
0.0
0.0
0.0
0.0
0.0
0.0
0.0
0.0
0.0
0.0
0.0
0.0
0.0
0.0
0.0
0.0
0.0
0.0
0.0
0.0
0.0
0.0
0.0
0.0
0.0
0.0
0.0
0.0
0.0
598377.0
0.0
0.0
0.0
0.0
0.0
0.0
0.0
598460.0
598461.0
0.0
0.0
0.0
0.0
0.0
0.0
0.0
0.0
0.0
0.0
0.0
0.0
0.0
0.0
0.0
0.0
0.0
0.0
0.0
0.0
0.0
0.0
0.0
0.0
0.0
0.0
0.0
0.0
0.0
0.0
0.0
0.0
0.0
0.0
0.0
0.0
0.0
0.0
0.0
0.0
0.0
0.0
0.0
0.0
0.0
0.0
0.0
0.0
0.0
0.0
0.0
0.0
0.0
0.0
0.0
0.0
0.0
0.0
0.0
0.0
0.0
0.0
0.0
0.0
0.0
0.0
0.0
0.0
0.0
0.0
0.0
0.0
0.0
0.0
0.0
0.0
0.0
0.0
0.0
0.0
0.0
0.0
0.0
0.0
0.0
0.0
0.0
0.0
0.0
0.0
0.0
0.0
0.0
0.0
0.0
0.0
0.0
0.0
0.0
0.0
0.0
0.0
0.0
0.0
0.0
0.0
0.0
0.0
0.0
0.0
0.0
0.0
0.0
0.0
0.0
0.0
0.0
0.0
0.0
0.0
0.0
0.0
0.0
0.0
0.0
0.0
0.0
0.0
0.0
0.0
0.0
0.0
0.0
0.0
0.0
0.0
0.0
0.0
0.0
0.0
0.0
0.0
0.0
0.0
0.0
0.0
0.0
0.0
0.0
0.0
0.0
0.0
0.0
0.0
0.0
0.0
0.0
0.0
0.0
0.0
0.0
0.0
0.0
0.0
0.0
0.0
0.0
0.0
0.0
0.0
0.0
0.0
0.0
0.0
0.0
0.0
0.0
0.0
0.0
0.0
0.0
0.0
0.0
0.0
0.0
0.0
0.0
0.0
0.0
0.0
0.0
0.0
0.0
0.0
0.0
0.0
0.0
0.0
0.0
0.0
0.0
0.0
0.0
0.0
0.0
0.0
0.0
0.0
0.0
0.0
0.0
0.0
0.0
0.0
0.0
0.0
0.0
0.0
0.0
0.0
0.0
0.0
0.0
0.0
0.0
0.0
0.0
0.0
0.0
0.0
0.0
0.0
0.0
0.0
0.0
0.0
0.0
0.0
0.0
0.0
0.0
0.0
0.0
0.0
0.0
0.0
0.0
0.0
0.0
0.0
0.0
0.0
0.0
0.0
0.0
0.0
0.0
0.0
0.0
0.0
0.0
0.0
0.0
0.0
0.0
0.0
0.0
0.0
0.0
0.0
0.0
0.0
0.0
0.0
0.0
0.0
0.0
0.0
0.0
0.0
0.0
0.0
0.0
0.0
0.0
0.0
0.0
0.0
0.0
0.0
0.0
0.0
0.0
0.0
0.0
0.0
0.0
0.0
0.0
0.0
0.0
0.0
0.0
0.0
0.0
0.0
0.0
0.0
0.0
0.0
0.0
0.0
0.0
0.0
0.0
0.0
0.0
0.0
0.0
0.0
0.0
0.0
0.0
0.0
0.0
0.0
0.0
0.0
0.0
0.0
0.0
0.0
0.0
0.0
0.0
0.0
0.0
0.0
0.0
0.0
0.0
0.0
0.0
0.0
0.0
0.0
0.0
0.0
0.0
0.0
0.0
0.0
0.0
0.0
0.0
0.0
0.0
0.0
0.0
0.0
0.0
0.0
0.0
0.0
0.0
0.0
0.0
0.0
0.0
0.0
0.0
0.0
0.0
0.0
0.0
0.0
0.0
0.0
0.0
0.0
0.0
0.0
0.0
0.0
0.0
0.0
0.0
0.0
0.0
0.0
0.0
0.0
0.0
0.0
0.0
0.0
0.0
0.0
0.0
0.0
0.0
0.0
0.0
0.0
0.0
0.0
0.0
0.0
0.0
0.0
0.0
0.0
0.0
0.0
0.0
0.0
0.0
0.0
0.0
0.0
0.0
0.0
0.0
0.0
0.0
0.0
0.0
0.0
0.0
0.0
0.0
0.0
0.0
0.0
0.0
0.0
0.0
0.0
0.0
0.0
0.0
0.0
0.0
0.0
0.0
0.0
0.0
0.0
0.0
0.0
0.0
0.0
0.0
0.0
0.0
0.0
0.0
0.0
0.0
0.0
0.0
0.0
0.0
0.0
0.0
0.0
0.0
0.0
0.0
0.0
0.0
0.0
0.0
0.0
0.0
0.0
0.0
0.0
0.0
0.0
0.0
0.0
0.0
0.0
0.0
0.0
0.0
0.0
0.0
0.0
0.0
0.0
0.0
0.0
0.0
0.0
0.0
0.0
0.0
0.0
0.0
0.0
0.0
0.0
0.0
0.0
0.0
0.0
0.0
0.0
0.0
0.0
0.0
0.0
0.0
0.0
0.0
0.0
0.0
0.0
0.0
0.0
0.0
0.0
0.0
0.0
0.0
0.0
0.0
0.0
0.0
0.0
0.0
0.0
0.0
0.0
0.0
0.0
0.0
0.0
0.0
0.0
0.0
0.0
0.0
0.0
0.0
0.0
0.0
0.0
0.0
0.0
0.0
0.0
0.0
0.0
0.0
0.0
0.0
0.0
0.0
0.0
0.0
0.0
0.0
0.0
0.0
0.0
0.0
0.0
0.0
0.0
0.0
0.0
0.0
0.0
0.0
0.0
0.0
0.0
0.0
0.0
0.0
0.0
0.0
0.0
0.0
0.0
0.0
0.0
0.0
0.0
0.0
0.0
0.0
0.0
0.0
0.0
0.0
0.0
0.0
0.0
0.0
0.0
0.0
0.0
0.0
0.0
0.0
0.0
0.0
0.0
0.0
0.0
0.0
0.0
0.0
0.0
0.0
0.0
0.0
0.0
0.0
0.0
0.0
0.0
0.0
0.0
0.0
0.0
0.0
0.0
0.0
0.0
0.0
0.0
0.0
0.0
0.0
0.0
0.0
0.0
0.0
0.0
0.0
0.0
0.0
0.0
0.0
0.0
0.0
0.0
0.0
0.0
0.0
0.0
0.0
0.0
0.0
0.0
0.0
0.0
0.0
0.0
0.0
0.0
0.0
0.0
0.0
0.0
0.0
0.0
0.0
0.0
0.0
0.0
0.0
0.0
0.0
0.0
0.0
0.0
0.0
0.0
0.0
0.0
0.0
0.0
0.0
0.0
0.0
0.0
0.0
0.0
0.0
0.0
0.0
0.0
0.0
0.0
0.0
0.0
0.0
0.0
0.0
0.0
0.0
0.0
0.0
0.0
0.0
0.0
0.0
0.0
0.0
0.0
0.0
0.0
0.0
0.0
0.0
0.0
0.0
0.0
0.0
0.0
0.0
0.0
0.0
0.0
0.0
0.0
0.0
0.0
0.0
0.0
0.0
0.0
0.0
0.0
0.0
0.0
0.0
0.0
0.0
0.0
0.0
0.0
0.0
0.0
0.0
0.0
0.0
0.0
0.0
0.0
0.0
0.0
0.0
0.0
0.0
0.0
0.0
0.0
0.0
0.0
0.0
0.0
0.0
0.0
0.0
0.0
0.0
0.0
0.0
0.0
0.0
0.0
0.0
0.0
0.0
0.0
0.0
0.0
0.0
0.0
0.0
0.0
0.0
0.0
0.0
0.0
0.0
0.0
0.0
0.0
0.0
0.0
0.0
0.0
0.0
0.0
0.0
0.0
0.0
0.0
0.0
0.0
0.0
0.0
0.0
0.0
0.0
0.0
0.0
