88435.0
96901.0
96902.0
96983.0
96984.0
96986.0
97066.0
97067.0
105367.0
105374.0
105450.0
105451.0
105455.0
105456.0
105457.0
105458.0
105459.0
105532.0
105533.0
105534.0
105535.0
105537.0
105538.0
105539.0
105540.0
105541.0
105542.0
105543.0
105615.0
105616.0
105617.0
105618.0
105621.0
105622.0
105623.0
105624.0
105698.0
105699.0
105781.0
105872.0
105954.0
105955.0
106037.0
113840.0
113921.0
113922.0
113923.0
113924.0
113997.0
113998.0
113999.0
114000.0
114003.0
114004.0
114005.0
114006.0
114007.0
114008.0
114082.0
114083.0
114084.0
114086.0
114087.0
114088.0
114089.0
114090.0
114091.0
114166.0
114167.0
114169.0
114170.0
114171.0
114172.0
114173.0
114174.0
114249.0
114250.0
114251.0
114252.0
114253.0
114254.0
114255.0
114256.0
114257.0
114335.0
114420.0
114502.0
114503.0
114504.0
114586.0
114587.0
114668.0
114669.0
114751.0
114752.0
122304.0
122386.0
122387.0
122388.0
122389.0
122470.0
122471.0
122472.0
122473.0
122474.0
122547.0
122548.0
122549.0
122552.0
122553.0
122554.0
122555.0
122556.0
122557.0
122629.0
122630.0
122631.0
122632.0
122634.0
122635.0
122636.0
122637.0
122638.0
122639.0
122640.0
122712.0
122713.0
122715.0
122716.0
122717.0
122718.0
122719.0
122722.0
122723.0
122798.0
122799.0
122800.0
122801.0
122803.0
122804.0
122881.0
122882.0
122883.0
122884.0
122885.0
122886.0
122887.0
122888.0
122889.0
122964.0
122966.0
122967.0
122968.0
123050.0
123052.0
123134.0
123135.0
123136.0
123217.0
123218.0
123219.0
123301.0
123302.0
123384.0
0.0
0.0
0.0
0.0
130934.0
130935.0
130936.0
130937.0
130938.0
130939.0
131017.0
131018.0
131019.0
131020.0
131021.0
131022.0
131023.0
131100.0
131101.0
131102.0
131103.0
131104.0
131105.0
131106.0
131179.0
131180.0
131181.0
131184.0
131185.0
131186.0
131188.0
131189.0
131262.0
131263.0
131264.0
131265.0
131266.0
131267.0
131268.0
131269.0
131271.0
131272.0
131344.0
131345.0
131347.0
131348.0
131349.0
131350.0
131354.0
131355.0
131356.0
131430.0
131432.0
131434.0
131435.0
131436.0
131513.0
131514.0
131515.0
131517.0
131518.0
131519.0
131520.0
131521.0
131596.0
131597.0
131598.0
131599.0
131600.0
131604.0
131682.0
131683.0
131684.0
131685.0
131765.0
131766.0
131767.0
131768.0
131769.0
131848.0
131849.0
131850.0
131851.0
131852.0
131933.0
131934.0
139482.0
139483.0
139484.0
139486.0
139487.0
139488.0
0.0
0.0
139565.0
139566.0
139567.0
139568.0
139569.0
139570.0
139571.0
0.0
0.0
0.0
139645.0
139648.0
139649.0
139650.0
139653.0
139654.0
0.0
0.0
139726.0
139727.0
139731.0
139732.0
139733.0
139734.0
139735.0
139737.0
139738.0
0.0
139808.0
139809.0
139810.0
139812.0
139813.0
139817.0
139818.0
139820.0
139821.0
139891.0
139892.0
139893.0
139894.0
139895.0
139896.0
139897.0
139898.0
139899.0
139900.0
139901.0
139903.0
139904.0
139905.0
139978.0
139979.0
139980.0
139981.0
139982.0
139986.0
139987.0
139988.0
140062.0
140064.0
140065.0
140066.0
140067.0
140145.0
140147.0
140149.0
140150.0
140152.0
140153.0
140228.0
140229.0
140230.0
140232.0
140233.0
140234.0
140236.0
140311.0
140314.0
140315.0
140316.0
140317.0
140397.0
140398.0
140399.0
140400.0
140401.0
140479.0
140480.0
140481.0
140483.0
140484.0
140567.0
0.0
0.0
0.0
0.0
0.0
148027.0
148028.0
148031.0
148032.0
148033.0
148034.0
148036.0
148037.0
148038.0
0.0
148109.0
148110.0
148111.0
148114.0
148115.0
148116.0
148117.0
148118.0
148119.0
148120.0
148121.0
148122.0
0.0
0.0
0.0
148194.0
148196.0
148197.0
148198.0
148199.0
148200.0
148201.0
148202.0
148203.0
148204.0
148205.0
0.0
0.0
0.0
0.0
0.0
0.0
0.0
148277.0
148278.0
148279.0
148280.0
148286.0
148287.0
148288.0
0.0
0.0
0.0
0.0
0.0
0.0
148359.0
148360.0
148361.0
148362.0
148363.0
148364.0
148365.0
148366.0
148367.0
148369.0
148370.0
0.0
0.0
0.0
148441.0
148442.0
148443.0
148445.0
148446.0
148447.0
148449.0
148450.0
148452.0
148453.0
0.0
0.0
0.0
0.0
148524.0
0.0
148528.0
148529.0
148531.0
148532.0
148533.0
148535.0
148536.0
148537.0
0.0
0.0
148606.0
148607.0
0.0
148611.0
148612.0
148613.0
148614.0
148618.0
148619.0
148620.0
148694.0
148695.0
148696.0
148697.0
148698.0
148699.0
148777.0
148778.0
148779.0
148781.0
148782.0
148785.0
148849.0
148860.0
148861.0
148862.0
148864.0
148865.0
148866.0
148932.0
148933.0
148943.0
148944.0
148945.0
148947.0
148948.0
148949.0
148950.0
149026.0
149027.0
149030.0
149031.0
149032.0
149033.0
0.0
0.0
149115.0
149116.0
0.0
0.0
149198.0
149199.0
0.0
0.0
0.0
0.0
0.0
0.0
0.0
0.0
0.0
0.0
0.0
0.0
156495.0
0.0
156576.0
0.0
0.0
156581.0
156582.0
156583.0
156586.0
0.0
0.0
156659.0
156660.0
156661.0
156663.0
156664.0
156665.0
156666.0
156668.0
156669.0
156670.0
156671.0
156672.0
0.0
0.0
0.0
0.0
156742.0
156743.0
156744.0
156746.0
156747.0
156748.0
156749.0
156750.0
156751.0
156752.0
156753.0
156754.0
0.0
0.0
0.0
0.0
156824.0
156825.0
156826.0
156829.0
156830.0
156832.0
156833.0
156835.0
156836.0
156837.0
156838.0
0.0
0.0
0.0
0.0
0.0
0.0
0.0
156909.0
156910.0
156911.0
156912.0
156918.0
156919.0
156920.0
156921.0
0.0
0.0
0.0
0.0
0.0
156991.0
156992.0
156993.0
156994.0
156995.0
156996.0
156997.0
156998.0
156999.0
157001.0
157002.0
157003.0
0.0
0.0
0.0
0.0
0.0
0.0
157074.0
157075.0
157077.0
157078.0
157079.0
157080.0
157081.0
157082.0
157084.0
157085.0
0.0
0.0
0.0
157151.0
0.0
0.0
0.0
0.0
0.0
157157.0
157158.0
157159.0
157160.0
157161.0
157163.0
157164.0
157165.0
157167.0
157168.0
0.0
0.0
157234.0
157235.0
0.0
0.0
0.0
157239.0
157240.0
157241.0
157242.0
157243.0
157244.0
157245.0
157246.0
157247.0
157250.0
157251.0
157252.0
157317.0
0.0
0.0
0.0
0.0
157322.0
157323.0
157324.0
157325.0
157326.0
157327.0
157328.0
157329.0
157331.0
157398.0
157399.0
0.0
0.0
0.0
157407.0
157409.0
157410.0
157411.0
157413.0
157414.0
157415.0
157480.0
157481.0
157482.0
157483.0
0.0
0.0
157492.0
157493.0
157494.0
157496.0
157497.0
157498.0
157563.0
157564.0
157565.0
157566.0
0.0
0.0
157575.0
157576.0
157577.0
157579.0
157580.0
157581.0
157582.0
157646.0
157647.0
157648.0
157649.0
0.0
0.0
0.0
0.0
157658.0
157663.0
157664.0
157665.0
0.0
0.0
0.0
0.0
0.0
157747.0
157748.0
0.0
0.0
0.0
0.0
0.0
0.0
0.0
0.0
0.0
0.0
0.0
0.0
0.0
0.0
0.0
0.0
0.0
0.0
0.0
0.0
0.0
0.0
0.0
0.0
0.0
0.0
0.0
0.0
0.0
165127.0
165128.0
165130.0
165131.0
165132.0
165134.0
165135.0
165136.0
0.0
0.0
0.0
165210.0
165211.0
165212.0
165213.0
165214.0
165215.0
165216.0
165217.0
165218.0
165219.0
165220.0
0.0
0.0
0.0
0.0
165292.0
165293.0
165294.0
165295.0
165296.0
165297.0
165298.0
165299.0
165300.0
165301.0
165302.0
165303.0
165304.0
0.0
0.0
0.0
0.0
0.0
165375.0
165376.0
165377.0
165379.0
165380.0
165381.0
165382.0
165383.0
0.0
0.0
0.0
0.0
0.0
0.0
0.0
165457.0
165458.0
165461.0
165462.0
165463.0
0.0
0.0
0.0
0.0
0.0
0.0
0.0
0.0
165541.0
165542.0
165543.0
165544.0
165545.0
165552.0
165553.0
0.0
0.0
0.0
0.0
0.0
0.0
165624.0
165625.0
165626.0
165627.0
165629.0
165630.0
165631.0
165633.0
165634.0
165635.0
165636.0
0.0
165700.0
0.0
0.0
0.0
0.0
0.0
165706.0
165707.0
165708.0
165709.0
165710.0
165711.0
165712.0
165713.0
165714.0
165716.0
165717.0
165718.0
0.0
0.0
165783.0
165784.0
0.0
0.0
0.0
165789.0
165790.0
165792.0
165793.0
165794.0
165795.0
165796.0
165797.0
165799.0
165800.0
0.0
0.0
0.0
165866.0
165867.0
0.0
165871.0
165872.0
165873.0
165874.0
165875.0
165876.0
165878.0
165879.0
165880.0
165882.0
165883.0
0.0
165947.0
165948.0
165949.0
165950.0
0.0
0.0
0.0
165954.0
165955.0
165956.0
165957.0
165958.0
165959.0
165960.0
165961.0
165962.0
166029.0
166030.0
166031.0
166032.0
0.0
0.0
0.0
0.0
166037.0
166038.0
166039.0
166040.0
166041.0
166042.0
166043.0
166044.0
166046.0
166047.0
166112.0
166113.0
166114.0
166115.0
0.0
0.0
0.0
0.0
166122.0
166125.0
166126.0
166129.0
166130.0
166194.0
166195.0
166196.0
166197.0
166198.0
0.0
0.0
0.0
0.0
0.0
0.0
166208.0
166209.0
166212.0
166213.0
166277.0
166278.0
166279.0
166280.0
166281.0
166282.0
0.0
0.0
0.0
166294.0
166295.0
166296.0
166360.0
166361.0
166362.0
0.0
0.0
0.0
0.0
0.0
0.0
0.0
0.0
0.0
0.0
0.0
0.0
0.0
0.0
0.0
0.0
0.0
0.0
0.0
0.0
0.0
0.0
0.0
0.0
0.0
0.0
0.0
0.0
0.0
0.0
0.0
0.0
0.0
0.0
0.0
0.0
0.0
0.0
0.0
0.0
0.0
0.0
0.0
0.0
0.0
0.0
0.0
0.0
173679.0
173680.0
173681.0
173684.0
173685.0
0.0
0.0
0.0
0.0
173759.0
173760.0
173761.0
173762.0
173763.0
173764.0
173765.0
173767.0
173768.0
0.0
0.0
0.0
0.0
0.0
0.0
173843.0
173844.0
173845.0
173846.0
173847.0
173848.0
173849.0
173850.0
173851.0
173852.0
0.0
0.0
0.0
0.0
0.0
0.0
0.0
0.0
173924.0
173925.0
173926.0
173927.0
173928.0
173929.0
173930.0
173931.0
173933.0
173934.0
173935.0
0.0
0.0
0.0
0.0
0.0
0.0
0.0
0.0
174006.0
174007.0
174008.0
174009.0
174010.0
174011.0
174012.0
0.0
0.0
174017.0
0.0
0.0
0.0
0.0
0.0
0.0
0.0
174089.0
174090.0
174092.0
174093.0
174094.0
174095.0
0.0
0.0
0.0
0.0
0.0
0.0
0.0
0.0
0.0
0.0
0.0
0.0
174173.0
174174.0
174175.0
174176.0
174177.0
174178.0
0.0
0.0
0.0
0.0
0.0
0.0
0.0
0.0
0.0
0.0
0.0
0.0
174256.0
174257.0
174258.0
174259.0
174262.0
0.0
0.0
0.0
0.0
0.0
174332.0
0.0
0.0
0.0
0.0
174338.0
174339.0
174340.0
174341.0
174342.0
174343.0
174344.0
174345.0
174346.0
174348.0
174349.0
174350.0
0.0
0.0
174415.0
174416.0
0.0
0.0
0.0
174421.0
174422.0
174423.0
174425.0
174426.0
174427.0
174428.0
174429.0
174431.0
174432.0
174433.0
174434.0
0.0
174496.0
174497.0
174498.0
174499.0
174500.0
174504.0
174505.0
174506.0
174507.0
174508.0
174511.0
174512.0
174515.0
174516.0
174579.0
174580.0
174581.0
174582.0
0.0
0.0
174586.0
174587.0
174588.0
174589.0
174590.0
174591.0
174592.0
174593.0
174661.0
174662.0
174663.0
174664.0
174665.0
0.0
0.0
0.0
174670.0
174671.0
174672.0
174674.0
174675.0
174676.0
174744.0
174745.0
174746.0
174747.0
0.0
0.0
0.0
0.0
0.0
174754.0
174755.0
174757.0
174758.0
174759.0
174761.0
174762.0
174826.0
174827.0
174829.0
174830.0
0.0
0.0
0.0
0.0
0.0
0.0
174840.0
174841.0
174844.0
174845.0
174909.0
174910.0
174911.0
174913.0
174914.0
0.0
0.0
0.0
0.0
0.0
174926.0
174927.0
174992.0
174993.0
174994.0
0.0
0.0
0.0
0.0
0.0
0.0
0.0
175075.0
175076.0
175077.0
0.0
0.0
0.0
0.0
0.0
0.0
0.0
0.0
0.0
175158.0
0.0
175160.0
0.0
0.0
0.0
0.0
0.0
0.0
0.0
0.0
0.0
0.0
0.0
0.0
0.0
0.0
0.0
0.0
0.0
0.0
0.0
0.0
0.0
0.0
0.0
0.0
0.0
0.0
0.0
0.0
0.0
0.0
0.0
0.0
0.0
0.0
0.0
0.0
0.0
0.0
0.0
0.0
0.0
0.0
0.0
0.0
0.0
0.0
0.0
182227.0
182228.0
182229.0
0.0
0.0
0.0
0.0
0.0
0.0
0.0
182310.0
182311.0
182312.0
0.0
0.0
0.0
0.0
0.0
0.0
0.0
0.0
0.0
182392.0
182393.0
182394.0
182395.0
182396.0
0.0
182400.0
0.0
0.0
0.0
0.0
0.0
0.0
0.0
0.0
182475.0
182476.0
182477.0
182478.0
0.0
182482.0
182483.0
0.0
0.0
0.0
0.0
0.0
0.0
182559.0
182560.0
182561.0
182564.0
182565.0
182566.0
0.0
0.0
0.0
0.0
0.0
0.0
0.0
182639.0
182640.0
182641.0
182642.0
182643.0
182644.0
0.0
0.0
0.0
0.0
0.0
0.0
0.0
0.0
182721.0
182722.0
182723.0
182724.0
182725.0
182726.0
182727.0
0.0
0.0
0.0
0.0
0.0
0.0
0.0
0.0
0.0
0.0
0.0
0.0
182805.0
182806.0
182807.0
182808.0
182809.0
182810.0
0.0
0.0
0.0
0.0
0.0
0.0
0.0
0.0
0.0
0.0
0.0
0.0
0.0
0.0
182888.0
182889.0
182890.0
182891.0
0.0
0.0
0.0
0.0
0.0
0.0
182963.0
182964.0
0.0
0.0
0.0
182971.0
182972.0
182973.0
182974.0
182975.0
182976.0
0.0
0.0
0.0
183046.0
183047.0
183048.0
0.0
0.0
0.0
183053.0
183054.0
183055.0
183056.0
183058.0
183059.0
183065.0
183066.0
0.0
183128.0
183129.0
183130.0
183131.0
183132.0
183136.0
183137.0
183138.0
183139.0
183140.0
183141.0
183143.0
183144.0
183211.0
183212.0
183213.0
183214.0
183215.0
0.0
183218.0
183219.0
183220.0
183221.0
183222.0
183223.0
183224.0
183225.0
183226.0
183227.0
183293.0
183294.0
183295.0
183296.0
183297.0
183298.0
0.0
0.0
183302.0
183303.0
183304.0
183305.0
183306.0
183307.0
183308.0
183309.0
183376.0
183377.0
183378.0
183379.0
183380.0
183381.0
0.0
0.0
183386.0
183387.0
183390.0
183391.0
183394.0
183459.0
183460.0
183462.0
0.0
0.0
0.0
0.0
183473.0
183541.0
183542.0
183545.0
183546.0
0.0
0.0
0.0
0.0
0.0
0.0
183624.0
183625.0
183626.0
0.0
0.0
0.0
0.0
0.0
0.0
0.0
0.0
0.0
183707.0
183708.0
183709.0
183710.0
0.0
0.0
0.0
0.0
0.0
0.0
0.0
0.0
183790.0
183791.0
0.0
0.0
0.0
0.0
0.0
0.0
0.0
0.0
0.0
183872.0
0.0
0.0
0.0
0.0
0.0
0.0
0.0
0.0
0.0
0.0
0.0
0.0
0.0
0.0
0.0
0.0
0.0
0.0
0.0
0.0
0.0
0.0
0.0
0.0
0.0
0.0
0.0
0.0
0.0
0.0
0.0
0.0
0.0
0.0
0.0
0.0
0.0
0.0
0.0
0.0
0.0
0.0
0.0
0.0
0.0
0.0
0.0
0.0
0.0
190776.0
190777.0
0.0
0.0
0.0
0.0
0.0
0.0
190859.0
190860.0
0.0
0.0
0.0
0.0
0.0
0.0
0.0
0.0
0.0
190942.0
190943.0
0.0
0.0
0.0
0.0
0.0
0.0
0.0
0.0
0.0
0.0
0.0
191024.0
191025.0
191026.0
191027.0
0.0
0.0
0.0
0.0
0.0
0.0
0.0
0.0
0.0
0.0
0.0
0.0
0.0
0.0
191105.0
191106.0
191107.0
191108.0
191109.0
191110.0
0.0
0.0
0.0
0.0
0.0
0.0
0.0
0.0
0.0
0.0
0.0
0.0
191191.0
191192.0
191193.0
0.0
0.0
0.0
0.0
0.0
0.0
0.0
0.0
0.0
0.0
0.0
191271.0
191272.0
191274.0
191275.0
191276.0
0.0
0.0
0.0
0.0
0.0
0.0
0.0
0.0
0.0
0.0
191354.0
191355.0
191356.0
191358.0
191359.0
0.0
0.0
0.0
0.0
0.0
0.0
0.0
0.0
0.0
0.0
0.0
0.0
0.0
191437.0
191438.0
191439.0
191440.0
0.0
0.0
0.0
0.0
0.0
0.0
0.0
0.0
0.0
0.0
0.0
0.0
0.0
191520.0
191521.0
191522.0
191523.0
0.0
0.0
0.0
0.0
0.0
191595.0
191596.0
0.0
0.0
0.0
0.0
191603.0
191604.0
191605.0
191606.0
191607.0
0.0
0.0
191678.0
191679.0
191680.0
0.0
0.0
191685.0
191686.0
191687.0
191688.0
191690.0
191691.0
191692.0
191693.0
191760.0
191761.0
191762.0
191763.0
191764.0
191768.0
191769.0
191770.0
191771.0
191774.0
191775.0
191776.0
191843.0
191844.0
191845.0
191846.0
191847.0
191850.0
191851.0
191852.0
191853.0
191854.0
191855.0
191856.0
191858.0
191859.0
191925.0
191926.0
191928.0
191929.0
191930.0
0.0
191933.0
191934.0
191935.0
191936.0
191937.0
191938.0
191939.0
191940.0
191941.0
192008.0
192009.0
192011.0
192012.0
192013.0
0.0
0.0
192017.0
192018.0
192019.0
192020.0
192022.0
192023.0
192091.0
192092.0
192094.0
192095.0
192096.0
0.0
0.0
0.0
192102.0
192174.0
192175.0
192177.0
192178.0
0.0
0.0
0.0
0.0
0.0
0.0
192256.0
192257.0
192261.0
0.0
0.0
0.0
0.0
0.0
0.0
0.0
192339.0
192340.0
0.0
0.0
0.0
0.0
0.0
0.0
0.0
0.0
192422.0
192423.0
0.0
0.0
0.0
0.0
0.0
0.0
0.0
0.0
192504.0
192505.0
0.0
0.0
0.0
0.0
0.0
0.0
0.0
0.0
0.0
0.0
0.0
0.0
0.0
0.0
0.0
0.0
0.0
0.0
0.0
0.0
0.0
0.0
0.0
0.0
0.0
0.0
0.0
0.0
0.0
0.0
0.0
0.0
0.0
0.0
0.0
0.0
0.0
0.0
0.0
0.0
0.0
0.0
0.0
0.0
0.0
0.0
0.0
0.0
0.0
0.0
199408.0
199409.0
0.0
0.0
0.0
0.0
0.0
0.0
0.0
0.0
0.0
199491.0
199492.0
0.0
0.0
0.0
0.0
0.0
0.0
0.0
199571.0
199572.0
199574.0
199575.0
0.0
0.0
0.0
0.0
0.0
0.0
0.0
0.0
0.0
0.0
0.0
0.0
0.0
199654.0
199655.0
199656.0
199657.0
199658.0
0.0
0.0
0.0
0.0
0.0
0.0
0.0
0.0
0.0
0.0
0.0
0.0
0.0
0.0
0.0
199737.0
199738.0
199739.0
199740.0
199741.0
199742.0
0.0
0.0
0.0
0.0
0.0
0.0
0.0
0.0
0.0
0.0
0.0
0.0
0.0
0.0
0.0
199822.0
199823.0
199824.0
199825.0
0.0
0.0
0.0
0.0
0.0
0.0
0.0
0.0
0.0
0.0
0.0
0.0
199903.0
199907.0
199908.0
0.0
0.0
0.0
0.0
0.0
0.0
0.0
0.0
0.0
0.0
0.0
0.0
199986.0
199987.0
0.0
0.0
0.0
0.0
0.0
0.0
0.0
0.0
0.0
0.0
0.0
200069.0
200070.0
200071.0
0.0
0.0
0.0
0.0
200144.0
0.0
0.0
0.0
0.0
0.0
0.0
200152.0
200153.0
200154.0
200155.0
0.0
200227.0
0.0
0.0
0.0
0.0
200236.0
200237.0
200238.0
200239.0
200309.0
200310.0
200311.0
200312.0
0.0
200318.0
200319.0
200320.0
200321.0
200322.0
200323.0
200324.0
200392.0
200393.0
200394.0
200395.0
200396.0
200400.0
200401.0
200402.0
200403.0
200404.0
200406.0
200407.0
200475.0
200476.0
200477.0
200478.0
200479.0
200484.0
200485.0
200486.0
200487.0
200488.0
200489.0
200490.0
200557.0
200558.0
200559.0
200560.0
200561.0
200562.0
200565.0
200566.0
200567.0
200568.0
200569.0
200570.0
200571.0
200572.0
200573.0
200641.0
200642.0
200643.0
200644.0
200645.0
0.0
0.0
200649.0
200650.0
200651.0
200652.0
200653.0
200654.0
200655.0
200724.0
200727.0
200728.0
0.0
0.0
0.0
200734.0
200806.0
200807.0
200810.0
0.0
0.0
0.0
0.0
0.0
0.0
0.0
0.0
200893.0
0.0
0.0
0.0
0.0
0.0
200971.0
200972.0
0.0
0.0
0.0
0.0
0.0
201054.0
201055.0
201056.0
0.0
0.0
201137.0
201138.0
0.0
0.0
0.0
0.0
0.0
0.0
0.0
0.0
0.0
0.0
0.0
0.0
0.0
0.0
0.0
0.0
0.0
0.0
0.0
0.0
0.0
0.0
0.0
0.0
0.0
0.0
0.0
0.0
0.0
0.0
0.0
0.0
0.0
0.0
0.0
0.0
0.0
0.0
0.0
0.0
0.0
0.0
0.0
207957.0
0.0
0.0
0.0
0.0
0.0
0.0
0.0
208040.0
208041.0
0.0
0.0
0.0
0.0
0.0
0.0
0.0
208122.0
208123.0
0.0
0.0
0.0
0.0
0.0
0.0
0.0
208203.0
0.0
208205.0
208206.0
0.0
0.0
0.0
0.0
0.0
0.0
0.0
0.0
0.0
0.0
208285.0
208286.0
208287.0
208288.0
208289.0
208290.0
0.0
0.0
0.0
0.0
0.0
0.0
0.0
0.0
0.0
0.0
0.0
0.0
0.0
0.0
0.0
0.0
208368.0
208369.0
208370.0
208371.0
208372.0
208373.0
0.0
0.0
0.0
0.0
0.0
0.0
0.0
0.0
0.0
0.0
0.0
0.0
0.0
0.0
0.0
208452.0
208453.0
208454.0
208455.0
208456.0
0.0
0.0
0.0
0.0
0.0
0.0
0.0
0.0
0.0
0.0
0.0
0.0
0.0
0.0
0.0
0.0
0.0
0.0
0.0
0.0
0.0
0.0
0.0
0.0
0.0
0.0
0.0
0.0
0.0
0.0
0.0
0.0
0.0
0.0
0.0
0.0
0.0
0.0
0.0
0.0
208702.0
208703.0
0.0
0.0
0.0
0.0
0.0
0.0
0.0
0.0
208776.0
208777.0
0.0
0.0
0.0
0.0
0.0
208785.0
208786.0
208787.0
0.0
0.0
0.0
0.0
0.0
0.0
208859.0
208860.0
0.0
208868.0
208869.0
208870.0
208871.0
0.0
0.0
0.0
0.0
0.0
0.0
208941.0
208942.0
208943.0
208952.0
208953.0
208954.0
208955.0
0.0
0.0
0.0
0.0
209024.0
209025.0
209026.0
209033.0
209034.0
209035.0
209036.0
209037.0
209038.0
209107.0
209108.0
209116.0
209117.0
209118.0
209119.0
209120.0
209121.0
209122.0
209190.0
209191.0
209199.0
209200.0
209201.0
209202.0
209203.0
209204.0
209273.0
209274.0
209282.0
209283.0
209284.0
209285.0
209286.0
209356.0
209357.0
0.0
0.0
0.0
0.0
0.0
0.0
209604.0
0.0
0.0
209687.0
209688.0
209769.0
209770.0
0.0
0.0
0.0
0.0
0.0
0.0
0.0
0.0
0.0
0.0
0.0
0.0
0.0
0.0
0.0
0.0
0.0
0.0
0.0
0.0
0.0
0.0
0.0
0.0
0.0
0.0
0.0
0.0
0.0
0.0
0.0
0.0
0.0
0.0
0.0
0.0
0.0
0.0
0.0
0.0
0.0
0.0
0.0
0.0
0.0
0.0
0.0
0.0
0.0
0.0
0.0
0.0
0.0
0.0
0.0
0.0
0.0
0.0
0.0
0.0
0.0
0.0
0.0
0.0
0.0
0.0
0.0
216672.0
0.0
0.0
0.0
0.0
0.0
0.0
0.0
0.0
0.0
0.0
216754.0
216755.0
216756.0
0.0
0.0
0.0
0.0
0.0
0.0
0.0
216837.0
216838.0
0.0
0.0
0.0
0.0
0.0
216917.0
216918.0
216920.0
216921.0
0.0
0.0
0.0
0.0
0.0
0.0
0.0
217000.0
217001.0
217002.0
217003.0
217004.0
0.0
0.0
0.0
0.0
0.0
0.0
0.0
217084.0
217086.0
217087.0
0.0
0.0
0.0
0.0
0.0
0.0
0.0
0.0
0.0
0.0
0.0
0.0
0.0
0.0
0.0
0.0
0.0
0.0
0.0
0.0
0.0
0.0
0.0
0.0
0.0
0.0
0.0
0.0
0.0
0.0
0.0
0.0
0.0
0.0
0.0
0.0
0.0
0.0
0.0
0.0
0.0
217491.0
217492.0
0.0
0.0
0.0
0.0
0.0
0.0
0.0
217573.0
217574.0
217575.0
0.0
0.0
0.0
0.0
0.0
0.0
0.0
217657.0
217658.0
0.0
0.0
0.0
0.0
0.0
217740.0
0.0
0.0
0.0
0.0
0.0
0.0
217822.0
0.0
0.0
0.0
0.0
0.0
217905.0
217906.0
217907.0
217988.0
217989.0
217990.0
218071.0
218072.0
218073.0
0.0
218156.0
0.0
0.0
0.0
0.0
0.0
0.0
0.0
0.0
0.0
0.0
0.0
0.0
0.0
0.0
0.0
0.0
0.0
0.0
0.0
0.0
0.0
0.0
0.0
0.0
0.0
0.0
0.0
0.0
0.0
0.0
0.0
0.0
0.0
0.0
0.0
0.0
0.0
0.0
0.0
0.0
0.0
0.0
0.0
0.0
0.0
0.0
0.0
0.0
0.0
0.0
0.0
0.0
0.0
0.0
0.0
0.0
0.0
0.0
0.0
0.0
0.0
0.0
0.0
0.0
0.0
0.0
0.0
0.0
0.0
0.0
0.0
0.0
0.0
0.0
0.0
0.0
0.0
0.0
0.0
0.0
0.0
0.0
0.0
0.0
0.0
0.0
0.0
0.0
0.0
0.0
0.0
0.0
0.0
0.0
0.0
0.0
0.0
0.0
0.0
0.0
0.0
0.0
0.0
0.0
0.0
0.0
0.0
0.0
0.0
0.0
0.0
0.0
0.0
0.0
0.0
225387.0
0.0
0.0
0.0
0.0
0.0
0.0
0.0
0.0
225469.0
225470.0
0.0
0.0
0.0
225552.0
0.0
0.0
0.0
0.0
225632.0
225634.0
225635.0
0.0
0.0
0.0
0.0
0.0
0.0
0.0
0.0
0.0
0.0
0.0
0.0
0.0
0.0
0.0
0.0
0.0
0.0
0.0
0.0
0.0
0.0
0.0
0.0
0.0
0.0
0.0
0.0
0.0
0.0
0.0
0.0
0.0
0.0
0.0
0.0
0.0
0.0
0.0
0.0
0.0
0.0
0.0
0.0
0.0
0.0
0.0
0.0
0.0
0.0
0.0
0.0
226123.0
226124.0
0.0
0.0
0.0
0.0
0.0
0.0
226206.0
226207.0
0.0
0.0
0.0
0.0
0.0
0.0
0.0
0.0
226289.0
0.0
0.0
0.0
0.0
0.0
0.0
0.0
0.0
0.0
0.0
0.0
0.0
0.0
0.0
0.0
0.0
0.0
0.0
0.0
0.0
0.0
0.0
0.0
0.0
0.0
0.0
226538.0
226539.0
0.0
0.0
0.0
0.0
226621.0
226622.0
0.0
0.0
0.0
226704.0
226705.0
0.0
0.0
0.0
0.0
0.0
226788.0
0.0
0.0
0.0
0.0
0.0
0.0
0.0
0.0
0.0
0.0
0.0
0.0
0.0
0.0
0.0
0.0
0.0
0.0
0.0
0.0
0.0
0.0
0.0
0.0
0.0
0.0
0.0
0.0
0.0
0.0
0.0
0.0
0.0
0.0
0.0
0.0
0.0
0.0
0.0
0.0
0.0
0.0
0.0
0.0
0.0
0.0
0.0
0.0
0.0
0.0
0.0
0.0
0.0
0.0
0.0
0.0
0.0
0.0
0.0
0.0
0.0
0.0
0.0
0.0
0.0
0.0
0.0
0.0
0.0
0.0
0.0
0.0
0.0
0.0
0.0
0.0
0.0
0.0
0.0
0.0
0.0
0.0
0.0
0.0
0.0
0.0
0.0
0.0
0.0
0.0
0.0
0.0
0.0
0.0
0.0
0.0
0.0
0.0
0.0
0.0
0.0
0.0
0.0
0.0
0.0
0.0
0.0
0.0
0.0
0.0
0.0
0.0
0.0
0.0
0.0
0.0
0.0
0.0
0.0
0.0
0.0
0.0
0.0
0.0
0.0
0.0
0.0
0.0
234184.0
0.0
0.0
0.0
0.0
0.0
0.0
234267.0
0.0
0.0
0.0
0.0
0.0
0.0
0.0
0.0
0.0
0.0
0.0
0.0
0.0
0.0
0.0
0.0
0.0
0.0
0.0
0.0
0.0
0.0
0.0
0.0
0.0
0.0
0.0
0.0
0.0
0.0
0.0
0.0
0.0
0.0
0.0
0.0
0.0
0.0
0.0
0.0
0.0
0.0
0.0
0.0
234754.0
234755.0
234756.0
0.0
0.0
0.0
0.0
0.0
0.0
0.0
234838.0
0.0
0.0
0.0
0.0
0.0
0.0
0.0
0.0
0.0
234920.0
0.0
0.0
0.0
0.0
0.0
0.0
0.0
0.0
0.0
0.0
0.0
0.0
0.0
0.0
0.0
0.0
0.0
0.0
0.0
0.0
0.0
0.0
0.0
0.0
0.0
0.0
235171.0
0.0
0.0
0.0
235253.0
235254.0
0.0
0.0
235336.0
0.0
0.0
0.0
0.0
0.0
0.0
0.0
0.0
0.0
0.0
0.0
0.0
0.0
0.0
0.0
0.0
0.0
0.0
0.0
0.0
0.0
0.0
0.0
0.0
0.0
0.0
0.0
0.0
0.0
0.0
0.0
0.0
0.0
0.0
0.0
0.0
0.0
0.0
0.0
0.0
0.0
0.0
0.0
0.0
0.0
0.0
0.0
0.0
0.0
0.0
0.0
0.0
0.0
0.0
0.0
0.0
0.0
0.0
0.0
0.0
0.0
0.0
0.0
0.0
0.0
0.0
0.0
0.0
0.0
0.0
0.0
0.0
0.0
0.0
0.0
0.0
0.0
0.0
0.0
0.0
0.0
0.0
0.0
0.0
0.0
0.0
0.0
0.0
0.0
0.0
0.0
0.0
0.0
0.0
0.0
0.0
0.0
0.0
0.0
0.0
0.0
0.0
0.0
0.0
0.0
0.0
0.0
0.0
0.0
0.0
0.0
0.0
0.0
0.0
0.0
0.0
0.0
0.0
0.0
0.0
0.0
0.0
0.0
0.0
0.0
0.0
0.0
0.0
0.0
0.0
0.0
0.0
0.0
0.0
0.0
0.0
0.0
0.0
0.0
0.0
0.0
243303.0
0.0
0.0
0.0
0.0
0.0
0.0
0.0
0.0
0.0
0.0
0.0
0.0
243386.0
243387.0
0.0
0.0
0.0
0.0
0.0
0.0
0.0
0.0
0.0
0.0
0.0
0.0
243469.0
243470.0
0.0
0.0
0.0
0.0
0.0
0.0
0.0
0.0
0.0
0.0
0.0
0.0
0.0
0.0
0.0
0.0
0.0
0.0
0.0
0.0
0.0
0.0
0.0
0.0
0.0
0.0
0.0
0.0
243803.0
0.0
0.0
0.0
0.0
0.0
0.0
0.0
0.0
0.0
0.0
0.0
0.0
0.0
0.0
0.0
0.0
0.0
0.0
0.0
0.0
0.0
0.0
0.0
0.0
0.0
0.0
0.0
0.0
0.0
0.0
0.0
0.0
0.0
0.0
0.0
0.0
0.0
0.0
0.0
0.0
0.0
0.0
0.0
0.0
0.0
0.0
0.0
0.0
0.0
0.0
0.0
0.0
0.0
0.0
0.0
0.0
0.0
0.0
0.0
0.0
0.0
0.0
0.0
0.0
0.0
0.0
0.0
0.0
0.0
0.0
0.0
0.0
0.0
0.0
0.0
0.0
0.0
0.0
0.0
0.0
0.0
0.0
0.0
0.0
0.0
0.0
0.0
0.0
0.0
0.0
0.0
0.0
0.0
0.0
0.0
0.0
0.0
0.0
0.0
0.0
0.0
0.0
0.0
0.0
0.0
0.0
0.0
0.0
0.0
0.0
0.0
0.0
0.0
0.0
0.0
0.0
0.0
0.0
0.0
0.0
0.0
0.0
0.0
0.0
0.0
0.0
0.0
0.0
0.0
0.0
0.0
0.0
0.0
0.0
0.0
0.0
0.0
252018.0
0.0
0.0
0.0
0.0
0.0
0.0
0.0
0.0
0.0
0.0
0.0
0.0
0.0
0.0
0.0
0.0
0.0
0.0
0.0
0.0
0.0
0.0
0.0
0.0
0.0
0.0
0.0
0.0
0.0
0.0
0.0
0.0
0.0
0.0
0.0
0.0
0.0
0.0
0.0
0.0
0.0
0.0
0.0
0.0
0.0
0.0
0.0
0.0
0.0
0.0
0.0
0.0
0.0
0.0
0.0
0.0
0.0
0.0
0.0
0.0
0.0
0.0
0.0
0.0
0.0
0.0
0.0
0.0
0.0
0.0
0.0
0.0
0.0
0.0
0.0
0.0
0.0
0.0
0.0
0.0
0.0
0.0
0.0
0.0
0.0
0.0
0.0
0.0
0.0
0.0
0.0
0.0
0.0
0.0
0.0
0.0
0.0
0.0
0.0
0.0
0.0
0.0
0.0
0.0
0.0
0.0
0.0
0.0
0.0
0.0
0.0
0.0
0.0
0.0
0.0
0.0
0.0
0.0
0.0
0.0
0.0
0.0
0.0
0.0
0.0
0.0
0.0
0.0
0.0
0.0
0.0
0.0
0.0
0.0
0.0
0.0
0.0
0.0
0.0
0.0
0.0
0.0
0.0
0.0
0.0
0.0
0.0
0.0
0.0
0.0
0.0
0.0
0.0
0.0
0.0
0.0
0.0
0.0
0.0
0.0
0.0
0.0
0.0
0.0
0.0
0.0
0.0
0.0
0.0
0.0
0.0
0.0
0.0
0.0
0.0
0.0
0.0
0.0
0.0
0.0
0.0
0.0
0.0
0.0
0.0
0.0
0.0
0.0
0.0
0.0
0.0
0.0
0.0
0.0
0.0
0.0
0.0
0.0
0.0
0.0
0.0
0.0
0.0
0.0
0.0
0.0
0.0
0.0
0.0
0.0
0.0
0.0
0.0
0.0
0.0
0.0
0.0
0.0
0.0
0.0
0.0
0.0
0.0
0.0
0.0
0.0
0.0
0.0
0.0
0.0
0.0
0.0
0.0
0.0
0.0
0.0
0.0
0.0
0.0
0.0
0.0
0.0
0.0
0.0
0.0
0.0
0.0
0.0
0.0
0.0
0.0
0.0
0.0
0.0
0.0
0.0
0.0
0.0
0.0
0.0
0.0
0.0
0.0
0.0
0.0
0.0
0.0
0.0
0.0
0.0
0.0
0.0
0.0
0.0
0.0
0.0
0.0
0.0
0.0
0.0
0.0
0.0
0.0
0.0
0.0
0.0
0.0
0.0
0.0
0.0
0.0
0.0
0.0
0.0
0.0
0.0
0.0
0.0
0.0
0.0
0.0
0.0
0.0
0.0
0.0
0.0
0.0
0.0
0.0
0.0
0.0
0.0
0.0
0.0
0.0
0.0
0.0
0.0
0.0
0.0
0.0
0.0
0.0
0.0
0.0
0.0
0.0
0.0
0.0
0.0
0.0
0.0
0.0
0.0
0.0
0.0
0.0
0.0
0.0
0.0
0.0
0.0
0.0
0.0
0.0
0.0
0.0
0.0
0.0
0.0
0.0
0.0
0.0
0.0
0.0
0.0
0.0
0.0
0.0
0.0
0.0
0.0
0.0
0.0
0.0
0.0
0.0
0.0
0.0
0.0
0.0
0.0
0.0
0.0
0.0
0.0
0.0
0.0
0.0
0.0
0.0
0.0
0.0
0.0
0.0
0.0
0.0
0.0
0.0
0.0
0.0
0.0
0.0
0.0
0.0
0.0
0.0
0.0
0.0
0.0
0.0
0.0
0.0
0.0
0.0
0.0
0.0
0.0
0.0
0.0
0.0
0.0
0.0
0.0
0.0
0.0
0.0
0.0
0.0
0.0
0.0
0.0
0.0
0.0
0.0
0.0
0.0
0.0
0.0
0.0
0.0
0.0
0.0
0.0
0.0
0.0
0.0
0.0
0.0
0.0
0.0
0.0
0.0
0.0
0.0
0.0
0.0
0.0
0.0
0.0
0.0
0.0
0.0
0.0
0.0
0.0
0.0
0.0
0.0
0.0
0.0
0.0
0.0
0.0
0.0
0.0
0.0
0.0
0.0
0.0
0.0
0.0
0.0
0.0
0.0
0.0
0.0
0.0
0.0
0.0
0.0
0.0
0.0
0.0
0.0
0.0
0.0
0.0
0.0
0.0
0.0
0.0
0.0
0.0
0.0
0.0
0.0
0.0
0.0
0.0
0.0
0.0
0.0
0.0
0.0
0.0
0.0
0.0
0.0
0.0
0.0
0.0
0.0
0.0
0.0
0.0
0.0
0.0
0.0
0.0
0.0
0.0
0.0
0.0
0.0
0.0
0.0
0.0
0.0
0.0
0.0
0.0
0.0
0.0
0.0
0.0
0.0
0.0
0.0
0.0
0.0
0.0
0.0
0.0
0.0
0.0
0.0
0.0
0.0
0.0
0.0
0.0
0.0
0.0
0.0
0.0
0.0
0.0
0.0
0.0
0.0
0.0
0.0
0.0
0.0
0.0
0.0
0.0
0.0
0.0
0.0
0.0
0.0
0.0
0.0
0.0
0.0
0.0
0.0
0.0
0.0
0.0
0.0
0.0
0.0
0.0
0.0
0.0
0.0
0.0
0.0
0.0
0.0
0.0
0.0
0.0
0.0
0.0
0.0
0.0
0.0
0.0
0.0
0.0
0.0
0.0
0.0
0.0
0.0
0.0
0.0
0.0
0.0
0.0
0.0
0.0
0.0
0.0
0.0
0.0
0.0
0.0
0.0
0.0
0.0
0.0
0.0
0.0
0.0
0.0
0.0
0.0
0.0
0.0
0.0
0.0
0.0
0.0
0.0
0.0
0.0
0.0
0.0
0.0
0.0
0.0
0.0
0.0
0.0
0.0
0.0
0.0
0.0
0.0
0.0
0.0
0.0
0.0
0.0
0.0
0.0
0.0
0.0
0.0
0.0
0.0
0.0
0.0
0.0
0.0
0.0
0.0
0.0
0.0
0.0
0.0
0.0
0.0
0.0
0.0
0.0
0.0
0.0
0.0
0.0
0.0
0.0
0.0
0.0
0.0
0.0
0.0
0.0
0.0
0.0
0.0
0.0
0.0
0.0
0.0
0.0
0.0
0.0
0.0
0.0
0.0
0.0
0.0
0.0
0.0
0.0
0.0
0.0
0.0
0.0
0.0
0.0
0.0
0.0
0.0
0.0
0.0
0.0
0.0
0.0
0.0
0.0
0.0
0.0
0.0
0.0
0.0
0.0
0.0
0.0
0.0
0.0
0.0
0.0
0.0
0.0
0.0
0.0
0.0
0.0
0.0
0.0
0.0
0.0
0.0
0.0
0.0
0.0
0.0
0.0
0.0
0.0
0.0
0.0
0.0
0.0
0.0
0.0
0.0
0.0
0.0
0.0
0.0
0.0
0.0
0.0
0.0
0.0
0.0
0.0
0.0
0.0
0.0
0.0
0.0
0.0
0.0
0.0
0.0
0.0
0.0
0.0
0.0
0.0
0.0
0.0
0.0
0.0
0.0
0.0
0.0
0.0
0.0
0.0
0.0
0.0
0.0
0.0
0.0
0.0
0.0
0.0
0.0
0.0
0.0
0.0
0.0
0.0
0.0
0.0
0.0
0.0
0.0
0.0
0.0
0.0
0.0
0.0
0.0
0.0
0.0
0.0
0.0
0.0
0.0
0.0
0.0
0.0
0.0
0.0
0.0
0.0
0.0
0.0
0.0
0.0
0.0
0.0
0.0
0.0
0.0
0.0
0.0
0.0
0.0
0.0
0.0
0.0
0.0
0.0
0.0
0.0
0.0
0.0
0.0
0.0
0.0
0.0
0.0
0.0
0.0
0.0
0.0
0.0
0.0
0.0
0.0
0.0
0.0
0.0
0.0
0.0
0.0
0.0
0.0
0.0
0.0
0.0
0.0
0.0
0.0
0.0
0.0
0.0
0.0
0.0
0.0
0.0
0.0
0.0
0.0
0.0
0.0
0.0
0.0
0.0
0.0
0.0
0.0
0.0
0.0
0.0
0.0
0.0
0.0
0.0
0.0
0.0
0.0
0.0
0.0
0.0
0.0
0.0
0.0
0.0
0.0
0.0
0.0
0.0
0.0
0.0
0.0
0.0
0.0
0.0
0.0
0.0
0.0
0.0
0.0
0.0
0.0
0.0
0.0
0.0
0.0
0.0
0.0
0.0
0.0
0.0
0.0
0.0
0.0
0.0
0.0
0.0
0.0
0.0
0.0
0.0
0.0
0.0
0.0
0.0
0.0
0.0
0.0
0.0
0.0
0.0
0.0
0.0
0.0
0.0
0.0
0.0
0.0
0.0
0.0
0.0
0.0
0.0
0.0
0.0
0.0
0.0
0.0
0.0
0.0
0.0
0.0
0.0
0.0
0.0
0.0
0.0
0.0
0.0
0.0
0.0
0.0
0.0
0.0
0.0
0.0
0.0
0.0
0.0
0.0
0.0
0.0
0.0
0.0
0.0
0.0
0.0
0.0
0.0
0.0
0.0
0.0
0.0
0.0
0.0
0.0
0.0
0.0
0.0
0.0
0.0
0.0
0.0
0.0
0.0
0.0
0.0
0.0
0.0
0.0
0.0
0.0
0.0
0.0
0.0
0.0
0.0
0.0
0.0
0.0
0.0
0.0
0.0
0.0
0.0
0.0
0.0
0.0
0.0
0.0
0.0
0.0
0.0
0.0
0.0
0.0
0.0
0.0
0.0
0.0
0.0
0.0
0.0
0.0
0.0
0.0
0.0
0.0
0.0
0.0
0.0
0.0
0.0
0.0
0.0
0.0
0.0
0.0
0.0
0.0
0.0
0.0
0.0
0.0
0.0
0.0
0.0
0.0
0.0
0.0
0.0
0.0
0.0
0.0
0.0
0.0
0.0
0.0
0.0
0.0
0.0
0.0
0.0
0.0
0.0
0.0
0.0
0.0
0.0
0.0
0.0
0.0
0.0
0.0
0.0
0.0
0.0
0.0
0.0
0.0
0.0
0.0
0.0
0.0
0.0
0.0
0.0
0.0
0.0
0.0
0.0
0.0
0.0
0.0
0.0
0.0
0.0
0.0
0.0
0.0
0.0
0.0
0.0
0.0
0.0
0.0
0.0
0.0
0.0
0.0
0.0
0.0
0.0
0.0
0.0
0.0
0.0
0.0
0.0
0.0
0.0
0.0
0.0
0.0
0.0
0.0
0.0
0.0
0.0
0.0
0.0
0.0
0.0
0.0
0.0
0.0
0.0
0.0
0.0
0.0
0.0
0.0
0.0
0.0
0.0
0.0
0.0
0.0
0.0
0.0
0.0
0.0
0.0
0.0
0.0
0.0
0.0
0.0
0.0
0.0
0.0
0.0
0.0
0.0
0.0
0.0
0.0
0.0
0.0
0.0
0.0
0.0
0.0
0.0
0.0
0.0
0.0
0.0
0.0
0.0
0.0
0.0
0.0
0.0
0.0
0.0
0.0
0.0
0.0
0.0
0.0
0.0
0.0
0.0
0.0
0.0
0.0
0.0
0.0
0.0
0.0
0.0
0.0
0.0
0.0
0.0
0.0
0.0
0.0
0.0
0.0
0.0
0.0
0.0
0.0
0.0
0.0
0.0
0.0
0.0
0.0
0.0
0.0
0.0
0.0
0.0
0.0
0.0
0.0
0.0
0.0
0.0
0.0
0.0
0.0
0.0
0.0
0.0
0.0
0.0
0.0
0.0
0.0
0.0
0.0
0.0
0.0
0.0
0.0
0.0
0.0
0.0
0.0
0.0
0.0
0.0
0.0
0.0
0.0
0.0
0.0
0.0
0.0
0.0
0.0
0.0
0.0
0.0
0.0
0.0
0.0
0.0
0.0
0.0
0.0
0.0
0.0
0.0
0.0
0.0
0.0
0.0
0.0
0.0
0.0
0.0
0.0
0.0
0.0
0.0
0.0
0.0
0.0
0.0
0.0
0.0
0.0
0.0
0.0
0.0
0.0
0.0
0.0
0.0
0.0
0.0
0.0
0.0
0.0
0.0
0.0
0.0
0.0
0.0
0.0
0.0
0.0
0.0
0.0
0.0
0.0
0.0
0.0
0.0
0.0
0.0
0.0
0.0
0.0
0.0
0.0
0.0
0.0
0.0
0.0
0.0
0.0
0.0
0.0
0.0
0.0
0.0
0.0
0.0
0.0
0.0
0.0
0.0
0.0
0.0
0.0
0.0
0.0
0.0
0.0
0.0
0.0
0.0
0.0
0.0
0.0
0.0
0.0
0.0
0.0
0.0
0.0
0.0
0.0
0.0
0.0
0.0
0.0
0.0
0.0
0.0
0.0
0.0
0.0
0.0
0.0
0.0
0.0
0.0
0.0
0.0
0.0
0.0
0.0
0.0
0.0
0.0
0.0
0.0
0.0
0.0
0.0
0.0
0.0
0.0
0.0
0.0
0.0
0.0
0.0
0.0
0.0
0.0
0.0
0.0
0.0
0.0
0.0
0.0
0.0
0.0
0.0
0.0
0.0
0.0
0.0
0.0
0.0
0.0
0.0
0.0
0.0
467738.0
0.0
0.0
0.0
0.0
467821.0
467822.0
0.0
468320.0
0.0
0.0
0.0
0.0
0.0
0.0
0.0
0.0
0.0
0.0
0.0
0.0
0.0
0.0
0.0
0.0
0.0
0.0
0.0
0.0
0.0
0.0
0.0
0.0
0.0
0.0
0.0
0.0
0.0
0.0
0.0
0.0
0.0
0.0
0.0
0.0
0.0
0.0
0.0
0.0
0.0
0.0
0.0
0.0
0.0
0.0
0.0
0.0
0.0
0.0
0.0
0.0
0.0
0.0
0.0
0.0
0.0
0.0
0.0
0.0
0.0
0.0
0.0
0.0
0.0
0.0
0.0
0.0
0.0
0.0
0.0
0.0
0.0
0.0
0.0
0.0
0.0
0.0
0.0
0.0
0.0
0.0
0.0
0.0
0.0
476370.0
476371.0
0.0
0.0
0.0
0.0
0.0
0.0
0.0
0.0
0.0
476453.0
476454.0
0.0
0.0
0.0
0.0
0.0
0.0
476538.0
476703.0
476785.0
476786.0
476787.0
476868.0
476869.0
476870.0
476871.0
476952.0
476953.0
0.0
0.0
0.0
0.0
0.0
0.0
0.0
0.0
0.0
0.0
0.0
0.0
0.0
0.0
0.0
0.0
0.0
0.0
0.0
0.0
0.0
0.0
0.0
0.0
0.0
0.0
0.0
0.0
0.0
0.0
0.0
0.0
0.0
0.0
0.0
0.0
0.0
0.0
0.0
0.0
0.0
0.0
0.0
0.0
0.0
0.0
0.0
0.0
0.0
0.0
0.0
0.0
0.0
0.0
0.0
0.0
0.0
0.0
0.0
0.0
0.0
0.0
0.0
0.0
0.0
0.0
0.0
0.0
0.0
0.0
0.0
0.0
0.0
0.0
0.0
0.0
0.0
0.0
0.0
0.0
0.0
0.0
0.0
0.0
0.0
0.0
0.0
0.0
0.0
0.0
0.0
0.0
0.0
0.0
0.0
0.0
0.0
0.0
0.0
0.0
0.0
0.0
485085.0
485086.0
485087.0
0.0
0.0
0.0
0.0
0.0
0.0
485170.0
485171.0
485172.0
0.0
0.0
485252.0
485253.0
485254.0
485255.0
485334.0
485335.0
485336.0
485337.0
485417.0
485418.0
485419.0
485420.0
485421.0
485500.0
485501.0
485502.0
485503.0
485504.0
485505.0
485585.0
485586.0
485587.0
485588.0
0.0
485670.0
0.0
0.0
0.0
0.0
0.0
0.0
0.0
0.0
0.0
0.0
0.0
0.0
0.0
0.0
0.0
0.0
0.0
0.0
0.0
0.0
0.0
0.0
0.0
0.0
0.0
0.0
0.0
0.0
0.0
0.0
0.0
0.0
0.0
0.0
0.0
0.0
0.0
0.0
0.0
0.0
0.0
0.0
0.0
0.0
0.0
0.0
0.0
0.0
0.0
0.0
0.0
0.0
0.0
0.0
0.0
0.0
0.0
0.0
0.0
0.0
0.0
0.0
0.0
0.0
0.0
0.0
0.0
0.0
0.0
0.0
0.0
0.0
0.0
0.0
0.0
0.0
0.0
0.0
0.0
0.0
0.0
0.0
0.0
0.0
0.0
0.0
0.0
0.0
0.0
0.0
0.0
0.0
0.0
0.0
0.0
0.0
0.0
0.0
0.0
493719.0
493720.0
0.0
0.0
0.0
0.0
0.0
0.0
0.0
493800.0
0.0
493802.0
493803.0
493804.0
0.0
0.0
0.0
0.0
0.0
0.0
0.0
0.0
493883.0
493884.0
493885.0
493886.0
493887.0
0.0
0.0
0.0
0.0
0.0
0.0
493966.0
493967.0
493968.0
493969.0
493970.0
0.0
0.0
0.0
0.0
0.0
0.0
494049.0
494050.0
494051.0
494052.0
494053.0
494054.0
0.0
0.0
494135.0
494136.0
494137.0
0.0
0.0
494219.0
494220.0
0.0
0.0
0.0
0.0
0.0
494463.0
0.0
0.0
0.0
0.0
0.0
0.0
494546.0
494547.0
494548.0
0.0
0.0
0.0
0.0
494629.0
494630.0
0.0
0.0
0.0
494713.0
0.0
0.0
0.0
0.0
0.0
0.0
0.0
0.0
0.0
0.0
0.0
0.0
0.0
0.0
0.0
0.0
0.0
0.0
0.0
0.0
0.0
0.0
0.0
0.0
0.0
0.0
0.0
0.0
0.0
0.0
0.0
0.0
0.0
0.0
0.0
0.0
0.0
0.0
0.0
0.0
0.0
0.0
0.0
0.0
0.0
0.0
0.0
0.0
0.0
0.0
0.0
0.0
0.0
0.0
0.0
0.0
0.0
0.0
0.0
0.0
0.0
0.0
0.0
0.0
0.0
0.0
0.0
0.0
0.0
0.0
0.0
0.0
0.0
0.0
0.0
0.0
0.0
0.0
0.0
0.0
0.0
0.0
0.0
0.0
0.0
0.0
0.0
0.0
0.0
0.0
0.0
0.0
0.0
0.0
0.0
0.0
0.0
0.0
0.0
0.0
0.0
0.0
0.0
0.0
0.0
0.0
0.0
0.0
0.0
0.0
0.0
0.0
0.0
0.0
0.0
0.0
502349.0
502350.0
0.0
0.0
0.0
0.0
0.0
0.0
0.0
0.0
0.0
0.0
0.0
502432.0
502433.0
502434.0
0.0
0.0
0.0
0.0
0.0
0.0
0.0
0.0
0.0
0.0
0.0
502515.0
502516.0
502517.0
0.0
0.0
0.0
0.0
0.0
0.0
0.0
0.0
0.0
0.0
0.0
502598.0
502599.0
0.0
0.0
0.0
0.0
0.0
0.0
0.0
0.0
0.0
0.0
0.0
0.0
0.0
0.0
0.0
0.0
0.0
0.0
0.0
0.0
0.0
0.0
0.0
0.0
0.0
0.0
0.0
0.0
0.0
0.0
0.0
0.0
0.0
0.0
0.0
502930.0
502931.0
0.0
503012.0
503094.0
503095.0
503096.0
0.0
503178.0
503179.0
503180.0
0.0
0.0
503261.0
503262.0
503263.0
0.0
0.0
503343.0
503344.0
503345.0
503346.0
0.0
0.0
0.0
0.0
0.0
0.0
0.0
0.0
0.0
0.0
0.0
0.0
0.0
0.0
0.0
0.0
0.0
0.0
0.0
0.0
0.0
0.0
0.0
0.0
0.0
0.0
0.0
0.0
0.0
0.0
0.0
0.0
0.0
0.0
0.0
0.0
0.0
0.0
0.0
0.0
0.0
0.0
0.0
0.0
0.0
0.0
0.0
0.0
0.0
0.0
0.0
0.0
0.0
0.0
0.0
0.0
0.0
0.0
0.0
0.0
0.0
0.0
0.0
0.0
0.0
0.0
0.0
0.0
0.0
0.0
0.0
0.0
0.0
0.0
0.0
0.0
0.0
0.0
0.0
0.0
0.0
0.0
0.0
0.0
0.0
0.0
0.0
0.0
0.0
0.0
0.0
0.0
0.0
0.0
0.0
0.0
0.0
0.0
0.0
0.0
0.0
0.0
0.0
0.0
0.0
0.0
0.0
0.0
0.0
510898.0
510899.0
0.0
0.0
0.0
0.0
0.0
0.0
0.0
0.0
0.0
0.0
0.0
510981.0
510982.0
0.0
0.0
0.0
0.0
0.0
0.0
0.0
0.0
0.0
0.0
0.0
511064.0
511065.0
0.0
0.0
0.0
0.0
0.0
0.0
0.0
0.0
0.0
0.0
511146.0
511147.0
511148.0
0.0
0.0
0.0
0.0
0.0
0.0
0.0
0.0
0.0
0.0
0.0
511230.0
0.0
0.0
0.0
0.0
0.0
0.0
0.0
0.0
0.0
0.0
0.0
0.0
0.0
0.0
0.0
0.0
0.0
0.0
0.0
0.0
0.0
0.0
0.0
0.0
0.0
0.0
0.0
0.0
0.0
0.0
511562.0
0.0
0.0
0.0
0.0
511644.0
511645.0
511646.0
511726.0
511727.0
511728.0
511809.0
511810.0
511811.0
511812.0
511893.0
511894.0
511895.0
511975.0
511976.0
511977.0
511978.0
511995.0
512058.0
512059.0
512060.0
512061.0
0.0
0.0
0.0
0.0
0.0
0.0
0.0
0.0
0.0
0.0
0.0
0.0
0.0
0.0
0.0
0.0
0.0
0.0
0.0
0.0
0.0
0.0
0.0
0.0
0.0
0.0
0.0
0.0
0.0
0.0
0.0
0.0
0.0
0.0
0.0
0.0
0.0
0.0
0.0
0.0
0.0
0.0
0.0
0.0
0.0
0.0
0.0
0.0
0.0
0.0
0.0
0.0
0.0
0.0
0.0
0.0
0.0
0.0
0.0
0.0
0.0
0.0
0.0
0.0
0.0
0.0
0.0
0.0
0.0
0.0
0.0
0.0
0.0
0.0
0.0
0.0
0.0
0.0
0.0
0.0
0.0
0.0
0.0
0.0
0.0
0.0
0.0
0.0
519530.0
519531.0
0.0
0.0
0.0
0.0
0.0
0.0
0.0
0.0
0.0
519613.0
519614.0
0.0
0.0
0.0
0.0
0.0
0.0
519696.0
0.0
0.0
0.0
0.0
0.0
0.0
0.0
0.0
0.0
519779.0
0.0
0.0
0.0
0.0
0.0
0.0
0.0
0.0
0.0
0.0
0.0
0.0
0.0
0.0
0.0
0.0
0.0
0.0
0.0
0.0
0.0
0.0
0.0
0.0
0.0
0.0
0.0
0.0
0.0
0.0
0.0
0.0
0.0
0.0
0.0
0.0
0.0
0.0
0.0
0.0
0.0
0.0
0.0
0.0
0.0
0.0
0.0
0.0
0.0
0.0
0.0
0.0
0.0
0.0
0.0
0.0
0.0
0.0
0.0
0.0
0.0
0.0
0.0
0.0
0.0
0.0
0.0
0.0
0.0
0.0
520197.0
0.0
520199.0
520200.0
0.0
0.0
520276.0
520277.0
520278.0
520280.0
520281.0
520282.0
520283.0
520358.0
520359.0
520360.0
520363.0
520364.0
520365.0
520366.0
520378.0
520379.0
520441.0
520442.0
520443.0
520448.0
520459.0
520460.0
520461.0
520462.0
520463.0
520524.0
520525.0
520526.0
520527.0
520542.0
520543.0
520544.0
520545.0
520546.0
520608.0
520609.0
520610.0
520611.0
520626.0
520627.0
520628.0
520690.0
520691.0
520692.0
520693.0
520694.0
520708.0
520709.0
520710.0
520711.0
0.0
0.0
520774.0
520775.0
520776.0
520777.0
520854.0
0.0
0.0
0.0
0.0
520860.0
520861.0
0.0
0.0
0.0
0.0
520942.0
520943.0
520944.0
0.0
0.0
0.0
521025.0
521026.0
521027.0
0.0
0.0
521107.0
521108.0
521109.0
0.0
521187.0
521192.0
0.0
0.0
0.0
0.0
0.0
0.0
0.0
0.0
0.0
521437.0
0.0
0.0
0.0
0.0
0.0
521602.0
521603.0
0.0
521684.0
521685.0
521686.0
521767.0
521768.0
521769.0
521849.0
521850.0
521851.0
0.0
521933.0
0.0
0.0
0.0
0.0
0.0
0.0
0.0
0.0
0.0
0.0
0.0
0.0
0.0
0.0
0.0
0.0
0.0
0.0
0.0
0.0
0.0
0.0
0.0
0.0
0.0
0.0
0.0
0.0
0.0
0.0
0.0
0.0
0.0
0.0
0.0
0.0
0.0
0.0
0.0
0.0
0.0
0.0
0.0
0.0
0.0
0.0
0.0
0.0
0.0
0.0
0.0
0.0
0.0
0.0
0.0
0.0
0.0
0.0
0.0
0.0
0.0
0.0
0.0
0.0
0.0
0.0
0.0
0.0
0.0
0.0
528163.0
0.0
0.0
0.0
0.0
0.0
0.0
0.0
0.0
0.0
528245.0
528246.0
0.0
0.0
0.0
0.0
0.0
0.0
0.0
0.0
0.0
0.0
0.0
0.0
528328.0
528329.0
0.0
0.0
0.0
0.0
0.0
0.0
0.0
0.0
0.0
0.0
0.0
0.0
0.0
0.0
0.0
0.0
0.0
0.0
0.0
0.0
0.0
0.0
0.0
0.0
0.0
0.0
0.0
0.0
0.0
0.0
0.0
0.0
0.0
0.0
0.0
0.0
0.0
528503.0
0.0
0.0
0.0
0.0
0.0
0.0
0.0
0.0
0.0
0.0
0.0
0.0
0.0
0.0
0.0
0.0
0.0
0.0
528585.0
528586.0
528587.0
0.0
0.0
0.0
0.0
0.0
0.0
0.0
0.0
0.0
0.0
0.0
0.0
0.0
0.0
0.0
0.0
528668.0
528669.0
528670.0
0.0
0.0
0.0
0.0
0.0
0.0
0.0
528746.0
0.0
0.0
0.0
528752.0
528753.0
528754.0
0.0
0.0
0.0
0.0
528828.0
528829.0
0.0
528831.0
528832.0
528836.0
528837.0
528838.0
528845.0
0.0
528908.0
528909.0
528911.0
528912.0
528913.0
528914.0
528915.0
528920.0
528921.0
528926.0
528927.0
528928.0
528929.0
528990.0
528991.0
528992.0
528994.0
528995.0
528996.0
528997.0
528998.0
528999.0
529000.0
529007.0
529008.0
529009.0
529010.0
529011.0
529012.0
529073.0
529074.0
529078.0
529079.0
529080.0
529081.0
529082.0
529083.0
529084.0
529090.0
529091.0
529092.0
529093.0
529094.0
529095.0
529096.0
529156.0
529157.0
529158.0
529159.0
529163.0
529164.0
529165.0
529166.0
529174.0
529175.0
529177.0
529178.0
529179.0
529239.0
529240.0
529241.0
529242.0
529243.0
529257.0
529258.0
529259.0
529260.0
529261.0
529322.0
529323.0
529324.0
529325.0
529326.0
529339.0
529340.0
529341.0
529342.0
529343.0
0.0
0.0
529406.0
529407.0
529408.0
529409.0
529422.0
529423.0
529424.0
529425.0
529486.0
529487.0
529488.0
529489.0
0.0
529491.0
529492.0
529493.0
529494.0
529569.0
529570.0
529571.0
529572.0
529573.0
529574.0
529575.0
529576.0
529577.0
529652.0
529653.0
529654.0
529655.0
529656.0
529657.0
529658.0
529659.0
529735.0
529736.0
529737.0
529738.0
529739.0
529740.0
529741.0
529742.0
529818.0
529819.0
529820.0
529821.0
529822.0
529823.0
529824.0
0.0
529903.0
529904.0
529905.0
529906.0
529907.0
0.0
529986.0
529987.0
529988.0
529989.0
530068.0
0.0
0.0
530071.0
530072.0
0.0
530152.0
530153.0
530154.0
530155.0
530234.0
530235.0
530236.0
530237.0
530317.0
530318.0
530319.0
530320.0
530400.0
530401.0
530402.0
0.0
0.0
0.0
0.0
0.0
0.0
0.0
0.0
0.0
0.0
0.0
0.0
0.0
0.0
0.0
0.0
0.0
0.0
0.0
0.0
0.0
0.0
0.0
0.0
0.0
0.0
0.0
0.0
0.0
0.0
0.0
0.0
0.0
0.0
0.0
0.0
0.0
0.0
0.0
0.0
0.0
0.0
0.0
0.0
0.0
0.0
0.0
0.0
0.0
0.0
0.0
0.0
0.0
0.0
0.0
0.0
0.0
0.0
0.0
0.0
0.0
0.0
0.0
0.0
0.0
0.0
0.0
0.0
0.0
0.0
0.0
0.0
0.0
0.0
0.0
0.0
0.0
0.0
0.0
0.0
0.0
0.0
0.0
536878.0
0.0
0.0
0.0
0.0
0.0
0.0
0.0
0.0
0.0
0.0
0.0
0.0
0.0
0.0
0.0
0.0
0.0
0.0
0.0
0.0
0.0
0.0
0.0
0.0
0.0
0.0
0.0
0.0
0.0
0.0
0.0
0.0
0.0
537051.0
537052.0
537053.0
0.0
0.0
0.0
0.0
0.0
0.0
0.0
0.0
0.0
0.0
0.0
0.0
537133.0
537134.0
537135.0
537136.0
0.0
0.0
0.0
0.0
0.0
0.0
0.0
0.0
0.0
0.0
537216.0
537217.0
537218.0
537219.0
0.0
0.0
0.0
0.0
0.0
0.0
0.0
0.0
0.0
0.0
0.0
0.0
537299.0
537300.0
537301.0
537302.0
537303.0
0.0
0.0
537311.0
537312.0
0.0
0.0
0.0
0.0
537377.0
537378.0
537379.0
537380.0
537383.0
537384.0
537385.0
537386.0
537387.0
537394.0
537395.0
0.0
0.0
0.0
537460.0
537461.0
537462.0
537463.0
537464.0
537467.0
537468.0
537469.0
537470.0
537471.0
537476.0
537477.0
537478.0
0.0
0.0
537543.0
537544.0
537545.0
537546.0
537547.0
537551.0
537552.0
537553.0
537554.0
537556.0
537557.0
537558.0
537559.0
537560.0
537561.0
537622.0
537623.0
537626.0
537627.0
537628.0
537629.0
537630.0
537631.0
537632.0
537635.0
537636.0
537639.0
537640.0
537641.0
537642.0
537643.0
537644.0
537705.0
537706.0
537710.0
537711.0
537712.0
537713.0
537714.0
537715.0
537716.0
537719.0
537722.0
537723.0
537724.0
537725.0
537727.0
537788.0
537789.0
537795.0
537796.0
537797.0
537798.0
537799.0
537806.0
537807.0
537808.0
537810.0
537871.0
537872.0
537873.0
537874.0
537878.0
537879.0
537881.0
537882.0
537889.0
537890.0
537891.0
537893.0
537955.0
537956.0
537957.0
537971.0
537972.0
537973.0
537974.0
537975.0
538038.0
538039.0
538040.0
538041.0
0.0
538053.0
538054.0
538055.0
538056.0
538119.0
538120.0
538121.0
0.0
538123.0
538124.0
538125.0
538126.0
538202.0
538203.0
538204.0
538205.0
538206.0
538207.0
538208.0
538209.0
538285.0
538286.0
538287.0
538288.0
538289.0
538290.0
538291.0
538368.0
538369.0
538370.0
538371.0
538372.0
538373.0
538374.0
538451.0
538452.0
538453.0
538454.0
538455.0
538456.0
538534.0
538535.0
538536.0
538537.0
538538.0
538539.0
538618.0
538619.0
538620.0
538621.0
538622.0
0.0
538702.0
538703.0
538704.0
0.0
538786.0
538787.0
0.0
0.0
538868.0
538869.0
0.0
538951.0
538952.0
0.0
539034.0
0.0
0.0
0.0
0.0
0.0
0.0
0.0
0.0
0.0
0.0
0.0
0.0
0.0
0.0
0.0
0.0
0.0
0.0
0.0
0.0
0.0
0.0
0.0
0.0
0.0
0.0
0.0
0.0
0.0
0.0
0.0
0.0
0.0
0.0
0.0
0.0
0.0
0.0
0.0
0.0
0.0
0.0
0.0
0.0
0.0
0.0
0.0
0.0
0.0
0.0
0.0
0.0
0.0
0.0
0.0
0.0
0.0
0.0
0.0
0.0
0.0
0.0
0.0
0.0
0.0
0.0
0.0
0.0
0.0
0.0
0.0
0.0
0.0
0.0
0.0
0.0
0.0
0.0
0.0
0.0
0.0
0.0
0.0
0.0
0.0
0.0
0.0
545601.0
545602.0
0.0
0.0
0.0
0.0
545683.0
545684.0
545685.0
0.0
0.0
0.0
0.0
0.0
0.0
0.0
545765.0
545766.0
545767.0
545768.0
0.0
0.0
0.0
0.0
545777.0
545778.0
545779.0
0.0
0.0
545847.0
545848.0
545849.0
545850.0
545851.0
545852.0
0.0
0.0
0.0
0.0
545860.0
545861.0
0.0
0.0
0.0
0.0
545931.0
545932.0
545933.0
545934.0
545935.0
545936.0
0.0
0.0
0.0
545943.0
545944.0
0.0
0.0
0.0
546010.0
546011.0
546012.0
546015.0
546016.0
546017.0
546018.0
546019.0
546025.0
546026.0
546027.0
546028.0
0.0
0.0
546092.0
546093.0
546094.0
546095.0
546096.0
546100.0
546101.0
546102.0
546103.0
546105.0
546106.0
546107.0
546108.0
546109.0
546110.0
0.0
0.0
546174.0
546175.0
546177.0
546178.0
546179.0
546180.0
546183.0
546184.0
546185.0
546186.0
546188.0
546189.0
546190.0
546191.0
546192.0
546193.0
0.0
0.0
546258.0
546259.0
546260.0
546261.0
546262.0
546263.0
546264.0
546265.0
546267.0
546268.0
546271.0
546272.0
546273.0
546274.0
546337.0
546338.0
546342.0
546343.0
546344.0
546347.0
546348.0
546350.0
546351.0
546352.0
546354.0
546355.0
546356.0
546357.0
546420.0
546421.0
546427.0
546428.0
546429.0
546430.0
546431.0
546432.0
546434.0
546435.0
546503.0
546504.0
546512.0
546513.0
546514.0
546515.0
546520.0
546521.0
546522.0
546523.0
546587.0
546588.0
546590.0
546591.0
546596.0
546597.0
546598.0
546602.0
546603.0
546604.0
546605.0
546606.0
546607.0
546670.0
546671.0
546672.0
546673.0
0.0
546675.0
546685.0
546686.0
546687.0
546688.0
546689.0
546754.0
546755.0
546756.0
546757.0
546758.0
546768.0
546769.0
546770.0
546836.0
546837.0
546838.0
546839.0
546840.0
546841.0
546919.0
546920.0
546921.0
546922.0
547000.0
547002.0
547003.0
547004.0
547086.0
547087.0
547169.0
547170.0
0.0
0.0
547251.0
547252.0
547253.0
0.0
0.0
547334.0
547335.0
547336.0
0.0
547417.0
547418.0
547419.0
0.0
547500.0
547501.0
0.0
547583.0
0.0
0.0
0.0
0.0
0.0
0.0
0.0
0.0
0.0
0.0
0.0
0.0
0.0
0.0
0.0
0.0
0.0
0.0
0.0
0.0
0.0
0.0
0.0
0.0
0.0
0.0
0.0
0.0
0.0
0.0
0.0
0.0
0.0
0.0
0.0
0.0
0.0
0.0
0.0
0.0
0.0
0.0
0.0
0.0
0.0
0.0
0.0
553982.0
0.0
0.0
0.0
0.0
0.0
0.0
0.0
0.0
0.0
0.0
0.0
0.0
0.0
0.0
554064.0
554065.0
554066.0
0.0
0.0
0.0
0.0
0.0
0.0
0.0
0.0
0.0
0.0
0.0
0.0
0.0
0.0
554147.0
554148.0
554152.0
0.0
0.0
0.0
0.0
0.0
0.0
0.0
0.0
0.0
0.0
0.0
554233.0
554234.0
554235.0
0.0
0.0
0.0
0.0
0.0
0.0
554314.0
554315.0
554316.0
554317.0
554318.0
0.0
0.0
0.0
0.0
554326.0
554327.0
554396.0
554397.0
554398.0
554400.0
554401.0
0.0
554404.0
0.0
0.0
554408.0
554409.0
554410.0
554411.0
0.0
554478.0
554479.0
554480.0
554481.0
554482.0
554483.0
554484.0
554486.0
554487.0
0.0
554491.0
554492.0
0.0
0.0
0.0
0.0
0.0
554562.0
554563.0
554564.0
554565.0
554566.0
554567.0
554568.0
554570.0
554571.0
554572.0
554575.0
0.0
0.0
554642.0
554643.0
554644.0
554649.0
554650.0
554651.0
554652.0
554654.0
554657.0
554658.0
0.0
0.0
0.0
554724.0
554726.0
554727.0
554728.0
554732.0
554733.0
554734.0
554737.0
554738.0
554739.0
554740.0
554741.0
0.0
0.0
0.0
554806.0
554807.0
554808.0
554809.0
554810.0
554811.0
554812.0
554813.0
554816.0
554817.0
554818.0
554819.0
554820.0
554821.0
554822.0
554823.0
554824.0
0.0
0.0
554890.0
554891.0
554892.0
554893.0
554894.0
554895.0
554896.0
554897.0
554899.0
554900.0
554902.0
554903.0
554904.0
554905.0
554906.0
554969.0
554970.0
554975.0
554976.0
554977.0
554978.0
554979.0
554980.0
554982.0
554983.0
554984.0
554985.0
554986.0
554987.0
554988.0
554989.0
555052.0
555053.0
0.0
0.0
555059.0
555060.0
555061.0
555062.0
555063.0
555064.0
555065.0
555066.0
555067.0
555068.0
555069.0
555135.0
555136.0
555137.0
555138.0
0.0
555140.0
555141.0
555144.0
555145.0
555146.0
555147.0
555152.0
555153.0
555154.0
555155.0
555156.0
555219.0
555220.0
0.0
0.0
555223.0
555224.0
555228.0
555229.0
555230.0
555231.0
555234.0
555235.0
555236.0
555237.0
555238.0
555239.0
0.0
555301.0
555302.0
555303.0
0.0
555305.0
555306.0
555307.0
555312.0
555313.0
555316.0
555317.0
555318.0
555319.0
555320.0
555383.0
555384.0
555385.0
555386.0
555388.0
555389.0
555392.0
555393.0
555395.0
555399.0
555400.0
555401.0
555466.0
555467.0
555468.0
555469.0
555470.0
555471.0
555472.0
555483.0
555549.0
555550.0
555551.0
555552.0
555632.0
555633.0
555634.0
555635.0
555715.0
555716.0
555717.0
555718.0
555719.0
555800.0
555801.0
0.0
0.0
555883.0
555884.0
555965.0
555966.0
555967.0
0.0
0.0
0.0
0.0
0.0
0.0
0.0
0.0
562531.0
0.0
0.0
0.0
0.0
0.0
0.0
0.0
0.0
562614.0
0.0
0.0
0.0
0.0
0.0
0.0
0.0
0.0
0.0
0.0
0.0
0.0
562696.0
562697.0
562701.0
0.0
0.0
0.0
0.0
0.0
0.0
0.0
0.0
0.0
0.0
0.0
0.0
0.0
562778.0
562779.0
562784.0
0.0
0.0
0.0
0.0
0.0
0.0
0.0
0.0
0.0
0.0
0.0
0.0
0.0
0.0
562861.0
562862.0
562865.0
562867.0
562869.0
562870.0
0.0
0.0
0.0
0.0
0.0
0.0
0.0
0.0
0.0
0.0
562946.0
562947.0
562948.0
562949.0
562950.0
562952.0
562953.0
0.0
0.0
0.0
562958.0
562959.0
0.0
0.0
563028.0
563029.0
563030.0
563032.0
563033.0
563035.0
563036.0
0.0
0.0
563040.0
563041.0
563042.0
563043.0
563110.0
563111.0
563112.0
563113.0
563114.0
563115.0
563116.0
563117.0
563119.0
563120.0
563121.0
563122.0
563123.0
563124.0
563126.0
563195.0
563196.0
563197.0
563198.0
563199.0
563200.0
563202.0
563203.0
563204.0
563205.0
563207.0
0.0
0.0
563274.0
563275.0
563276.0
563279.0
563280.0
563281.0
563282.0
563283.0
563284.0
563286.0
0.0
0.0
0.0
0.0
563356.0
563358.0
563359.0
563360.0
563361.0
563362.0
563363.0
563365.0
563366.0
563369.0
563370.0
563371.0
563372.0
563373.0
0.0
0.0
0.0
0.0
563439.0
563440.0
563441.0
563442.0
563443.0
563444.0
563445.0
563446.0
563448.0
563449.0
563450.0
563451.0
563452.0
563453.0
563455.0
563456.0
563519.0
0.0
563522.0
563523.0
563524.0
563525.0
563526.0
563527.0
563528.0
563529.0
563531.0
563532.0
563533.0
563534.0
563535.0
563536.0
563537.0
563538.0
563602.0
563603.0
563608.0
563609.0
563610.0
563611.0
563612.0
563614.0
563615.0
563616.0
563617.0
563618.0
563619.0
563620.0
563621.0
563685.0
563686.0
0.0
0.0
0.0
0.0
563692.0
563693.0
563694.0
563695.0
563696.0
563697.0
563698.0
563699.0
563700.0
563701.0
563767.0
563768.0
563769.0
0.0
0.0
0.0
0.0
563776.0
563777.0
563778.0
563779.0
563782.0
563783.0
563784.0
563787.0
0.0
0.0
563851.0
563852.0
563853.0
563854.0
563855.0
563856.0
563860.0
563861.0
563862.0
563863.0
563867.0
563868.0
563869.0
563870.0
563871.0
0.0
0.0
563933.0
563934.0
563935.0
563936.0
563937.0
563938.0
563940.0
563941.0
563942.0
563943.0
563944.0
563945.0
563948.0
563949.0
563951.0
563952.0
0.0
564016.0
564017.0
564018.0
564019.0
564020.0
564021.0
564023.0
564024.0
564025.0
564026.0
564027.0
564028.0
564031.0
564032.0
564098.0
564099.0
564100.0
564101.0
564102.0
564103.0
564107.0
564108.0
564109.0
564114.0
564115.0
564116.0
564181.0
564182.0
564183.0
564189.0
564199.0
564264.0
564265.0
564266.0
564272.0
564347.0
564348.0
564349.0
564354.0
564431.0
564432.0
564437.0
0.0
0.0
0.0
571246.0
0.0
0.0
571251.0
571328.0
571329.0
571333.0
571334.0
571335.0
571336.0
0.0
0.0
0.0
0.0
0.0
0.0
571409.0
571410.0
571411.0
571412.0
571413.0
571416.0
571417.0
571418.0
571419.0
0.0
0.0
0.0
0.0
0.0
0.0
0.0
0.0
0.0
0.0
571492.0
571493.0
571494.0
571495.0
571496.0
571497.0
571499.0
571500.0
571501.0
571502.0
0.0
0.0
0.0
0.0
0.0
0.0
0.0
571575.0
571578.0
571579.0
571580.0
571581.0
571582.0
571583.0
571584.0
571585.0
0.0
0.0
0.0
571590.0
571591.0
0.0
0.0
571659.0
571660.0
571661.0
571662.0
571664.0
571665.0
571667.0
571668.0
0.0
571670.0
571671.0
571672.0
571673.0
571674.0
571742.0
571743.0
571744.0
571745.0
571747.0
571748.0
571749.0
571751.0
0.0
571753.0
571754.0
571756.0
571757.0
571826.0
571827.0
571828.0
571829.0
571830.0
571831.0
571832.0
571834.0
571835.0
571836.0
571837.0
0.0
0.0
571906.0
571907.0
571908.0
571909.0
571910.0
571911.0
571912.0
571913.0
571914.0
571915.0
571916.0
571918.0
571919.0
0.0
0.0
0.0
0.0
571988.0
571990.0
571991.0
571992.0
571993.0
571994.0
571995.0
571997.0
571998.0
571999.0
572001.0
572002.0
572003.0
572004.0
0.0
0.0
0.0
0.0
572071.0
572072.0
572073.0
572074.0
572075.0
572076.0
572077.0
572078.0
572080.0
572081.0
572082.0
572083.0
572084.0
572085.0
572088.0
572151.0
0.0
0.0
0.0
0.0
572157.0
572158.0
572160.0
572161.0
572163.0
572164.0
572165.0
572166.0
572167.0
572168.0
572169.0
572170.0
572234.0
0.0
0.0
0.0
0.0
0.0
572240.0
572241.0
572242.0
572243.0
572244.0
572246.0
572247.0
572248.0
572249.0
572250.0
572251.0
572252.0
572253.0
572317.0
0.0
0.0
0.0
0.0
0.0
572325.0
572326.0
572327.0
572328.0
572329.0
572330.0
572331.0
572332.0
572333.0
572334.0
572335.0
572336.0
572400.0
0.0
0.0
0.0
0.0
572408.0
572409.0
572410.0
572411.0
572414.0
572416.0
572417.0
572418.0
0.0
0.0
0.0
0.0
0.0
572490.0
572491.0
572492.0
572493.0
572494.0
572495.0
572498.0
572499.0
572500.0
572501.0
572502.0
0.0
0.0
572566.0
572567.0
572568.0
572569.0
572570.0
572573.0
572574.0
572575.0
572576.0
572577.0
572580.0
572581.0
572582.0
572583.0
572584.0
572585.0
572648.0
572649.0
572650.0
572651.0
572652.0
572656.0
572657.0
572658.0
572659.0
572660.0
572663.0
572732.0
572733.0
572734.0
572738.0
572739.0
572741.0
572745.0
572746.0
572747.0
572748.0
572821.0
572822.0
572830.0
572831.0
572897.0
572903.0
572904.0
572986.0
573068.0
573069.0
0.0
579961.0
579962.0
579966.0
579967.0
580043.0
580044.0
580045.0
580046.0
580048.0
580049.0
580050.0
580051.0
580123.0
580124.0
580125.0
580126.0
580127.0
580128.0
580129.0
580130.0
580131.0
580132.0
580133.0
580134.0
0.0
0.0
0.0
580207.0
580208.0
580209.0
580210.0
580211.0
580212.0
580213.0
580214.0
580215.0
580216.0
580217.0
0.0
0.0
580221.0
580222.0
0.0
580289.0
580290.0
580291.0
580292.0
580293.0
580294.0
580296.0
580297.0
580298.0
580299.0
580300.0
580302.0
580303.0
580304.0
580305.0
580372.0
580373.0
580374.0
580375.0
580376.0
580379.0
580380.0
580381.0
580382.0
580383.0
580384.0
580385.0
580386.0
580387.0
580388.0
580389.0
580456.0
580457.0
580458.0
580459.0
580460.0
580461.0
580462.0
580463.0
580464.0
580466.0
580467.0
580468.0
580469.0
580471.0
580472.0
580540.0
580541.0
580542.0
580543.0
580544.0
580545.0
580546.0
580547.0
580548.0
580552.0
0.0
0.0
580623.0
580624.0
580625.0
580626.0
580627.0
580628.0
580629.0
580630.0
580631.0
580632.0
580633.0
580634.0
580635.0
580636.0
0.0
0.0
0.0
0.0
0.0
0.0
580706.0
580707.0
580709.0
580710.0
580712.0
580713.0
580714.0
580715.0
580716.0
580717.0
0.0
0.0
0.0
0.0
0.0
580789.0
580790.0
580791.0
580792.0
580793.0
580795.0
580796.0
580797.0
580798.0
580799.0
580800.0
580801.0
580802.0
0.0
0.0
0.0
0.0
0.0
0.0
580873.0
580874.0
580875.0
580876.0
580878.0
580879.0
580880.0
580881.0
580882.0
580883.0
580884.0
580885.0
0.0
0.0
0.0
0.0
0.0
580957.0
580958.0
580959.0
580960.0
580962.0
580963.0
580964.0
580965.0
580966.0
580967.0
580968.0
0.0
0.0
0.0
0.0
0.0
581040.0
581041.0
581042.0
581043.0
581044.0
581046.0
581048.0
581049.0
581050.0
0.0
0.0
0.0
0.0
0.0
0.0
581122.0
581123.0
581124.0
581126.0
581127.0
581130.0
581131.0
581132.0
0.0
0.0
581200.0
0.0
0.0
581206.0
581207.0
581208.0
581209.0
581212.0
581213.0
581214.0
581215.0
581281.0
581282.0
581288.0
581289.0
581290.0
581291.0
581294.0
581295.0
581296.0
581298.0
581370.0
581371.0
581372.0
581373.0
581377.0
581378.0
581379.0
581380.0
581381.0
581452.0
581453.0
581454.0
581462.0
581463.0
581464.0
581534.0
581535.0
581536.0
581617.0
581618.0
581700.0
588764.0
588840.0
588841.0
588842.0
588846.0
588847.0
588852.0
588921.0
588922.0
588923.0
588924.0
588929.0
588930.0
588931.0
588935.0
588936.0
589003.0
589004.0
589005.0
589006.0
589012.0
589013.0
589014.0
589015.0
589016.0
589018.0
589019.0
589020.0
589088.0
589089.0
589090.0
589091.0
589093.0
589094.0
589095.0
589096.0
589097.0
589098.0
589099.0
589100.0
589101.0
589102.0
589103.0
589104.0
589171.0
589172.0
589173.0
589174.0
589176.0
589177.0
589178.0
589179.0
589180.0
589181.0
589183.0
589184.0
589185.0
589186.0
0.0
589255.0
589260.0
589261.0
589263.0
589264.0
589265.0
589266.0
589267.0
589268.0
589269.0
0.0
0.0
0.0
589338.0
589339.0
589340.0
589341.0
589342.0
589344.0
589345.0
589346.0
589347.0
589348.0
589349.0
589351.0
0.0
0.0
0.0
0.0
0.0
589422.0
589423.0
589424.0
589425.0
589426.0
589427.0
589428.0
589429.0
589430.0
589431.0
589432.0
589433.0
589434.0
0.0
0.0
0.0
589506.0
589507.0
589508.0
589509.0
589510.0
589511.0
589512.0
589513.0
589514.0
589515.0
589516.0
589517.0
0.0
0.0
0.0
0.0
0.0
0.0
0.0
0.0
589589.0
589590.0
589591.0
589592.0
589593.0
589594.0
589595.0
589596.0
589597.0
589599.0
0.0
0.0
0.0
0.0
0.0
0.0
0.0
589672.0
589673.0
589675.0
589676.0
589680.0
589681.0
589682.0
0.0
0.0
0.0
0.0
0.0
589756.0
589757.0
589758.0
589759.0
589762.0
589763.0
589764.0
0.0
0.0
0.0
0.0
589838.0
589839.0
589840.0
589841.0
589844.0
589845.0
589846.0
0.0
0.0
0.0
589919.0
589920.0
589921.0
589922.0
589923.0
589926.0
589927.0
589928.0
590001.0
590002.0
590003.0
590009.0
590010.0
590011.0
590012.0
590083.0
590084.0
590085.0
590094.0
590095.0
590166.0
590167.0
590168.0
590169.0
590249.0
590252.0
590334.0
590335.0
597644.0
597645.0
597646.0
597719.0
597720.0
597721.0
597728.0
597729.0
597730.0
597731.0
597732.0
597733.0
597734.0
597735.0
597808.0
597809.0
597810.0
597811.0
597812.0
597813.0
597814.0
597815.0
597816.0
597817.0
597818.0
597891.0
597892.0
597893.0
597894.0
597895.0
597896.0
597897.0
597898.0
597899.0
597900.0
597901.0
0.0
597970.0
597971.0
597972.0
597973.0
597974.0
597975.0
597976.0
597977.0
597978.0
597979.0
597980.0
0.0
0.0
598054.0
598055.0
598056.0
598057.0
598058.0
598060.0
598061.0
598062.0
598063.0
598064.0
598065.0
0.0
0.0
0.0
0.0
0.0
598138.0
598140.0
598141.0
598143.0
598144.0
598145.0
598146.0
598147.0
598148.0
598149.0
0.0
0.0
0.0
0.0
0.0
0.0
0.0
598220.0
598221.0
598222.0
598223.0
598224.0
598225.0
598228.0
598231.0
0.0
0.0
0.0
0.0
0.0
0.0
0.0
598304.0
598305.0
598306.0
598307.0
598308.0
598313.0
598314.0
0.0
0.0
0.0
0.0
598388.0
598389.0
598390.0
598395.0
598396.0
0.0
0.0
0.0
0.0
0.0
598469.0
598470.0
598471.0
598472.0
598476.0
598477.0
598478.0
598479.0
0.0
0.0
0.0
0.0
0.0
598551.0
598552.0
598553.0
598554.0
598558.0
598559.0
598560.0
598561.0
0.0
598633.0
598634.0
598635.0
598636.0
598641.0
598642.0
598643.0
598644.0
598715.0
598716.0
598717.0
598718.0
598719.0
598720.0
598725.0
598726.0
598727.0
598798.0
598799.0
598800.0
598801.0
598802.0
598883.0
598884.0
606364.0
606440.0
606441.0
606442.0
606446.0
606447.0
606448.0
606449.0
606523.0
606524.0
606525.0
606526.0
606529.0
606530.0
606531.0
606532.0
606602.0
606603.0
606606.0
606607.0
606608.0
606609.0
606610.0
0.0
0.0
606686.0
606687.0
606689.0
606690.0
606692.0
606693.0
606694.0
606695.0
606696.0
606697.0
0.0
0.0
0.0
0.0
606770.0
606771.0
606772.0
606773.0
606776.0
606777.0
606778.0
606779.0
606780.0
606781.0
0.0
0.0
0.0
0.0
0.0
0.0
0.0
606853.0
606854.0
606855.0
606858.0
606859.0
606860.0
606861.0
606862.0
606863.0
0.0
0.0
0.0
0.0
0.0
0.0
0.0
0.0
0.0
606936.0
606937.0
606938.0
606940.0
606942.0
606943.0
606944.0
606945.0
606946.0
0.0
0.0
0.0
0.0
0.0
0.0
607019.0
607020.0
607021.0
607028.0
607029.0
0.0
0.0
0.0
0.0
607101.0
607102.0
607103.0
607109.0
607110.0
607111.0
607112.0
0.0
607183.0
607184.0
607185.0
607191.0
607192.0
607193.0
607194.0
607265.0
607266.0
607267.0
607268.0
607269.0
607270.0
607271.0
607273.0
607274.0
607275.0
607347.0
607348.0
607349.0
607350.0
607351.0
607352.0
607353.0
607357.0
607358.0
607359.0
607430.0
607431.0
607432.0
607433.0
607434.0
607441.0
607442.0
607514.0
607515.0
607517.0
615156.0
615157.0
615158.0
615239.0
615240.0
615241.0
615242.0
0.0
0.0
615320.0
615321.0
615322.0
615323.0
615324.0
615325.0
615326.0
615327.0
615328.0
615329.0
0.0
0.0
0.0
0.0
615403.0
615404.0
615405.0
615406.0
615407.0
615410.0
615411.0
615412.0
0.0
0.0
0.0
615485.0
615486.0
615487.0
615488.0
615489.0
615490.0
615491.0
615492.0
615493.0
615494.0
615495.0
0.0
0.0
0.0
0.0
0.0
615568.0
615569.0
615571.0
615572.0
615574.0
615575.0
615576.0
615577.0
615578.0
0.0
0.0
0.0
0.0
615651.0
615652.0
615656.0
615657.0
615658.0
615659.0
615660.0
615661.0
0.0
615732.0
615733.0
615734.0
615735.0
615742.0
615743.0
615744.0
615815.0
615816.0
615818.0
615819.0
615820.0
615821.0
615823.0
615824.0
615825.0
615826.0
615897.0
615898.0
615899.0
615901.0
615902.0
615903.0
615904.0
615906.0
615907.0
615908.0
615979.0
615980.0
615982.0
615983.0
615984.0
615985.0
615986.0
615989.0
615990.0
616063.0
616064.0
616065.0
616066.0
616067.0
616072.0
616073.0
616074.0
616149.0
623954.0
623955.0
623956.0
623957.0
624035.0
624036.0
624037.0
624038.0
624039.0
624040.0
624043.0
0.0
624117.0
624118.0
624119.0
624120.0
624123.0
624126.0
0.0
624200.0
624201.0
624202.0
624205.0
624206.0
624207.0
624208.0
624209.0
624282.0
624283.0
624284.0
624285.0
624286.0
624287.0
624288.0
624289.0
624290.0
624291.0
624292.0
624364.0
624365.0
624366.0
624367.0
624369.0
624370.0
624371.0
624372.0
624373.0
624374.0
624375.0
624447.0
624448.0
624449.0
624451.0
624452.0
624453.0
624454.0
624456.0
624457.0
624458.0
624531.0
624532.0
624534.0
624535.0
624536.0
624537.0
624538.0
624539.0
624540.0
624614.0
624615.0
624616.0
624617.0
624618.0
624619.0
624621.0
624622.0
624695.0
624697.0
624698.0
624699.0
624704.0
624705.0
624787.0
624788.0
632751.0
632832.0
632833.0
632834.0
632836.0
632837.0
632838.0
632839.0
632914.0
632915.0
632916.0
632917.0
632918.0
632919.0
632920.0
632921.0
632922.0
632923.0
632924.0
632996.0
632997.0
632998.0
632999.0
633000.0
633001.0
633002.0
633003.0
633004.0
633005.0
633006.0
633007.0
633079.0
633080.0
633081.0
633082.0
633083.0
633084.0
633085.0
633086.0
633087.0
633088.0
633089.0
633090.0
633162.0
633163.0
633164.0
633166.0
633167.0
633168.0
633169.0
633170.0
633171.0
633172.0
633245.0
633246.0
633247.0
633248.0
633249.0
633250.0
633251.0
633252.0
633253.0
633254.0
633328.0
633329.0
633330.0
633332.0
633334.0
633336.0
633337.0
633418.0
633419.0
633420.0
641549.0
641550.0
641630.0
641631.0
641636.0
641712.0
641713.0
641717.0
641718.0
641719.0
641720.0
641721.0
641799.0
641800.0
641801.0
641802.0
641803.0
641804.0
641880.0
641881.0
641882.0
641883.0
641884.0
641885.0
641886.0
641964.0
641965.0
641966.0
641967.0
641968.0
641969.0
642047.0
642049.0
642050.0
642051.0
650514.0
650515.0
