0.0
0.0
0.0
0.0
0.0
0.0
0.0
0.0
0.0
0.0
0.0
0.0
0.0
0.0
0.0
0.0
0.0
0.0
0.0
0.0
0.0
0.0
0.0
0.0
0.0
0.0
0.0
0.0
0.0
0.0
0.0
0.0
0.0
0.0
0.0
0.0
0.0
0.0
0.0
0.0
0.0
0.0
0.0
0.0
0.0
0.0
0.0
0.0
0.0
0.0
0.0
0.0
0.0
0.0
0.0
0.0
0.0
0.0
0.0
0.0
0.0
0.0
0.0
0.0
0.0
0.0
0.0
0.0
0.0
0.0
0.0
0.0
0.0
0.0
0.0
0.0
0.0
0.0
0.0
0.0
0.0
0.0
0.0
0.0
0.0
0.0
0.0
0.0
0.0
0.0
0.0
0.0
0.0
0.0
0.0
0.0
0.0
0.0
0.0
0.0
0.0
0.0
0.0
0.0
0.0
0.0
0.0
0.0
0.0
0.0
0.0
0.0
0.0
0.0
0.0
0.0
0.0
0.0
0.0
0.0
0.0
0.0
0.0
0.0
0.0
0.0
0.0
0.0
0.0
0.0
0.0
0.0
0.0
0.0
0.0
0.0
0.0
0.0
0.0
0.0
0.0
0.0
0.0
0.0
0.0
0.0
0.0
0.0
0.0
0.0
0.0
0.0
0.0
0.0
0.0
0.0
0.0
0.0
0.0
0.0
0.0
0.0
0.0
0.0
0.0
0.0
0.0
0.0
0.0
0.0
0.0
0.0
0.0
0.0
0.0
0.0
0.0
0.0
0.0
0.0
0.0
0.0
0.0
0.0
0.0
0.0
0.0
0.0
0.0
0.0
0.0
0.0
0.0
0.0
0.0
0.0
0.0
0.0
0.0
0.0
0.0
0.0
0.0
0.0
0.0
0.0
0.0
0.0
0.0
0.0
0.0
0.0
0.0
0.0
0.0
0.0
0.0
0.0
0.0
0.0
0.0
0.0
0.0
0.0
0.0
0.0
0.0
0.0
0.0
0.0
0.0
0.0
0.0
0.0
0.0
0.0
0.0
0.0
0.0
0.0
0.0
0.0
0.0
0.0
0.0
0.0
0.0
0.0
0.0
0.0
0.0
0.0
0.0
0.0
0.0
0.0
139560.0
139561.0
0.0
0.0
0.0
0.0
0.0
0.0
0.0
139642.0
139643.0
139644.0
139645.0
0.0
0.0
0.0
0.0
0.0
139724.0
139725.0
139726.0
139727.0
0.0
0.0
0.0
0.0
0.0
0.0
0.0
139807.0
0.0
139809.0
139810.0
0.0
0.0
0.0
0.0
0.0
0.0
0.0
0.0
139893.0
0.0
0.0
0.0
0.0
0.0
0.0
0.0
0.0
0.0
0.0
0.0
0.0
0.0
0.0
0.0
0.0
0.0
0.0
0.0
0.0
0.0
0.0
0.0
0.0
0.0
0.0
0.0
0.0
0.0
0.0
0.0
0.0
0.0
0.0
0.0
0.0
0.0
0.0
0.0
0.0
0.0
0.0
0.0
0.0
0.0
0.0
0.0
0.0
0.0
0.0
0.0
0.0
0.0
0.0
0.0
0.0
0.0
0.0
148027.0
0.0
0.0
0.0
0.0
0.0
0.0
0.0
0.0
148108.0
148109.0
148110.0
148111.0
0.0
0.0
0.0
0.0
0.0
0.0
0.0
0.0
0.0
148191.0
148192.0
148193.0
148194.0
0.0
0.0
0.0
0.0
0.0
0.0
0.0
0.0
0.0
0.0
0.0
0.0
148272.0
148273.0
148274.0
148275.0
148276.0
148277.0
148278.0
0.0
0.0
0.0
0.0
0.0
0.0
0.0
148355.0
148356.0
148357.0
148358.0
148359.0
148360.0
148361.0
0.0
0.0
0.0
0.0
0.0
0.0
0.0
0.0
0.0
148439.0
148440.0
148441.0
148442.0
148443.0
0.0
0.0
0.0
0.0
0.0
0.0
0.0
0.0
0.0
0.0
0.0
0.0
148525.0
0.0
0.0
0.0
0.0
0.0
0.0
0.0
0.0
0.0
148604.0
0.0
0.0
148608.0
0.0
0.0
0.0
0.0
0.0
0.0
0.0
0.0
0.0
0.0
0.0
0.0
0.0
0.0
0.0
0.0
0.0
0.0
0.0
148849.0
0.0
0.0
0.0
0.0
0.0
0.0
148932.0
148933.0
0.0
0.0
0.0
0.0
0.0
0.0
0.0
0.0
0.0
0.0
0.0
0.0
0.0
149099.0
149100.0
0.0
0.0
149182.0
149183.0
0.0
0.0
0.0
149265.0
149266.0
0.0
0.0
0.0
149349.0
0.0
0.0
0.0
0.0
0.0
0.0
156575.0
0.0
0.0
0.0
0.0
0.0
0.0
0.0
156657.0
156658.0
156659.0
0.0
0.0
0.0
0.0
0.0
0.0
0.0
0.0
0.0
0.0
0.0
156738.0
156739.0
156740.0
156741.0
156742.0
0.0
0.0
0.0
0.0
0.0
0.0
0.0
0.0
0.0
0.0
0.0
0.0
156820.0
156821.0
156823.0
156824.0
156825.0
156826.0
0.0
0.0
0.0
0.0
0.0
0.0
0.0
0.0
0.0
0.0
0.0
156903.0
156904.0
156905.0
156906.0
156909.0
156910.0
0.0
0.0
0.0
0.0
0.0
0.0
0.0
0.0
156987.0
156988.0
156989.0
156991.0
156992.0
156993.0
0.0
0.0
0.0
0.0
0.0
0.0
0.0
0.0
0.0
0.0
0.0
157069.0
157070.0
157071.0
157072.0
157074.0
157075.0
0.0
0.0
0.0
0.0
0.0
0.0
0.0
0.0
0.0
0.0
0.0
157151.0
157152.0
157153.0
157154.0
157155.0
157156.0
157157.0
157158.0
0.0
0.0
0.0
0.0
0.0
0.0
0.0
0.0
0.0
0.0
157234.0
157235.0
157236.0
157237.0
157238.0
0.0
157240.0
0.0
0.0
0.0
0.0
0.0
0.0
0.0
0.0
0.0
0.0
157317.0
157318.0
0.0
157320.0
157321.0
157322.0
157323.0
0.0
0.0
0.0
0.0
0.0
0.0
0.0
0.0
0.0
157401.0
157402.0
157403.0
0.0
0.0
0.0
0.0
0.0
0.0
0.0
0.0
0.0
157482.0
157483.0
157485.0
157486.0
0.0
0.0
0.0
0.0
0.0
0.0
157563.0
157564.0
157565.0
157566.0
157573.0
157574.0
0.0
0.0
0.0
0.0
0.0
0.0
0.0
157646.0
157647.0
157648.0
157649.0
0.0
0.0
157656.0
157657.0
0.0
0.0
0.0
0.0
157730.0
157731.0
157732.0
157733.0
0.0
0.0
0.0
0.0
157813.0
157814.0
157815.0
0.0
0.0
157896.0
157897.0
157898.0
0.0
157980.0
0.0
0.0
0.0
0.0
0.0
0.0
0.0
0.0
158228.0
158229.0
158312.0
158313.0
0.0
0.0
165044.0
0.0
0.0
0.0
0.0
0.0
0.0
0.0
0.0
0.0
0.0
0.0
0.0
0.0
0.0
0.0
0.0
0.0
0.0
0.0
0.0
0.0
0.0
0.0
0.0
0.0
165287.0
165288.0
165289.0
165290.0
0.0
0.0
0.0
0.0
0.0
0.0
0.0
0.0
0.0
0.0
0.0
0.0
0.0
165369.0
165370.0
165371.0
165372.0
165373.0
0.0
0.0
0.0
0.0
0.0
0.0
0.0
0.0
0.0
0.0
0.0
0.0
165452.0
165453.0
165454.0
0.0
0.0
0.0
0.0
0.0
0.0
0.0
0.0
0.0
0.0
165535.0
165536.0
165537.0
0.0
0.0
0.0
0.0
0.0
0.0
0.0
0.0
165617.0
165618.0
165619.0
165620.0
165621.0
165624.0
165625.0
0.0
0.0
0.0
0.0
0.0
0.0
0.0
0.0
0.0
0.0
165700.0
165701.0
165702.0
165703.0
165704.0
165705.0
165706.0
165707.0
165708.0
0.0
0.0
0.0
0.0
0.0
0.0
0.0
0.0
0.0
0.0
0.0
165783.0
165784.0
165785.0
165786.0
165787.0
165789.0
165790.0
0.0
0.0
0.0
0.0
0.0
0.0
0.0
0.0
0.0
0.0
0.0
165866.0
165867.0
165869.0
165871.0
165872.0
165873.0
0.0
0.0
0.0
0.0
0.0
0.0
0.0
0.0
0.0
0.0
0.0
165949.0
165950.0
165951.0
165952.0
165953.0
165954.0
165955.0
0.0
0.0
0.0
0.0
0.0
0.0
0.0
0.0
0.0
0.0
166032.0
166033.0
166034.0
166035.0
166036.0
0.0
0.0
0.0
0.0
0.0
0.0
0.0
0.0
0.0
0.0
0.0
0.0
0.0
0.0
166116.0
166117.0
166118.0
166119.0
0.0
0.0
0.0
0.0
0.0
0.0
166195.0
166196.0
166197.0
0.0
166199.0
166200.0
166201.0
166202.0
166205.0
166206.0
0.0
0.0
0.0
0.0
166277.0
166278.0
166279.0
166280.0
166281.0
166282.0
166287.0
166288.0
166289.0
0.0
0.0
0.0
166360.0
166361.0
166362.0
166363.0
166364.0
166365.0
0.0
166370.0
166371.0
166372.0
166445.0
166446.0
166447.0
166448.0
0.0
166528.0
166529.0
166530.0
166531.0
166532.0
166533.0
0.0
166611.0
166612.0
166615.0
166616.0
0.0
166693.0
166694.0
0.0
0.0
166776.0
166777.0
166778.0
166779.0
166860.0
166861.0
166862.0
166944.0
166945.0
167027.0
167028.0
167110.0
0.0
0.0
173592.0
0.0
173674.0
173675.0
173676.0
0.0
0.0
0.0
0.0
0.0
0.0
173753.0
173754.0
0.0
173757.0
173759.0
0.0
0.0
0.0
0.0
0.0
0.0
0.0
0.0
0.0
173836.0
173837.0
173838.0
0.0
0.0
0.0
0.0
0.0
0.0
0.0
0.0
0.0
0.0
0.0
0.0
0.0
0.0
0.0
173918.0
173919.0
173920.0
173921.0
173922.0
0.0
0.0
0.0
0.0
0.0
0.0
0.0
0.0
0.0
0.0
0.0
0.0
0.0
0.0
174000.0
174001.0
174002.0
174003.0
174004.0
0.0
0.0
0.0
0.0
0.0
0.0
0.0
0.0
0.0
0.0
0.0
0.0
0.0
0.0
174084.0
174085.0
174086.0
0.0
0.0
0.0
0.0
0.0
0.0
0.0
0.0
0.0
0.0
0.0
0.0
0.0
174166.0
174167.0
174168.0
174169.0
174170.0
0.0
0.0
0.0
0.0
0.0
0.0
0.0
0.0
0.0
0.0
0.0
0.0
0.0
174249.0
174250.0
174251.0
174252.0
174253.0
0.0
0.0
0.0
0.0
0.0
0.0
0.0
0.0
0.0
0.0
174332.0
174333.0
174334.0
174335.0
174336.0
174338.0
174339.0
0.0
0.0
0.0
0.0
0.0
0.0
0.0
0.0
0.0
0.0
0.0
0.0
174415.0
174416.0
174417.0
174418.0
174419.0
174421.0
174422.0
0.0
0.0
0.0
0.0
0.0
0.0
0.0
0.0
0.0
0.0
0.0
0.0
0.0
174498.0
174499.0
174500.0
174504.0
174505.0
0.0
0.0
0.0
0.0
0.0
0.0
0.0
0.0
0.0
0.0
174582.0
174584.0
0.0
0.0
0.0
0.0
0.0
0.0
0.0
0.0
0.0
0.0
0.0
0.0
174664.0
174665.0
174667.0
174668.0
174669.0
0.0
0.0
0.0
0.0
0.0
0.0
0.0
0.0
0.0
174747.0
174748.0
174749.0
174750.0
174751.0
174752.0
0.0
0.0
0.0
0.0
0.0
0.0
0.0
0.0
0.0
0.0
174830.0
174832.0
174833.0
174834.0
174835.0
174837.0
174838.0
0.0
0.0
0.0
0.0
0.0
174910.0
174911.0
174913.0
174914.0
174917.0
174918.0
174919.0
174920.0
174921.0
0.0
0.0
174992.0
174993.0
174994.0
174995.0
174997.0
0.0
175001.0
175002.0
175003.0
175004.0
175075.0
175076.0
175077.0
175078.0
175079.0
175080.0
175081.0
175082.0
175083.0
175084.0
175085.0
175086.0
175158.0
175159.0
175160.0
175161.0
175163.0
175164.0
175165.0
175166.0
175167.0
175168.0
175241.0
175242.0
175243.0
175244.0
175246.0
175247.0
175248.0
175324.0
175325.0
175326.0
175327.0
175328.0
175330.0
175331.0
175408.0
175409.0
175410.0
175411.0
0.0
175493.0
175494.0
0.0
175576.0
175577.0
175659.0
175660.0
175742.0
175743.0
176897.0
176898.0
176899.0
176978.0
176979.0
176980.0
176981.0
176982.0
177062.0
182222.0
182223.0
182224.0
0.0
0.0
0.0
0.0
0.0
182305.0
182306.0
182307.0
182308.0
182309.0
0.0
0.0
0.0
0.0
182384.0
182385.0
182386.0
0.0
182388.0
182389.0
182390.0
182391.0
0.0
0.0
0.0
0.0
0.0
0.0
0.0
0.0
0.0
0.0
182467.0
182468.0
182469.0
0.0
0.0
0.0
0.0
0.0
0.0
0.0
0.0
0.0
0.0
0.0
0.0
182550.0
182551.0
182553.0
0.0
0.0
0.0
0.0
0.0
0.0
0.0
0.0
0.0
0.0
182633.0
182634.0
182635.0
0.0
0.0
0.0
0.0
0.0
0.0
0.0
0.0
0.0
0.0
0.0
182717.0
182718.0
182719.0
0.0
0.0
0.0
0.0
0.0
0.0
0.0
0.0
0.0
0.0
0.0
0.0
0.0
0.0
182798.0
182799.0
182800.0
182801.0
182802.0
0.0
0.0
0.0
0.0
0.0
0.0
0.0
0.0
0.0
0.0
0.0
0.0
0.0
0.0
0.0
182881.0
182882.0
182883.0
182884.0
182885.0
0.0
0.0
0.0
0.0
0.0
0.0
0.0
0.0
0.0
0.0
0.0
0.0
182966.0
182967.0
182968.0
0.0
0.0
0.0
0.0
0.0
0.0
0.0
0.0
0.0
0.0
0.0
183048.0
183049.0
183050.0
183051.0
183053.0
183054.0
0.0
0.0
0.0
0.0
0.0
0.0
0.0
0.0
0.0
0.0
183131.0
183132.0
0.0
0.0
0.0
0.0
0.0
0.0
0.0
0.0
0.0
0.0
183213.0
183214.0
183215.0
183217.0
183218.0
183219.0
183220.0
0.0
0.0
0.0
0.0
0.0
0.0
0.0
0.0
0.0
0.0
183296.0
183297.0
183298.0
183300.0
183301.0
183302.0
183303.0
0.0
0.0
0.0
0.0
0.0
0.0
0.0
0.0
183378.0
183379.0
183380.0
183381.0
183383.0
183384.0
0.0
0.0
0.0
0.0
0.0
0.0
0.0
183462.0
183466.0
183467.0
183469.0
183470.0
0.0
0.0
0.0
183545.0
183546.0
183547.0
183549.0
183550.0
183551.0
183552.0
183553.0
0.0
0.0
183626.0
183627.0
183629.0
183630.0
183631.0
183632.0
183633.0
183634.0
183635.0
183636.0
183707.0
183708.0
183709.0
183710.0
183711.0
183712.0
183713.0
183714.0
183715.0
183716.0
183717.0
183718.0
183790.0
183791.0
183792.0
183793.0
183794.0
183795.0
183796.0
183797.0
183798.0
183799.0
183800.0
183872.0
183873.0
183874.0
183875.0
183876.0
183877.0
183879.0
183880.0
183955.0
183956.0
183957.0
183958.0
183959.0
183960.0
183962.0
183963.0
184038.0
184039.0
184040.0
184041.0
184042.0
184043.0
184121.0
184125.0
184126.0
184205.0
184206.0
184208.0
184209.0
184290.0
184291.0
184292.0
0.0
184374.0
184375.0
185527.0
185528.0
185529.0
185530.0
185531.0
185609.0
185610.0
185611.0
185612.0
185613.0
185614.0
185693.0
185694.0
190772.0
190773.0
0.0
0.0
190851.0
190852.0
190854.0
190855.0
190856.0
190857.0
0.0
0.0
0.0
0.0
190933.0
0.0
190935.0
190936.0
190937.0
190939.0
190940.0
0.0
0.0
0.0
0.0
0.0
0.0
191016.0
191017.0
0.0
191019.0
191020.0
191022.0
191023.0
0.0
0.0
0.0
0.0
0.0
0.0
0.0
0.0
0.0
0.0
0.0
0.0
191097.0
191098.0
191099.0
191100.0
0.0
191103.0
191105.0
0.0
0.0
0.0
0.0
0.0
0.0
0.0
0.0
0.0
0.0
0.0
191179.0
191180.0
191181.0
191182.0
191183.0
191184.0
0.0
0.0
0.0
0.0
0.0
0.0
0.0
0.0
0.0
191264.0
191265.0
191266.0
191267.0
191268.0
0.0
0.0
0.0
0.0
0.0
0.0
0.0
0.0
0.0
0.0
0.0
0.0
191347.0
191350.0
191351.0
0.0
0.0
0.0
0.0
0.0
0.0
0.0
0.0
0.0
0.0
0.0
0.0
0.0
0.0
191431.0
191432.0
191433.0
191434.0
0.0
0.0
0.0
0.0
0.0
0.0
0.0
0.0
0.0
0.0
0.0
0.0
0.0
191514.0
191515.0
191516.0
191517.0
0.0
0.0
0.0
0.0
0.0
0.0
0.0
0.0
0.0
0.0
0.0
191598.0
191599.0
191600.0
191601.0
0.0
0.0
0.0
0.0
0.0
0.0
0.0
0.0
0.0
0.0
191682.0
191683.0
0.0
0.0
0.0
0.0
0.0
0.0
0.0
0.0
0.0
0.0
0.0
191763.0
191764.0
191768.0
191769.0
0.0
0.0
0.0
0.0
0.0
0.0
191844.0
191845.0
191846.0
191847.0
191850.0
191851.0
191852.0
0.0
0.0
0.0
0.0
0.0
0.0
0.0
0.0
191928.0
191929.0
191930.0
191932.0
191933.0
191934.0
191935.0
0.0
0.0
0.0
0.0
0.0
0.0
0.0
0.0
192011.0
192012.0
192013.0
192015.0
192016.0
192017.0
192018.0
0.0
0.0
0.0
0.0
0.0
0.0
192094.0
192095.0
192096.0
192099.0
192100.0
192101.0
0.0
0.0
0.0
192177.0
192178.0
192179.0
192180.0
192182.0
192183.0
192184.0
192185.0
192256.0
192257.0
192261.0
192262.0
192263.0
192264.0
192265.0
192266.0
192267.0
192268.0
192339.0
192340.0
192342.0
192344.0
192345.0
192346.0
192347.0
192348.0
192349.0
192350.0
192422.0
192423.0
192424.0
192425.0
192426.0
192427.0
192428.0
192429.0
192430.0
192431.0
192504.0
192505.0
192506.0
192507.0
192508.0
192509.0
192511.0
192512.0
192587.0
192588.0
192590.0
192591.0
192592.0
192594.0
192670.0
192671.0
192673.0
192674.0
192675.0
192753.0
192836.0
192837.0
192838.0
192839.0
192840.0
192920.0
192921.0
192922.0
192923.0
194074.0
194157.0
194158.0
194159.0
194160.0
194161.0
194162.0
194241.0
194242.0
194243.0
194244.0
194324.0
194325.0
194326.0
199321.0
199322.0
199399.0
199400.0
199401.0
199403.0
199404.0
199405.0
199406.0
0.0
0.0
0.0
199482.0
199483.0
199484.0
199485.0
199486.0
199487.0
199488.0
199489.0
0.0
0.0
0.0
0.0
199565.0
199566.0
199567.0
199568.0
199569.0
199571.0
199572.0
0.0
0.0
0.0
0.0
0.0
0.0
0.0
0.0
199645.0
199646.0
199647.0
199648.0
199649.0
0.0
199652.0
199654.0
0.0
0.0
0.0
0.0
0.0
0.0
0.0
0.0
0.0
0.0
0.0
0.0
199728.0
199729.0
199730.0
199731.0
199732.0
199733.0
0.0
199737.0
0.0
0.0
0.0
0.0
0.0
0.0
0.0
0.0
0.0
0.0
0.0
0.0
0.0
0.0
199812.0
199813.0
199814.0
199815.0
199816.0
199817.0
0.0
0.0
0.0
0.0
0.0
0.0
0.0
0.0
0.0
0.0
199896.0
199897.0
199898.0
199899.0
199900.0
199901.0
0.0
0.0
0.0
0.0
0.0
0.0
0.0
0.0
199978.0
199979.0
199980.0
199981.0
199982.0
199983.0
199984.0
0.0
0.0
0.0
0.0
0.0
0.0
0.0
0.0
200063.0
200064.0
200065.0
200066.0
200067.0
0.0
0.0
0.0
0.0
0.0
0.0
0.0
0.0
0.0
200146.0
200147.0
200148.0
200149.0
200150.0
0.0
0.0
0.0
0.0
0.0
0.0
200230.0
200231.0
200232.0
200233.0
0.0
0.0
0.0
0.0
0.0
0.0
0.0
0.0
200315.0
200318.0
0.0
0.0
0.0
0.0
0.0
0.0
0.0
0.0
0.0
200395.0
200396.0
200400.0
200401.0
0.0
0.0
0.0
0.0
0.0
0.0
0.0
0.0
200478.0
200479.0
200484.0
0.0
0.0
0.0
0.0
0.0
0.0
0.0
0.0
0.0
200560.0
200561.0
200562.0
200565.0
200566.0
0.0
0.0
0.0
0.0
0.0
0.0
0.0
0.0
0.0
200643.0
200644.0
200645.0
200647.0
200648.0
200649.0
0.0
0.0
0.0
0.0
0.0
0.0
0.0
200727.0
200728.0
200731.0
200732.0
200733.0
200734.0
0.0
200807.0
200810.0
200811.0
200812.0
200814.0
200815.0
200816.0
200817.0
200889.0
200890.0
200893.0
200894.0
200895.0
200898.0
200899.0
200900.0
200971.0
200972.0
200973.0
200976.0
200977.0
200978.0
200979.0
201054.0
201055.0
201056.0
201060.0
201061.0
201137.0
201138.0
201143.0
201220.0
201221.0
201223.0
201224.0
201302.0
201303.0
201304.0
201385.0
201386.0
201468.0
201469.0
201470.0
201471.0
201472.0
201552.0
201553.0
201554.0
202705.0
202706.0
202707.0
202789.0
202790.0
202872.0
202873.0
202874.0
202875.0
202876.0
202877.0
202956.0
202957.0
202958.0
202959.0
202960.0
203042.0
203043.0
0.0
207949.0
207950.0
207952.0
207953.0
207954.0
0.0
0.0
208031.0
208032.0
208033.0
208034.0
208035.0
208036.0
208037.0
0.0
0.0
0.0
208114.0
208115.0
208116.0
208117.0
208118.0
208121.0
0.0
0.0
0.0
0.0
208196.0
208197.0
208198.0
208200.0
208201.0
208203.0
208204.0
0.0
0.0
0.0
0.0
0.0
0.0
208279.0
208280.0
208281.0
208282.0
208283.0
208284.0
208285.0
208286.0
0.0
0.0
0.0
0.0
0.0
0.0
0.0
0.0
0.0
0.0
0.0
0.0
0.0
0.0
0.0
208362.0
208363.0
208364.0
208365.0
208366.0
208368.0
0.0
0.0
0.0
0.0
0.0
0.0
0.0
0.0
0.0
0.0
0.0
0.0
0.0
0.0
0.0
0.0
208447.0
208448.0
208449.0
208450.0
0.0
0.0
0.0
0.0
0.0
0.0
0.0
0.0
0.0
0.0
0.0
0.0
0.0
208531.0
208532.0
208533.0
0.0
0.0
0.0
0.0
0.0
0.0
0.0
0.0
208611.0
208612.0
208613.0
208614.0
208615.0
208616.0
0.0
0.0
0.0
0.0
0.0
0.0
0.0
0.0
0.0
208694.0
208695.0
208696.0
208697.0
208698.0
208699.0
0.0
0.0
0.0
0.0
0.0
0.0
0.0
0.0
0.0
0.0
0.0
0.0
208778.0
208779.0
208780.0
208781.0
208782.0
0.0
0.0
0.0
0.0
0.0
0.0
0.0
0.0
0.0
0.0
0.0
208864.0
0.0
0.0
0.0
0.0
0.0
0.0
0.0
0.0
0.0
0.0
0.0
0.0
0.0
0.0
0.0
0.0
0.0
0.0
0.0
0.0
0.0
0.0
0.0
0.0
209033.0
0.0
0.0
0.0
0.0
0.0
0.0
0.0
0.0
0.0
0.0
0.0
0.0
0.0
0.0
0.0
0.0
0.0
0.0
0.0
0.0
0.0
0.0
0.0
0.0
0.0
0.0
0.0
0.0
0.0
0.0
209357.0
209438.0
209439.0
209440.0
209521.0
209522.0
209523.0
209604.0
209605.0
209606.0
209687.0
209688.0
209769.0
209770.0
209771.0
209852.0
209853.0
209854.0
209855.0
209935.0
209936.0
209937.0
209938.0
210018.0
210019.0
210100.0
210101.0
210102.0
210103.0
210104.0
210184.0
210185.0
210186.0
0.0
0.0
0.0
0.0
211337.0
211338.0
211420.0
211421.0
211422.0
211503.0
211504.0
211505.0
211506.0
211588.0
211589.0
211590.0
211591.0
0.0
211672.0
211673.0
211674.0
211675.0
211756.0
211757.0
211758.0
0.0
0.0
0.0
216501.0
216502.0
0.0
0.0
0.0
216581.0
216582.0
216583.0
216584.0
216585.0
0.0
0.0
0.0
0.0
216663.0
216664.0
216665.0
216666.0
216667.0
216668.0
0.0
0.0
0.0
0.0
0.0
216745.0
216746.0
216747.0
216748.0
216749.0
216750.0
0.0
0.0
0.0
0.0
0.0
216828.0
216829.0
216830.0
216832.0
216833.0
0.0
0.0
0.0
0.0
216912.0
216913.0
216914.0
0.0
0.0
0.0
0.0
0.0
0.0
0.0
0.0
0.0
216996.0
216997.0
0.0
0.0
0.0
0.0
0.0
0.0
0.0
0.0
0.0
0.0
0.0
217080.0
0.0
0.0
0.0
0.0
0.0
0.0
0.0
0.0
0.0
0.0
0.0
0.0
0.0
0.0
0.0
0.0
0.0
217243.0
0.0
0.0
0.0
0.0
0.0
0.0
0.0
0.0
0.0
217326.0
217327.0
0.0
0.0
0.0
0.0
0.0
0.0
0.0
0.0
217410.0
0.0
0.0
0.0
0.0
0.0
0.0
0.0
0.0
0.0
0.0
0.0
0.0
0.0
0.0
0.0
0.0
0.0
0.0
0.0
0.0
0.0
0.0
0.0
0.0
0.0
0.0
0.0
0.0
0.0
0.0
0.0
0.0
0.0
0.0
0.0
0.0
0.0
0.0
0.0
0.0
0.0
0.0
0.0
0.0
0.0
0.0
0.0
0.0
217988.0
0.0
0.0
218071.0
218072.0
218073.0
218155.0
218156.0
218237.0
218238.0
218319.0
218320.0
218321.0
218402.0
218403.0
218404.0
218486.0
218487.0
218488.0
218567.0
218568.0
218569.0
218570.0
218571.0
218650.0
218651.0
218652.0
218653.0
0.0
218733.0
218734.0
218735.0
0.0
0.0
0.0
0.0
218817.0
218818.0
218819.0
0.0
0.0
0.0
0.0
0.0
0.0
0.0
0.0
0.0
0.0
0.0
0.0
0.0
0.0
0.0
0.0
0.0
0.0
0.0
220052.0
220053.0
220054.0
220135.0
220136.0
220137.0
220138.0
0.0
0.0
220219.0
220220.0
220221.0
220222.0
220223.0
0.0
220302.0
220303.0
220304.0
220305.0
220306.0
220307.0
220385.0
220386.0
220387.0
220388.0
220389.0
220390.0
0.0
220470.0
220471.0
220472.0
0.0
0.0
0.0
0.0
225131.0
225132.0
225133.0
0.0
0.0
0.0
0.0
0.0
225212.0
225213.0
225214.0
225215.0
225216.0
225217.0
0.0
0.0
0.0
0.0
225295.0
225296.0
225297.0
225298.0
225299.0
0.0
0.0
0.0
0.0
0.0
0.0
0.0
0.0
0.0
0.0
0.0
0.0
0.0
0.0
0.0
225461.0
0.0
0.0
0.0
0.0
0.0
0.0
0.0
0.0
0.0
0.0
0.0
0.0
0.0
0.0
0.0
0.0
0.0
0.0
0.0
0.0
0.0
0.0
0.0
0.0
0.0
0.0
0.0
0.0
0.0
0.0
0.0
0.0
0.0
0.0
0.0
0.0
0.0
0.0
0.0
0.0
0.0
0.0
0.0
0.0
0.0
0.0
0.0
0.0
0.0
0.0
0.0
0.0
0.0
0.0
0.0
0.0
0.0
0.0
0.0
0.0
0.0
0.0
0.0
0.0
0.0
0.0
0.0
0.0
0.0
0.0
0.0
0.0
0.0
0.0
0.0
0.0
0.0
0.0
0.0
0.0
0.0
0.0
0.0
0.0
0.0
0.0
0.0
0.0
0.0
0.0
0.0
0.0
0.0
0.0
0.0
0.0
0.0
0.0
0.0
0.0
0.0
0.0
0.0
0.0
0.0
0.0
0.0
0.0
0.0
0.0
0.0
0.0
0.0
0.0
0.0
0.0
0.0
0.0
0.0
0.0
0.0
226704.0
226705.0
0.0
0.0
0.0
226786.0
226787.0
226788.0
0.0
0.0
0.0
226869.0
226870.0
0.0
0.0
0.0
226952.0
226953.0
0.0
0.0
227035.0
227036.0
227037.0
0.0
0.0
227119.0
227120.0
0.0
0.0
227200.0
227201.0
227202.0
227203.0
0.0
227282.0
227283.0
227284.0
227285.0
227286.0
0.0
0.0
0.0
227365.0
227366.0
227367.0
227368.0
0.0
0.0
0.0
0.0
0.0
0.0
227449.0
0.0
0.0
0.0
0.0
0.0
0.0
0.0
0.0
0.0
0.0
0.0
0.0
0.0
0.0
0.0
0.0
0.0
0.0
228767.0
228768.0
228769.0
0.0
0.0
0.0
228850.0
228851.0
228852.0
228853.0
228854.0
228855.0
228933.0
228934.0
228935.0
0.0
0.0
228938.0
229017.0
0.0
229020.0
229021.0
0.0
229103.0
229104.0
0.0
0.0
0.0
0.0
233763.0
233764.0
233765.0
0.0
0.0
0.0
0.0
233844.0
233845.0
233846.0
233847.0
233848.0
0.0
0.0
0.0
0.0
0.0
233927.0
233928.0
233929.0
0.0
0.0
0.0
0.0
0.0
0.0
0.0
0.0
0.0
0.0
0.0
0.0
0.0
0.0
0.0
0.0
0.0
0.0
0.0
0.0
0.0
0.0
0.0
0.0
0.0
0.0
0.0
0.0
0.0
0.0
0.0
0.0
0.0
0.0
0.0
0.0
0.0
0.0
0.0
0.0
0.0
0.0
0.0
0.0
0.0
0.0
0.0
0.0
0.0
0.0
0.0
0.0
0.0
0.0
0.0
0.0
0.0
0.0
0.0
0.0
0.0
0.0
0.0
0.0
0.0
0.0
0.0
0.0
0.0
0.0
0.0
0.0
0.0
0.0
0.0
0.0
0.0
0.0
0.0
0.0
0.0
0.0
0.0
0.0
0.0
0.0
0.0
0.0
0.0
0.0
0.0
0.0
0.0
0.0
0.0
0.0
0.0
0.0
0.0
0.0
0.0
0.0
0.0
0.0
0.0
0.0
0.0
0.0
0.0
0.0
0.0
0.0
0.0
0.0
0.0
0.0
0.0
0.0
0.0
0.0
0.0
0.0
0.0
235336.0
235337.0
0.0
235418.0
235419.0
235420.0
0.0
0.0
235501.0
235502.0
0.0
235584.0
235585.0
0.0
0.0
235667.0
0.0
0.0
0.0
0.0
0.0
0.0
0.0
0.0
0.0
0.0
0.0
0.0
0.0
0.0
235915.0
235916.0
235917.0
0.0
0.0
0.0
0.0
0.0
235998.0
235999.0
236000.0
0.0
0.0
0.0
0.0
236080.0
236081.0
236082.0
0.0
0.0
0.0
0.0
0.0
0.0
0.0
0.0
0.0
0.0
0.0
0.0
0.0
0.0
0.0
0.0
0.0
0.0
0.0
237482.0
0.0
237486.0
237565.0
0.0
0.0
0.0
0.0
0.0
242478.0
242479.0
0.0
242560.0
242561.0
0.0
0.0
0.0
0.0
0.0
242644.0
0.0
0.0
0.0
0.0
0.0
0.0
0.0
0.0
0.0
0.0
0.0
0.0
0.0
0.0
0.0
0.0
0.0
0.0
0.0
0.0
0.0
0.0
0.0
0.0
0.0
0.0
0.0
0.0
0.0
0.0
0.0
0.0
0.0
0.0
0.0
0.0
0.0
0.0
0.0
0.0
0.0
0.0
0.0
0.0
0.0
0.0
0.0
0.0
0.0
0.0
0.0
0.0
0.0
0.0
0.0
0.0
0.0
0.0
0.0
0.0
0.0
0.0
0.0
0.0
0.0
0.0
0.0
0.0
0.0
0.0
0.0
0.0
0.0
0.0
0.0
0.0
0.0
0.0
0.0
0.0
0.0
0.0
0.0
0.0
0.0
0.0
0.0
0.0
0.0
0.0
0.0
0.0
0.0
0.0
0.0
0.0
0.0
0.0
0.0
0.0
0.0
0.0
0.0
0.0
0.0
0.0
0.0
0.0
0.0
0.0
0.0
0.0
0.0
0.0
0.0
0.0
0.0
0.0
243968.0
0.0
0.0
244051.0
244052.0
0.0
244133.0
244134.0
0.0
0.0
0.0
0.0
0.0
0.0
0.0
0.0
0.0
0.0
0.0
0.0
0.0
0.0
0.0
0.0
0.0
0.0
0.0
0.0
0.0
0.0
0.0
0.0
0.0
0.0
0.0
244630.0
0.0
0.0
0.0
0.0
0.0
0.0
244713.0
0.0
0.0
0.0
0.0
0.0
0.0
0.0
0.0
0.0
0.0
0.0
0.0
0.0
0.0
0.0
0.0
0.0
0.0
0.0
0.0
0.0
0.0
0.0
0.0
0.0
0.0
0.0
0.0
0.0
0.0
0.0
0.0
0.0
0.0
0.0
0.0
0.0
0.0
0.0
0.0
0.0
0.0
0.0
0.0
0.0
0.0
0.0
0.0
0.0
0.0
0.0
0.0
0.0
0.0
0.0
0.0
0.0
0.0
0.0
0.0
0.0
0.0
0.0
0.0
0.0
0.0
0.0
0.0
0.0
0.0
0.0
0.0
0.0
0.0
0.0
0.0
0.0
0.0
0.0
0.0
0.0
0.0
0.0
0.0
0.0
0.0
0.0
0.0
0.0
0.0
0.0
0.0
0.0
0.0
0.0
0.0
0.0
0.0
0.0
0.0
0.0
0.0
0.0
0.0
0.0
0.0
0.0
0.0
0.0
0.0
0.0
0.0
0.0
0.0
0.0
0.0
0.0
0.0
252684.0
0.0
0.0
0.0
0.0
0.0
0.0
0.0
0.0
0.0
0.0
0.0
0.0
0.0
0.0
0.0
0.0
0.0
0.0
0.0
0.0
0.0
0.0
0.0
0.0
0.0
0.0
0.0
0.0
0.0
0.0
0.0
0.0
0.0
0.0
0.0
0.0
0.0
0.0
0.0
0.0
0.0
0.0
0.0
0.0
0.0
0.0
0.0
0.0
0.0
0.0
0.0
0.0
0.0
0.0
0.0
0.0
0.0
0.0
0.0
0.0
0.0
0.0
0.0
0.0
0.0
0.0
0.0
0.0
0.0
0.0
0.0
0.0
0.0
0.0
0.0
0.0
0.0
0.0
0.0
0.0
0.0
0.0
0.0
0.0
0.0
0.0
0.0
0.0
0.0
0.0
0.0
0.0
0.0
0.0
0.0
0.0
0.0
0.0
0.0
0.0
0.0
0.0
0.0
0.0
0.0
0.0
0.0
0.0
0.0
0.0
0.0
0.0
0.0
0.0
0.0
0.0
0.0
0.0
0.0
0.0
0.0
0.0
0.0
0.0
0.0
0.0
0.0
0.0
0.0
0.0
0.0
0.0
0.0
0.0
0.0
0.0
0.0
0.0
0.0
0.0
0.0
0.0
0.0
0.0
0.0
0.0
0.0
0.0
0.0
0.0
0.0
0.0
0.0
0.0
0.0
0.0
0.0
0.0
0.0
0.0
0.0
0.0
0.0
0.0
0.0
0.0
0.0
0.0
0.0
0.0
0.0
0.0
0.0
0.0
0.0
0.0
0.0
0.0
0.0
0.0
0.0
0.0
0.0
0.0
0.0
0.0
0.0
0.0
0.0
0.0
0.0
0.0
0.0
0.0
0.0
0.0
0.0
0.0
0.0
0.0
0.0
0.0
0.0
0.0
0.0
0.0
0.0
0.0
0.0
0.0
0.0
0.0
0.0
0.0
0.0
0.0
0.0
0.0
0.0
0.0
0.0
0.0
0.0
0.0
0.0
0.0
0.0
0.0
0.0
0.0
0.0
0.0
0.0
0.0
0.0
0.0
0.0
0.0
0.0
0.0
0.0
0.0
0.0
0.0
0.0
0.0
0.0
0.0
0.0
0.0
0.0
0.0
0.0
0.0
0.0
0.0
0.0
0.0
0.0
0.0
0.0
0.0
0.0
0.0
0.0
0.0
0.0
0.0
0.0
0.0
0.0
0.0
0.0
0.0
0.0
0.0
0.0
0.0
0.0
0.0
0.0
0.0
0.0
0.0
0.0
0.0
0.0
0.0
0.0
0.0
0.0
0.0
0.0
0.0
0.0
0.0
0.0
0.0
0.0
0.0
0.0
0.0
0.0
0.0
0.0
0.0
0.0
0.0
0.0
0.0
0.0
0.0
0.0
0.0
0.0
0.0
0.0
0.0
0.0
0.0
0.0
0.0
0.0
0.0
0.0
0.0
0.0
0.0
0.0
0.0
0.0
0.0
0.0
0.0
0.0
0.0
0.0
0.0
0.0
0.0
0.0
0.0
0.0
0.0
0.0
0.0
0.0
0.0
0.0
0.0
0.0
0.0
0.0
0.0
0.0
0.0
0.0
0.0
0.0
0.0
0.0
0.0
0.0
0.0
0.0
0.0
0.0
0.0
0.0
0.0
0.0
0.0
0.0
0.0
0.0
0.0
0.0
0.0
0.0
0.0
0.0
0.0
0.0
0.0
0.0
0.0
0.0
0.0
0.0
0.0
0.0
0.0
0.0
0.0
0.0
0.0
0.0
0.0
0.0
0.0
0.0
0.0
0.0
0.0
0.0
0.0
0.0
0.0
0.0
0.0
0.0
0.0
0.0
0.0
0.0
0.0
0.0
0.0
0.0
0.0
0.0
0.0
0.0
0.0
0.0
0.0
0.0
0.0
0.0
0.0
0.0
0.0
0.0
0.0
0.0
0.0
0.0
0.0
0.0
0.0
0.0
0.0
0.0
0.0
0.0
0.0
0.0
0.0
0.0
0.0
0.0
0.0
0.0
0.0
0.0
0.0
0.0
0.0
0.0
0.0
0.0
0.0
0.0
0.0
0.0
0.0
0.0
0.0
0.0
0.0
0.0
0.0
0.0
0.0
0.0
0.0
0.0
0.0
0.0
0.0
0.0
0.0
0.0
0.0
0.0
0.0
0.0
0.0
0.0
0.0
0.0
0.0
0.0
0.0
0.0
0.0
0.0
0.0
0.0
0.0
0.0
0.0
0.0
0.0
0.0
0.0
0.0
0.0
0.0
0.0
0.0
0.0
0.0
0.0
0.0
0.0
0.0
0.0
0.0
0.0
0.0
0.0
0.0
0.0
0.0
0.0
0.0
0.0
0.0
0.0
0.0
0.0
0.0
0.0
0.0
0.0
0.0
0.0
0.0
0.0
0.0
0.0
0.0
0.0
0.0
0.0
0.0
0.0
0.0
0.0
0.0
0.0
0.0
0.0
0.0
0.0
0.0
0.0
0.0
0.0
0.0
0.0
0.0
0.0
0.0
0.0
0.0
0.0
0.0
0.0
0.0
0.0
0.0
0.0
0.0
0.0
0.0
0.0
0.0
0.0
0.0
0.0
0.0
0.0
0.0
0.0
0.0
0.0
0.0
0.0
0.0
0.0
0.0
0.0
0.0
0.0
0.0
0.0
0.0
0.0
0.0
0.0
0.0
0.0
0.0
0.0
0.0
0.0
0.0
0.0
0.0
0.0
0.0
0.0
0.0
0.0
0.0
0.0
0.0
0.0
0.0
0.0
0.0
0.0
0.0
0.0
0.0
0.0
0.0
0.0
0.0
0.0
0.0
0.0
0.0
0.0
0.0
0.0
0.0
0.0
0.0
0.0
0.0
0.0
0.0
0.0
0.0
0.0
0.0
0.0
0.0
0.0
0.0
0.0
0.0
0.0
0.0
0.0
0.0
0.0
0.0
0.0
0.0
0.0
0.0
0.0
0.0
0.0
0.0
0.0
0.0
0.0
0.0
0.0
0.0
0.0
0.0
0.0
0.0
0.0
0.0
0.0
0.0
0.0
0.0
0.0
0.0
0.0
0.0
0.0
0.0
0.0
0.0
0.0
0.0
0.0
0.0
0.0
0.0
0.0
0.0
0.0
0.0
0.0
0.0
0.0
0.0
0.0
0.0
0.0
0.0
0.0
0.0
0.0
0.0
0.0
0.0
0.0
0.0
0.0
0.0
0.0
0.0
0.0
0.0
0.0
0.0
0.0
0.0
0.0
0.0
0.0
0.0
0.0
0.0
0.0
0.0
0.0
0.0
0.0
0.0
0.0
0.0
0.0
0.0
0.0
0.0
0.0
0.0
0.0
0.0
0.0
0.0
0.0
0.0
0.0
0.0
0.0
0.0
0.0
0.0
0.0
0.0
0.0
0.0
0.0
0.0
0.0
0.0
0.0
0.0
0.0
0.0
0.0
0.0
0.0
0.0
0.0
0.0
0.0
0.0
0.0
0.0
0.0
0.0
0.0
0.0
0.0
0.0
0.0
0.0
0.0
0.0
0.0
0.0
0.0
0.0
0.0
0.0
0.0
0.0
0.0
0.0
0.0
0.0
0.0
0.0
0.0
0.0
0.0
0.0
0.0
0.0
0.0
0.0
0.0
0.0
0.0
0.0
0.0
0.0
0.0
0.0
0.0
0.0
0.0
0.0
0.0
0.0
0.0
0.0
0.0
0.0
0.0
0.0
0.0
0.0
0.0
0.0
0.0
0.0
0.0
0.0
0.0
0.0
0.0
0.0
0.0
0.0
0.0
0.0
0.0
0.0
0.0
0.0
0.0
0.0
0.0
0.0
0.0
0.0
0.0
0.0
0.0
0.0
0.0
0.0
0.0
0.0
0.0
0.0
0.0
0.0
0.0
0.0
0.0
0.0
0.0
0.0
0.0
0.0
0.0
0.0
0.0
0.0
0.0
0.0
0.0
0.0
0.0
0.0
0.0
0.0
0.0
0.0
0.0
0.0
0.0
0.0
0.0
0.0
0.0
0.0
0.0
0.0
0.0
0.0
0.0
0.0
0.0
0.0
0.0
0.0
0.0
0.0
0.0
0.0
0.0
0.0
0.0
0.0
0.0
0.0
0.0
0.0
0.0
0.0
0.0
0.0
0.0
0.0
0.0
0.0
0.0
0.0
0.0
0.0
0.0
0.0
0.0
0.0
0.0
0.0
0.0
0.0
0.0
0.0
0.0
0.0
0.0
0.0
0.0
0.0
0.0
0.0
0.0
0.0
0.0
0.0
0.0
0.0
0.0
0.0
0.0
0.0
0.0
0.0
0.0
0.0
0.0
0.0
0.0
0.0
0.0
0.0
0.0
0.0
0.0
0.0
0.0
0.0
0.0
0.0
0.0
0.0
0.0
0.0
0.0
0.0
0.0
0.0
0.0
0.0
0.0
0.0
0.0
0.0
0.0
0.0
0.0
0.0
0.0
0.0
0.0
0.0
0.0
0.0
0.0
0.0
0.0
0.0
0.0
0.0
0.0
0.0
0.0
0.0
0.0
0.0
0.0
0.0
0.0
0.0
0.0
0.0
0.0
0.0
0.0
0.0
0.0
0.0
0.0
0.0
0.0
0.0
0.0
0.0
0.0
0.0
0.0
0.0
0.0
0.0
0.0
0.0
0.0
0.0
0.0
0.0
0.0
0.0
0.0
0.0
0.0
0.0
0.0
0.0
0.0
0.0
0.0
0.0
0.0
0.0
0.0
0.0
0.0
0.0
0.0
0.0
0.0
0.0
0.0
0.0
0.0
0.0
0.0
0.0
0.0
0.0
0.0
0.0
0.0
0.0
0.0
0.0
0.0
0.0
0.0
0.0
0.0
0.0
0.0
0.0
0.0
0.0
0.0
0.0
0.0
0.0
0.0
0.0
0.0
0.0
0.0
0.0
0.0
0.0
0.0
0.0
0.0
0.0
0.0
0.0
0.0
0.0
0.0
0.0
0.0
0.0
0.0
0.0
0.0
0.0
0.0
0.0
0.0
0.0
0.0
0.0
0.0
0.0
0.0
0.0
0.0
0.0
0.0
0.0
0.0
0.0
0.0
0.0
0.0
0.0
0.0
0.0
0.0
0.0
0.0
0.0
0.0
0.0
0.0
0.0
0.0
0.0
0.0
0.0
0.0
0.0
0.0
0.0
0.0
0.0
0.0
0.0
0.0
0.0
0.0
0.0
0.0
0.0
0.0
0.0
0.0
0.0
0.0
0.0
0.0
0.0
0.0
0.0
0.0
0.0
0.0
0.0
0.0
0.0
0.0
0.0
0.0
0.0
0.0
0.0
0.0
0.0
0.0
0.0
0.0
0.0
0.0
0.0
0.0
0.0
0.0
0.0
0.0
0.0
0.0
0.0
0.0
0.0
0.0
0.0
0.0
0.0
0.0
0.0
0.0
0.0
0.0
0.0
0.0
0.0
0.0
0.0
0.0
0.0
0.0
0.0
0.0
0.0
0.0
0.0
0.0
0.0
0.0
0.0
0.0
0.0
0.0
0.0
0.0
0.0
0.0
0.0
0.0
0.0
0.0
0.0
0.0
0.0
0.0
0.0
0.0
0.0
0.0
0.0
0.0
0.0
0.0
0.0
0.0
0.0
0.0
0.0
0.0
0.0
0.0
0.0
0.0
0.0
0.0
0.0
0.0
0.0
0.0
0.0
0.0
0.0
0.0
0.0
0.0
0.0
0.0
0.0
0.0
0.0
0.0
0.0
0.0
0.0
0.0
0.0
0.0
0.0
0.0
0.0
0.0
0.0
0.0
0.0
0.0
0.0
0.0
0.0
0.0
0.0
0.0
0.0
0.0
0.0
0.0
0.0
0.0
0.0
0.0
0.0
0.0
0.0
0.0
0.0
0.0
0.0
0.0
0.0
0.0
0.0
0.0
0.0
0.0
0.0
0.0
0.0
0.0
0.0
0.0
0.0
0.0
0.0
0.0
0.0
0.0
0.0
0.0
0.0
0.0
0.0
0.0
0.0
0.0
0.0
0.0
0.0
0.0
0.0
0.0
0.0
0.0
0.0
0.0
0.0
0.0
0.0
0.0
0.0
0.0
0.0
0.0
0.0
0.0
0.0
0.0
0.0
0.0
0.0
0.0
0.0
0.0
0.0
0.0
0.0
0.0
0.0
0.0
0.0
0.0
0.0
0.0
0.0
0.0
0.0
0.0
0.0
0.0
0.0
0.0
0.0
0.0
0.0
0.0
0.0
0.0
0.0
0.0
0.0
0.0
0.0
0.0
0.0
0.0
0.0
0.0
0.0
0.0
0.0
0.0
0.0
0.0
0.0
0.0
0.0
0.0
0.0
0.0
0.0
0.0
0.0
0.0
0.0
0.0
0.0
0.0
0.0
0.0
0.0
0.0
0.0
0.0
0.0
0.0
0.0
0.0
0.0
0.0
0.0
0.0
0.0
0.0
0.0
0.0
0.0
0.0
0.0
0.0
0.0
0.0
0.0
0.0
0.0
0.0
0.0
0.0
0.0
0.0
0.0
0.0
0.0
0.0
0.0
0.0
0.0
0.0
0.0
0.0
0.0
0.0
0.0
0.0
0.0
0.0
0.0
0.0
0.0
0.0
0.0
0.0
0.0
0.0
0.0
0.0
0.0
0.0
0.0
0.0
0.0
0.0
0.0
0.0
0.0
0.0
0.0
0.0
0.0
0.0
0.0
0.0
0.0
0.0
0.0
0.0
0.0
0.0
0.0
0.0
0.0
0.0
0.0
0.0
0.0
0.0
0.0
0.0
0.0
0.0
0.0
0.0
0.0
0.0
0.0
0.0
0.0
0.0
0.0
0.0
0.0
0.0
0.0
0.0
0.0
0.0
0.0
0.0
0.0
0.0
0.0
0.0
0.0
0.0
0.0
0.0
0.0
0.0
0.0
0.0
0.0
0.0
0.0
0.0
0.0
0.0
0.0
0.0
0.0
0.0
0.0
0.0
0.0
0.0
0.0
0.0
0.0
0.0
0.0
0.0
0.0
0.0
0.0
0.0
0.0
0.0
0.0
0.0
0.0
0.0
0.0
0.0
0.0
0.0
0.0
0.0
0.0
0.0
0.0
0.0
0.0
0.0
0.0
0.0
0.0
0.0
0.0
0.0
0.0
0.0
0.0
0.0
0.0
0.0
0.0
0.0
0.0
0.0
0.0
0.0
0.0
0.0
0.0
0.0
0.0
0.0
0.0
0.0
0.0
0.0
0.0
0.0
0.0
0.0
0.0
0.0
0.0
0.0
0.0
0.0
0.0
0.0
0.0
0.0
0.0
0.0
0.0
0.0
0.0
0.0
0.0
0.0
0.0
0.0
0.0
0.0
0.0
0.0
0.0
0.0
0.0
0.0
0.0
0.0
0.0
0.0
0.0
0.0
0.0
0.0
0.0
0.0
0.0
0.0
0.0
0.0
0.0
0.0
0.0
0.0
0.0
0.0
0.0
0.0
0.0
0.0
0.0
0.0
0.0
0.0
0.0
0.0
0.0
0.0
0.0
0.0
0.0
0.0
0.0
0.0
0.0
0.0
0.0
0.0
0.0
0.0
0.0
0.0
0.0
0.0
0.0
0.0
0.0
0.0
0.0
0.0
0.0
0.0
0.0
0.0
0.0
0.0
0.0
0.0
0.0
0.0
0.0
0.0
0.0
0.0
0.0
0.0
0.0
0.0
0.0
0.0
0.0
0.0
0.0
0.0
0.0
0.0
0.0
0.0
0.0
0.0
0.0
0.0
0.0
0.0
0.0
0.0
0.0
0.0
0.0
0.0
0.0
0.0
0.0
0.0
0.0
0.0
0.0
0.0
0.0
0.0
0.0
0.0
0.0
0.0
0.0
0.0
0.0
0.0
0.0
0.0
0.0
0.0
0.0
0.0
0.0
0.0
0.0
0.0
0.0
0.0
0.0
0.0
0.0
0.0
0.0
0.0
0.0
0.0
0.0
0.0
0.0
0.0
0.0
0.0
0.0
0.0
0.0
0.0
0.0
0.0
0.0
0.0
0.0
0.0
0.0
0.0
0.0
0.0
0.0
0.0
0.0
0.0
0.0
0.0
0.0
0.0
0.0
0.0
0.0
0.0
0.0
0.0
0.0
0.0
0.0
0.0
0.0
0.0
0.0
0.0
0.0
0.0
0.0
0.0
0.0
0.0
0.0
0.0
0.0
0.0
0.0
0.0
0.0
0.0
0.0
0.0
0.0
0.0
0.0
0.0
0.0
0.0
0.0
0.0
0.0
0.0
0.0
0.0
0.0
0.0
0.0
0.0
0.0
0.0
0.0
0.0
0.0
0.0
0.0
0.0
0.0
0.0
0.0
0.0
0.0
0.0
0.0
0.0
0.0
0.0
0.0
0.0
0.0
0.0
0.0
0.0
0.0
0.0
0.0
0.0
0.0
0.0
0.0
0.0
0.0
0.0
0.0
0.0
0.0
0.0
0.0
0.0
0.0
0.0
0.0
0.0
0.0
0.0
0.0
0.0
0.0
0.0
0.0
0.0
0.0
0.0
0.0
0.0
0.0
0.0
0.0
0.0
0.0
0.0
0.0
0.0
0.0
0.0
0.0
0.0
0.0
0.0
0.0
0.0
0.0
0.0
0.0
0.0
0.0
0.0
0.0
0.0
0.0
0.0
0.0
0.0
0.0
0.0
0.0
0.0
0.0
0.0
0.0
0.0
0.0
0.0
0.0
501774.0
501857.0
0.0
0.0
0.0
502024.0
0.0
0.0
0.0
0.0
0.0
0.0
0.0
0.0
0.0
502108.0
0.0
0.0
0.0
0.0
0.0
0.0
0.0
0.0
0.0
0.0
0.0
0.0
0.0
0.0
0.0
0.0
0.0
0.0
0.0
0.0
0.0
0.0
0.0
0.0
0.0
0.0
0.0
0.0
0.0
0.0
0.0
0.0
0.0
0.0
0.0
0.0
0.0
0.0
0.0
0.0
0.0
0.0
0.0
0.0
0.0
0.0
0.0
0.0
0.0
0.0
0.0
0.0
0.0
0.0
0.0
0.0
0.0
0.0
0.0
0.0
0.0
0.0
0.0
0.0
0.0
0.0
0.0
0.0
0.0
0.0
0.0
0.0
0.0
0.0
0.0
0.0
0.0
0.0
0.0
0.0
0.0
0.0
0.0
0.0
0.0
0.0
0.0
0.0
0.0
0.0
0.0
0.0
0.0
0.0
0.0
0.0
0.0
0.0
0.0
0.0
0.0
0.0
0.0
0.0
0.0
0.0
0.0
0.0
0.0
0.0
0.0
0.0
0.0
0.0
0.0
0.0
0.0
0.0
0.0
0.0
0.0
0.0
0.0
0.0
0.0
0.0
0.0
0.0
0.0
0.0
0.0
0.0
0.0
0.0
0.0
0.0
0.0
0.0
0.0
0.0
0.0
0.0
0.0
0.0
0.0
0.0
0.0
0.0
0.0
0.0
0.0
0.0
0.0
0.0
0.0
0.0
0.0
0.0
0.0
0.0
0.0
0.0
0.0
0.0
0.0
0.0
0.0
0.0
0.0
0.0
0.0
0.0
0.0
0.0
510238.0
510239.0
0.0
0.0
510322.0
510323.0
0.0
0.0
510406.0
0.0
510489.0
510490.0
510491.0
0.0
0.0
0.0
510571.0
510572.0
510573.0
510574.0
510575.0
0.0
0.0
0.0
0.0
0.0
0.0
0.0
0.0
0.0
510656.0
510657.0
510658.0
0.0
0.0
0.0
0.0
0.0
0.0
0.0
0.0
0.0
0.0
0.0
0.0
510739.0
510740.0
510741.0
0.0
0.0
0.0
0.0
0.0
0.0
0.0
0.0
0.0
0.0
0.0
0.0
510823.0
0.0
0.0
0.0
0.0
0.0
0.0
0.0
0.0
0.0
0.0
0.0
0.0
0.0
0.0
0.0
0.0
0.0
0.0
0.0
0.0
0.0
0.0
0.0
0.0
0.0
0.0
0.0
0.0
0.0
0.0
0.0
0.0
0.0
0.0
0.0
0.0
0.0
0.0
0.0
0.0
0.0
0.0
0.0
0.0
0.0
0.0
0.0
0.0
0.0
0.0
0.0
0.0
0.0
0.0
0.0
0.0
0.0
0.0
0.0
0.0
0.0
0.0
0.0
0.0
0.0
0.0
0.0
0.0
0.0
0.0
0.0
0.0
0.0
0.0
0.0
0.0
0.0
0.0
0.0
0.0
0.0
0.0
0.0
0.0
0.0
0.0
0.0
511485.0
0.0
0.0
0.0
0.0
0.0
0.0
511567.0
0.0
0.0
0.0
0.0
0.0
0.0
0.0
0.0
0.0
0.0
0.0
0.0
0.0
0.0
0.0
0.0
0.0
0.0
0.0
0.0
0.0
0.0
0.0
0.0
0.0
0.0
0.0
0.0
0.0
0.0
0.0
0.0
0.0
0.0
0.0
0.0
0.0
0.0
0.0
0.0
518871.0
518872.0
518954.0
518955.0
518956.0
0.0
0.0
519037.0
519038.0
519039.0
519040.0
0.0
0.0
0.0
0.0
519120.0
519121.0
519122.0
519123.0
0.0
0.0
0.0
0.0
519202.0
519203.0
519205.0
519206.0
519207.0
0.0
0.0
0.0
0.0
0.0
0.0
0.0
0.0
0.0
519288.0
519289.0
519290.0
0.0
0.0
0.0
0.0
0.0
0.0
0.0
0.0
0.0
0.0
0.0
519371.0
519372.0
519373.0
0.0
0.0
0.0
0.0
0.0
0.0
0.0
0.0
0.0
0.0
519454.0
519455.0
519456.0
0.0
0.0
0.0
0.0
0.0
0.0
0.0
0.0
0.0
0.0
0.0
0.0
0.0
0.0
0.0
0.0
0.0
0.0
0.0
0.0
0.0
0.0
0.0
0.0
0.0
0.0
0.0
0.0
0.0
0.0
0.0
0.0
0.0
0.0
0.0
0.0
0.0
0.0
0.0
0.0
0.0
0.0
0.0
0.0
0.0
0.0
0.0
0.0
0.0
519864.0
519865.0
0.0
0.0
0.0
0.0
0.0
0.0
0.0
0.0
0.0
0.0
0.0
0.0
0.0
519947.0
519948.0
519949.0
519951.0
0.0
0.0
0.0
0.0
0.0
0.0
0.0
0.0
0.0
0.0
0.0
0.0
520031.0
520032.0
520033.0
520034.0
0.0
0.0
0.0
0.0
0.0
0.0
0.0
0.0
0.0
520114.0
520115.0
520116.0
520117.0
0.0
0.0
0.0
0.0
0.0
0.0
0.0
0.0
520197.0
520198.0
520199.0
520200.0
0.0
0.0
0.0
0.0
0.0
520280.0
520281.0
520282.0
520283.0
0.0
0.0
0.0
0.0
0.0
520365.0
520366.0
0.0
0.0
0.0
0.0
0.0
520448.0
0.0
0.0
0.0
0.0
0.0
0.0
0.0
0.0
0.0
0.0
0.0
0.0
0.0
0.0
0.0
0.0
0.0
0.0
0.0
0.0
0.0
0.0
0.0
0.0
0.0
0.0
0.0
0.0
0.0
0.0
0.0
0.0
0.0
0.0
0.0
0.0
0.0
0.0
0.0
0.0
0.0
0.0
0.0
0.0
0.0
0.0
0.0
0.0
0.0
0.0
0.0
0.0
0.0
0.0
0.0
0.0
0.0
0.0
0.0
0.0
0.0
0.0
0.0
0.0
0.0
0.0
0.0
0.0
0.0
0.0
0.0
0.0
0.0
0.0
0.0
0.0
0.0
0.0
0.0
0.0
0.0
0.0
0.0
0.0
0.0
0.0
0.0
0.0
0.0
0.0
0.0
0.0
0.0
527504.0
527505.0
527586.0
527587.0
527588.0
527589.0
0.0
0.0
527669.0
527670.0
527671.0
527672.0
0.0
0.0
527750.0
527751.0
527752.0
527753.0
527754.0
527755.0
527756.0
0.0
0.0
527831.0
527832.0
527833.0
527834.0
527835.0
527837.0
527838.0
527839.0
0.0
0.0
0.0
0.0
0.0
0.0
527914.0
527915.0
527917.0
527920.0
527921.0
527922.0
0.0
0.0
0.0
0.0
0.0
0.0
528003.0
528004.0
528005.0
0.0
0.0
0.0
0.0
0.0
0.0
0.0
0.0
528085.0
528086.0
528087.0
528088.0
0.0
0.0
0.0
0.0
0.0
0.0
0.0
0.0
0.0
0.0
528169.0
0.0
0.0
0.0
0.0
0.0
0.0
0.0
0.0
0.0
0.0
0.0
0.0
0.0
0.0
0.0
0.0
0.0
0.0
0.0
0.0
0.0
0.0
0.0
0.0
0.0
0.0
0.0
0.0
0.0
0.0
0.0
0.0
0.0
0.0
0.0
0.0
0.0
0.0
528414.0
0.0
0.0
0.0
0.0
0.0
0.0
0.0
0.0
0.0
0.0
0.0
0.0
0.0
0.0
0.0
528496.0
528497.0
528498.0
0.0
0.0
0.0
0.0
0.0
0.0
0.0
0.0
0.0
0.0
0.0
0.0
0.0
0.0
0.0
0.0
528579.0
528580.0
528582.0
528583.0
0.0
0.0
0.0
0.0
0.0
0.0
0.0
0.0
0.0
0.0
0.0
0.0
0.0
0.0
528662.0
528663.0
528664.0
528665.0
528666.0
0.0
0.0
0.0
0.0
0.0
0.0
0.0
0.0
0.0
0.0
528746.0
528747.0
528748.0
528749.0
0.0
0.0
0.0
0.0
0.0
0.0
0.0
0.0
0.0
528830.0
528831.0
528832.0
0.0
0.0
0.0
0.0
0.0
0.0
0.0
0.0
0.0
0.0
528914.0
528915.0
0.0
0.0
0.0
0.0
0.0
0.0
0.0
0.0
0.0
0.0
0.0
0.0
528997.0
528998.0
528999.0
529000.0
0.0
0.0
0.0
0.0
0.0
0.0
0.0
0.0
0.0
0.0
529080.0
529081.0
529082.0
529083.0
529084.0
0.0
0.0
0.0
0.0
0.0
0.0
0.0
0.0
0.0
0.0
0.0
529163.0
529164.0
529165.0
529166.0
0.0
0.0
0.0
0.0
0.0
0.0
0.0
0.0
0.0
0.0
0.0
0.0
0.0
0.0
0.0
0.0
0.0
0.0
0.0
0.0
0.0
0.0
0.0
0.0
0.0
0.0
0.0
0.0
0.0
0.0
0.0
0.0
0.0
0.0
0.0
0.0
0.0
0.0
0.0
0.0
0.0
0.0
0.0
0.0
0.0
0.0
0.0
0.0
0.0
0.0
0.0
0.0
0.0
0.0
0.0
0.0
0.0
0.0
0.0
0.0
0.0
0.0
0.0
0.0
0.0
0.0
0.0
0.0
0.0
0.0
0.0
0.0
0.0
0.0
0.0
0.0
0.0
0.0
0.0
0.0
0.0
0.0
0.0
0.0
0.0
0.0
0.0
0.0
0.0
0.0
0.0
0.0
0.0
0.0
0.0
0.0
0.0
0.0
0.0
0.0
0.0
0.0
0.0
0.0
0.0
0.0
0.0
0.0
0.0
0.0
0.0
536219.0
536220.0
536301.0
536303.0
536304.0
536305.0
536382.0
536384.0
536385.0
536386.0
536387.0
536388.0
0.0
0.0
536463.0
536464.0
536465.0
536466.0
536467.0
536468.0
536469.0
536470.0
536471.0
0.0
0.0
536546.0
536547.0
536548.0
536549.0
536550.0
536551.0
536552.0
536553.0
536554.0
536556.0
536557.0
0.0
0.0
0.0
536629.0
536630.0
536634.0
536635.0
536636.0
0.0
0.0
0.0
0.0
536712.0
536713.0
0.0
536717.0
536718.0
536719.0
0.0
0.0
0.0
0.0
0.0
0.0
0.0
0.0
536795.0
536796.0
536797.0
536800.0
536801.0
536802.0
536803.0
0.0
0.0
0.0
0.0
0.0
0.0
0.0
0.0
0.0
0.0
0.0
0.0
536879.0
0.0
0.0
536883.0
536884.0
0.0
0.0
0.0
0.0
0.0
0.0
0.0
0.0
0.0
0.0
0.0
0.0
0.0
0.0
0.0
0.0
0.0
0.0
0.0
0.0
0.0
0.0
0.0
0.0
0.0
0.0
0.0
0.0
0.0
0.0
0.0
0.0
0.0
0.0
0.0
0.0
0.0
0.0
0.0
537128.0
537129.0
537130.0
537131.0
0.0
0.0
0.0
0.0
0.0
0.0
0.0
0.0
0.0
0.0
537211.0
537212.0
537213.0
537214.0
0.0
0.0
0.0
0.0
0.0
0.0
0.0
0.0
0.0
0.0
0.0
537294.0
537295.0
537296.0
537297.0
537298.0
0.0
0.0
0.0
0.0
0.0
0.0
0.0
0.0
0.0
0.0
0.0
537374.0
537375.0
537377.0
537378.0
537379.0
537380.0
0.0
0.0
0.0
0.0
0.0
0.0
0.0
0.0
0.0
0.0
0.0
0.0
0.0
0.0
537464.0
0.0
0.0
0.0
0.0
0.0
0.0
0.0
0.0
0.0
0.0
0.0
0.0
537545.0
537546.0
537547.0
0.0
0.0
0.0
0.0
0.0
0.0
0.0
0.0
0.0
0.0
0.0
0.0
0.0
0.0
0.0
537629.0
537630.0
537631.0
537632.0
0.0
0.0
0.0
0.0
0.0
0.0
0.0
0.0
0.0
0.0
0.0
0.0
537712.0
537713.0
537714.0
537715.0
537716.0
0.0
0.0
0.0
0.0
0.0
0.0
0.0
0.0
537795.0
537796.0
537797.0
537798.0
537799.0
0.0
0.0
0.0
0.0
0.0
0.0
0.0
0.0
537878.0
537879.0
0.0
0.0
0.0
0.0
0.0
0.0
0.0
0.0
0.0
0.0
0.0
0.0
0.0
0.0
0.0
0.0
0.0
0.0
538042.0
0.0
0.0
0.0
0.0
0.0
0.0
0.0
0.0
0.0
0.0
538125.0
538126.0
0.0
0.0
0.0
0.0
0.0
0.0
0.0
538209.0
0.0
0.0
0.0
0.0
0.0
0.0
0.0
0.0
0.0
0.0
0.0
0.0
0.0
0.0
0.0
0.0
0.0
0.0
0.0
0.0
0.0
0.0
0.0
0.0
0.0
0.0
0.0
0.0
0.0
0.0
0.0
0.0
0.0
0.0
0.0
0.0
0.0
0.0
0.0
0.0
0.0
0.0
0.0
0.0
0.0
0.0
0.0
0.0
0.0
0.0
544937.0
544938.0
545016.0
545017.0
545019.0
545020.0
545021.0
545022.0
545096.0
545097.0
545098.0
545099.0
545100.0
545101.0
545103.0
545104.0
545105.0
545106.0
545178.0
545179.0
545180.0
545181.0
545182.0
545183.0
545184.0
545185.0
545188.0
0.0
0.0
0.0
545261.0
545262.0
545263.0
545265.0
545266.0
545267.0
545268.0
0.0
0.0
0.0
0.0
0.0
0.0
0.0
545344.0
545345.0
545348.0
545349.0
545350.0
545351.0
0.0
0.0
0.0
0.0
0.0
545427.0
545428.0
545431.0
545432.0
545433.0
545434.0
0.0
0.0
0.0
0.0
0.0
0.0
0.0
545510.0
545511.0
545514.0
545515.0
545516.0
545517.0
0.0
0.0
0.0
0.0
0.0
0.0
545593.0
0.0
0.0
545597.0
0.0
0.0
0.0
0.0
0.0
0.0
0.0
0.0
0.0
0.0
0.0
0.0
0.0
0.0
0.0
0.0
0.0
0.0
0.0
0.0
0.0
0.0
0.0
0.0
0.0
0.0
0.0
0.0
545846.0
0.0
0.0
0.0
0.0
0.0
0.0
0.0
0.0
0.0
0.0
0.0
0.0
0.0
545926.0
545927.0
545928.0
0.0
0.0
0.0
0.0
0.0
0.0
0.0
0.0
0.0
0.0
0.0
546006.0
546007.0
546009.0
546010.0
0.0
0.0
0.0
0.0
0.0
0.0
0.0
0.0
0.0
0.0
0.0
546089.0
546090.0
0.0
0.0
0.0
0.0
0.0
0.0
0.0
0.0
0.0
0.0
0.0
0.0
0.0
0.0
0.0
546171.0
546172.0
0.0
0.0
0.0
0.0
546179.0
546180.0
0.0
0.0
0.0
0.0
0.0
0.0
0.0
0.0
0.0
0.0
0.0
0.0
0.0
0.0
0.0
546261.0
546262.0
546263.0
546264.0
546265.0
0.0
0.0
0.0
0.0
0.0
0.0
0.0
0.0
0.0
0.0
546344.0
546347.0
546348.0
0.0
0.0
0.0
0.0
0.0
0.0
0.0
0.0
0.0
546427.0
546428.0
546429.0
546430.0
0.0
0.0
0.0
0.0
0.0
0.0
0.0
0.0
0.0
0.0
0.0
0.0
0.0
0.0
0.0
0.0
546590.0
546591.0
0.0
0.0
0.0
0.0
0.0
0.0
0.0
0.0
0.0
0.0
0.0
546672.0
546673.0
546674.0
546675.0
0.0
0.0
0.0
0.0
0.0
0.0
546755.0
546756.0
546757.0
546758.0
0.0
0.0
0.0
546836.0
0.0
546838.0
546839.0
546840.0
546841.0
0.0
0.0
0.0
0.0
0.0
0.0
0.0
0.0
0.0
0.0
0.0
0.0
0.0
0.0
0.0
0.0
0.0
0.0
0.0
0.0
0.0
0.0
0.0
0.0
0.0
0.0
0.0
0.0
0.0
0.0
0.0
553652.0
553653.0
553654.0
553731.0
553732.0
553733.0
553734.0
553735.0
553736.0
553737.0
553738.0
553812.0
553813.0
553814.0
553815.0
553816.0
553817.0
553818.0
553819.0
553820.0
0.0
0.0
0.0
553893.0
553894.0
553895.0
553896.0
553897.0
553898.0
553899.0
553900.0
553901.0
553902.0
553903.0
0.0
0.0
0.0
0.0
0.0
0.0
0.0
553976.0
553977.0
553978.0
553979.0
553980.0
553981.0
553982.0
553983.0
0.0
0.0
0.0
0.0
0.0
0.0
0.0
0.0
554059.0
554060.0
554061.0
554062.0
554063.0
554064.0
554065.0
554066.0
0.0
0.0
0.0
0.0
0.0
0.0
0.0
0.0
0.0
554142.0
554143.0
554144.0
554145.0
554146.0
554147.0
554148.0
0.0
0.0
0.0
0.0
0.0
0.0
554225.0
0.0
554227.0
554228.0
554229.0
554230.0
0.0
0.0
0.0
0.0
0.0
0.0
0.0
0.0
0.0
0.0
0.0
0.0
0.0
0.0
0.0
0.0
0.0
0.0
0.0
0.0
0.0
0.0
0.0
0.0
0.0
0.0
0.0
0.0
0.0
0.0
0.0
0.0
0.0
0.0
0.0
0.0
0.0
0.0
0.0
0.0
0.0
0.0
0.0
0.0
0.0
0.0
0.0
0.0
554558.0
554559.0
554560.0
0.0
0.0
0.0
0.0
0.0
0.0
0.0
0.0
0.0
0.0
0.0
554639.0
554640.0
554642.0
0.0
0.0
0.0
0.0
0.0
0.0
0.0
0.0
0.0
554721.0
554722.0
554723.0
0.0
0.0
0.0
0.0
0.0
0.0
0.0
0.0
0.0
0.0
0.0
0.0
554803.0
554804.0
554805.0
554806.0
0.0
0.0
0.0
0.0
0.0
554812.0
554813.0
0.0
0.0
0.0
0.0
0.0
0.0
0.0
0.0
0.0
0.0
0.0
0.0
0.0
0.0
0.0
554894.0
554895.0
554896.0
554897.0
0.0
0.0
0.0
0.0
0.0
0.0
0.0
0.0
0.0
0.0
0.0
554977.0
554978.0
554979.0
554980.0
0.0
0.0
0.0
0.0
0.0
0.0
0.0
0.0
0.0
0.0
555056.0
555057.0
0.0
555060.0
555061.0
0.0
0.0
0.0
0.0
0.0
0.0
0.0
0.0
0.0
0.0
0.0
555138.0
555139.0
555140.0
555141.0
0.0
0.0
0.0
0.0
0.0
0.0
0.0
0.0
0.0
0.0
555220.0
555221.0
555222.0
555223.0
555224.0
0.0
0.0
0.0
0.0
0.0
0.0
0.0
0.0
0.0
0.0
0.0
0.0
555302.0
555303.0
555304.0
555305.0
555306.0
555307.0
0.0
0.0
0.0
0.0
0.0
0.0
0.0
0.0
0.0
555385.0
555386.0
555388.0
555389.0
0.0
0.0
0.0
0.0
0.0
0.0
0.0
0.0
555468.0
0.0
555470.0
555471.0
555472.0
0.0
0.0
0.0
555551.0
0.0
0.0
0.0
0.0
0.0
0.0
0.0
0.0
0.0
0.0
0.0
0.0
0.0
0.0
0.0
0.0
0.0
0.0
0.0
562448.0
562449.0
562450.0
562451.0
562452.0
562528.0
562529.0
562530.0
562531.0
562532.0
562534.0
562535.0
0.0
562609.0
562610.0
562611.0
562612.0
562614.0
562616.0
562617.0
0.0
0.0
0.0
0.0
0.0
0.0
562692.0
562693.0
562694.0
562695.0
562696.0
562697.0
0.0
0.0
0.0
0.0
0.0
0.0
0.0
0.0
0.0
0.0
0.0
562775.0
562776.0
562777.0
562778.0
562779.0
0.0
0.0
0.0
0.0
0.0
0.0
0.0
0.0
0.0
0.0
0.0
562857.0
562858.0
562859.0
562860.0
562861.0
562862.0
0.0
0.0
0.0
0.0
0.0
0.0
0.0
0.0
0.0
0.0
0.0
0.0
562940.0
0.0
0.0
0.0
0.0
0.0
0.0
0.0
0.0
0.0
0.0
0.0
0.0
0.0
0.0
0.0
0.0
0.0
0.0
0.0
0.0
0.0
0.0
0.0
0.0
0.0
0.0
0.0
0.0
0.0
0.0
0.0
0.0
0.0
0.0
0.0
0.0
0.0
0.0
0.0
0.0
0.0
0.0
0.0
0.0
0.0
0.0
0.0
0.0
0.0
0.0
0.0
0.0
0.0
0.0
563271.0
563272.0
563274.0
0.0
0.0
0.0
0.0
0.0
0.0
0.0
0.0
0.0
0.0
0.0
563354.0
563355.0
0.0
0.0
0.0
0.0
0.0
563362.0
0.0
0.0
0.0
0.0
0.0
0.0
0.0
0.0
0.0
563436.0
563437.0
563438.0
0.0
0.0
0.0
0.0
0.0
0.0
563445.0
563446.0
0.0
0.0
0.0
0.0
0.0
0.0
0.0
0.0
563519.0
563520.0
0.0
563523.0
0.0
0.0
0.0
0.0
563528.0
563529.0
0.0
0.0
0.0
0.0
0.0
0.0
0.0
0.0
0.0
0.0
0.0
0.0
0.0
563611.0
563612.0
0.0
0.0
0.0
0.0
0.0
0.0
0.0
0.0
0.0
0.0
563687.0
563688.0
563689.0
563690.0
0.0
0.0
0.0
563695.0
0.0
0.0
0.0
0.0
0.0
0.0
0.0
0.0
0.0
563770.0
563771.0
563772.0
563773.0
0.0
0.0
0.0
0.0
0.0
0.0
0.0
0.0
563849.0
563850.0
0.0
563852.0
563853.0
563854.0
563855.0
563856.0
0.0
0.0
0.0
0.0
0.0
0.0
0.0
0.0
0.0
0.0
563932.0
563933.0
563934.0
563935.0
563936.0
563937.0
563938.0
0.0
0.0
0.0
0.0
0.0
0.0
0.0
0.0
0.0
0.0
0.0
0.0
564017.0
564018.0
564019.0
564020.0
564021.0
0.0
0.0
0.0
0.0
0.0
0.0
0.0
0.0
0.0
0.0
564100.0
564101.0
564102.0
564103.0
0.0
0.0
0.0
0.0
0.0
0.0
0.0
0.0
0.0
0.0
0.0
0.0
0.0
0.0
0.0
0.0
0.0
0.0
0.0
0.0
0.0
0.0
571164.0
571165.0
571166.0
0.0
571248.0
571249.0
0.0
571328.0
0.0
0.0
0.0
0.0
0.0
0.0
0.0
0.0
0.0
571407.0
571408.0
571409.0
571410.0
571411.0
571412.0
0.0
0.0
0.0
0.0
0.0
0.0
0.0
0.0
0.0
0.0
0.0
0.0
571489.0
571490.0
571491.0
571492.0
571493.0
571494.0
571495.0
0.0
0.0
0.0
0.0
0.0
0.0
0.0
0.0
0.0
0.0
0.0
0.0
0.0
571575.0
0.0
0.0
0.0
0.0
0.0
0.0
0.0
0.0
0.0
0.0
0.0
0.0
0.0
0.0
0.0
0.0
0.0
0.0
0.0
0.0
0.0
0.0
0.0
0.0
0.0
0.0
0.0
0.0
0.0
0.0
0.0
0.0
0.0
0.0
0.0
0.0
0.0
0.0
0.0
0.0
0.0
0.0
0.0
0.0
0.0
0.0
0.0
0.0
0.0
0.0
0.0
0.0
0.0
0.0
0.0
0.0
0.0
0.0
0.0
0.0
0.0
0.0
0.0
0.0
0.0
0.0
0.0
0.0
0.0
0.0
571986.0
571987.0
571988.0
0.0
0.0
0.0
0.0
0.0
0.0
0.0
0.0
0.0
0.0
0.0
0.0
0.0
0.0
572068.0
572069.0
572070.0
572071.0
572072.0
0.0
0.0
0.0
0.0
572077.0
572078.0
0.0
0.0
0.0
0.0
0.0
0.0
0.0
572151.0
572152.0
572153.0
572154.0
572155.0
0.0
0.0
572160.0
572161.0
0.0
0.0
0.0
0.0
0.0
0.0
0.0
0.0
0.0
572235.0
572236.0
572237.0
572238.0
572239.0
0.0
0.0
0.0
0.0
572244.0
0.0
0.0
0.0
0.0
0.0
0.0
0.0
0.0
0.0
572318.0
572319.0
572320.0
572321.0
572322.0
0.0
0.0
0.0
0.0
0.0
0.0
0.0
0.0
0.0
0.0
0.0
0.0
0.0
572402.0
572403.0
572404.0
572405.0
0.0
0.0
0.0
0.0
0.0
0.0
0.0
0.0
572480.0
572481.0
572486.0
572487.0
572488.0
0.0
0.0
0.0
0.0
0.0
0.0
0.0
0.0
0.0
0.0
0.0
572564.0
572565.0
572566.0
0.0
572568.0
572569.0
572570.0
0.0
0.0
0.0
0.0
0.0
0.0
0.0
0.0
0.0
0.0
0.0
572648.0
572649.0
572650.0
572651.0
572652.0
0.0
0.0
0.0
0.0
0.0
0.0
572732.0
572733.0
572734.0
0.0
0.0
0.0
0.0
0.0
0.0
0.0
0.0
0.0
0.0
0.0
0.0
0.0
0.0
0.0
0.0
0.0
579880.0
0.0
0.0
0.0
0.0
580043.0
580044.0
0.0
0.0
0.0
0.0
0.0
0.0
580123.0
580124.0
580125.0
580126.0
0.0
0.0
0.0
0.0
0.0
0.0
0.0
0.0
0.0
0.0
0.0
0.0
580208.0
0.0
0.0
0.0
0.0
0.0
0.0
0.0
0.0
0.0
0.0
0.0
0.0
0.0
0.0
0.0
0.0
0.0
0.0
0.0
0.0
0.0
0.0
0.0
0.0
0.0
0.0
0.0
0.0
0.0
0.0
0.0
0.0
0.0
0.0
0.0
0.0
0.0
0.0
0.0
0.0
0.0
0.0
0.0
0.0
0.0
0.0
0.0
0.0
0.0
0.0
0.0
0.0
0.0
0.0
0.0
0.0
0.0
0.0
0.0
0.0
0.0
0.0
0.0
0.0
0.0
0.0
0.0
0.0
0.0
0.0
0.0
0.0
0.0
0.0
0.0
580626.0
0.0
0.0
0.0
0.0
0.0
0.0
0.0
0.0
0.0
0.0
0.0
580700.0
580701.0
580702.0
580703.0
580704.0
0.0
0.0
580709.0
580710.0
0.0
0.0
0.0
0.0
0.0
0.0
580783.0
580784.0
580785.0
580786.0
580787.0
0.0
0.0
0.0
580792.0
580793.0
0.0
0.0
0.0
0.0
0.0
0.0
0.0
0.0
580867.0
580868.0
580869.0
580870.0
580871.0
580872.0
0.0
0.0
0.0
0.0
0.0
0.0
0.0
0.0
0.0
0.0
0.0
0.0
0.0
580952.0
580953.0
580954.0
580955.0
0.0
0.0
0.0
0.0
0.0
0.0
0.0
0.0
0.0
0.0
0.0
581031.0
581032.0
581035.0
581036.0
581037.0
0.0
0.0
0.0
0.0
0.0
0.0
0.0
0.0
0.0
581112.0
581115.0
581116.0
581118.0
581119.0
581121.0
0.0
0.0
0.0
0.0
0.0
0.0
0.0
0.0
581196.0
581199.0
0.0
581203.0
581204.0
0.0
0.0
0.0
0.0
0.0
0.0
0.0
0.0
581281.0
581282.0
0.0
0.0
0.0
0.0
0.0
0.0
0.0
0.0
0.0
0.0
0.0
0.0
0.0
0.0
0.0
0.0
0.0
0.0
0.0
0.0
0.0
0.0
0.0
0.0
0.0
0.0
0.0
0.0
0.0
0.0
588840.0
588841.0
0.0
0.0
0.0
0.0
0.0
0.0
0.0
0.0
0.0
0.0
0.0
0.0
0.0
0.0
0.0
0.0
0.0
0.0
0.0
0.0
0.0
0.0
0.0
0.0
0.0
0.0
0.0
0.0
0.0
0.0
0.0
0.0
0.0
0.0
0.0
0.0
0.0
0.0
0.0
0.0
0.0
0.0
0.0
0.0
0.0
0.0
0.0
0.0
0.0
0.0
0.0
0.0
0.0
0.0
0.0
589253.0
0.0
0.0
0.0
0.0
0.0
0.0
0.0
0.0
0.0
0.0
589335.0
589336.0
589337.0
0.0
589339.0
589340.0
589341.0
0.0
0.0
0.0
0.0
0.0
0.0
0.0
0.0
589417.0
589418.0
589419.0
589420.0
589421.0
589422.0
589423.0
589424.0
0.0
0.0
0.0
0.0
0.0
0.0
0.0
0.0
0.0
0.0
589502.0
589503.0
589504.0
589506.0
0.0
0.0
0.0
0.0
0.0
0.0
0.0
0.0
0.0
0.0
0.0
589580.0
589581.0
589582.0
589583.0
589584.0
589585.0
589586.0
589587.0
589589.0
589590.0
0.0
0.0
0.0
0.0
0.0
0.0
0.0
0.0
589664.0
589665.0
589666.0
589667.0
589668.0
589669.0
589671.0
589672.0
0.0
0.0
0.0
0.0
0.0
0.0
589747.0
589748.0
589753.0
589754.0
589755.0
589756.0
0.0
0.0
0.0
0.0
0.0
0.0
589834.0
589835.0
589836.0
589837.0
0.0
0.0
0.0
0.0
0.0
0.0
0.0
589916.0
589917.0
589918.0
0.0
0.0
0.0
0.0
0.0
0.0
0.0
0.0
0.0
0.0
0.0
0.0
0.0
0.0
0.0
0.0
0.0
0.0
0.0
0.0
0.0
0.0
0.0
0.0
0.0
0.0
0.0
0.0
0.0
0.0
0.0
0.0
0.0
0.0
0.0
0.0
0.0
0.0
0.0
0.0
0.0
0.0
0.0
0.0
0.0
0.0
0.0
0.0
0.0
0.0
0.0
0.0
0.0
0.0
0.0
0.0
0.0
0.0
0.0
0.0
0.0
0.0
0.0
0.0
597969.0
597970.0
597971.0
597972.0
0.0
0.0
0.0
0.0
0.0
0.0
0.0
0.0
598052.0
598053.0
0.0
0.0
0.0
0.0
0.0
0.0
0.0
0.0
0.0
0.0
0.0
598132.0
598133.0
598134.0
598135.0
598136.0
598138.0
0.0
0.0
0.0
0.0
0.0
0.0
0.0
0.0
0.0
598212.0
598213.0
598214.0
598215.0
598216.0
598217.0
598218.0
598220.0
598221.0
598222.0
0.0
0.0
0.0
0.0
0.0
598295.0
598296.0
598297.0
598298.0
598299.0
598300.0
598303.0
598304.0
0.0
0.0
0.0
0.0
0.0
0.0
598379.0
598380.0
598385.0
598386.0
0.0
0.0
0.0
0.0
0.0
598460.0
598462.0
598466.0
598467.0
598468.0
0.0
0.0
0.0
0.0
0.0
0.0
0.0
0.0
598544.0
598545.0
598548.0
598549.0
598550.0
0.0
0.0
0.0
0.0
0.0
0.0
0.0
0.0
598632.0
0.0
0.0
0.0
0.0
0.0
0.0
0.0
0.0
0.0
0.0
0.0
0.0
0.0
0.0
0.0
0.0
0.0
0.0
0.0
0.0
0.0
0.0
0.0
0.0
0.0
0.0
0.0
0.0
0.0
0.0
0.0
0.0
0.0
0.0
0.0
0.0
0.0
0.0
0.0
0.0
606602.0
606603.0
0.0
0.0
0.0
0.0
0.0
606684.0
606685.0
606686.0
0.0
0.0
0.0
0.0
0.0
0.0
0.0
0.0
0.0
606766.0
606767.0
606768.0
606769.0
0.0
0.0
0.0
0.0
0.0
0.0
0.0
0.0
0.0
0.0
606845.0
606846.0
606847.0
606848.0
606849.0
606850.0
606852.0
606853.0
0.0
0.0
0.0
0.0
0.0
0.0
0.0
0.0
606927.0
606928.0
606929.0
606930.0
606931.0
606932.0
606933.0
606934.0
606935.0
0.0
0.0
0.0
0.0
0.0
0.0
0.0
0.0
0.0
607010.0
607011.0
607015.0
607016.0
607017.0
607018.0
0.0
0.0
0.0
0.0
0.0
607093.0
607098.0
607099.0
607100.0
0.0
0.0
0.0
0.0
0.0
0.0
0.0
607182.0
0.0
0.0
0.0
0.0
0.0
0.0
0.0
0.0
0.0
0.0
0.0
0.0
0.0
0.0
0.0
0.0
0.0
0.0
0.0
0.0
0.0
0.0
0.0
0.0
0.0
0.0
0.0
0.0
0.0
0.0
0.0
0.0
0.0
0.0
0.0
0.0
0.0
0.0
0.0
0.0
0.0
0.0
0.0
0.0
615317.0
615318.0
0.0
0.0
0.0
0.0
0.0
0.0
0.0
0.0
0.0
0.0
615399.0
615400.0
615401.0
615402.0
0.0
0.0
0.0
0.0
0.0
0.0
0.0
0.0
615482.0
615483.0
615484.0
0.0
0.0
0.0
0.0
0.0
0.0
0.0
0.0
0.0
0.0
0.0
615560.0
615561.0
615565.0
615566.0
615567.0
0.0
0.0
0.0
0.0
0.0
0.0
0.0
0.0
0.0
615647.0
615648.0
615649.0
615650.0
0.0
0.0
0.0
0.0
0.0
0.0
0.0
0.0
615731.0
0.0
0.0
0.0
0.0
0.0
0.0
0.0
0.0
0.0
0.0
0.0
0.0
0.0
0.0
0.0
0.0
0.0
0.0
0.0
0.0
0.0
0.0
0.0
0.0
0.0
0.0
0.0
0.0
0.0
0.0
0.0
0.0
0.0
0.0
0.0
0.0
0.0
0.0
0.0
0.0
0.0
0.0
0.0
0.0
0.0
0.0
0.0
0.0
0.0
0.0
0.0
0.0
0.0
0.0
0.0
0.0
624115.0
0.0
0.0
0.0
0.0
0.0
0.0
624198.0
0.0
0.0
0.0
0.0
0.0
0.0
0.0
0.0
0.0
0.0
0.0
0.0
0.0
0.0
0.0
0.0
0.0
0.0
0.0
0.0
0.0
0.0
0.0
0.0
0.0
0.0
0.0
0.0
0.0
0.0
0.0
0.0
0.0
0.0
0.0
0.0
0.0
0.0
0.0
0.0
0.0
0.0
0.0
0.0
0.0
0.0
0.0
0.0
0.0
0.0
0.0
0.0
0.0
0.0
0.0
0.0
0.0
0.0
0.0
0.0
0.0
0.0
0.0
0.0
0.0
0.0
0.0
0.0
0.0
0.0
0.0
0.0
0.0
0.0
0.0
0.0
0.0
0.0
0.0
0.0
0.0
0.0
0.0
0.0
0.0
0.0
0.0
0.0
0.0
0.0
0.0
0.0
0.0
0.0
0.0
0.0
0.0
0.0
0.0
0.0
0.0
0.0
0.0
0.0
0.0
0.0
0.0
0.0
0.0
0.0
0.0
0.0
0.0
0.0
0.0
0.0
0.0
0.0
0.0
0.0
0.0
0.0
0.0
0.0
0.0
0.0
0.0
0.0
0.0
0.0
0.0
0.0
0.0
0.0
0.0
0.0
0.0
0.0
0.0
0.0
0.0
0.0
0.0
0.0
0.0
0.0
0.0
0.0
0.0
0.0
0.0
0.0
0.0
0.0
0.0
0.0
0.0
0.0
0.0
0.0
0.0
0.0
0.0
0.0
0.0
0.0
0.0
0.0
0.0
0.0
0.0
0.0
0.0
0.0
0.0
