89076.0
89077.0
89080.0
89081.0
89156.0
89160.0
89161.0
89239.0
89240.0
89241.0
89320.0
89321.0
0.0
0.0
0.0
0.0
0.0
0.0
0.0
0.0
96917.0
96918.0
96920.0
96921.0
96926.0
0.0
0.0
0.0
96995.0
96996.0
96997.0
96998.0
97000.0
97001.0
97075.0
97076.0
97077.0
97078.0
97079.0
97080.0
97081.0
97159.0
97160.0
97161.0
97239.0
97240.0
97241.0
97242.0
97317.0
97318.0
97319.0
97320.0
97398.0
0.0
0.0
97478.0
0.0
0.0
0.0
0.0
0.0
0.0
0.0
0.0
0.0
104596.0
104677.0
104682.0
104683.0
104684.0
0.0
104761.0
104762.0
104763.0
0.0
0.0
0.0
0.0
104836.0
104837.0
104838.0
104839.0
104840.0
104841.0
104842.0
0.0
0.0
0.0
0.0
104915.0
104916.0
104917.0
104918.0
104919.0
104920.0
104921.0
0.0
104995.0
104996.0
104997.0
104998.0
104999.0
105000.0
105073.0
105077.0
105079.0
105080.0
105157.0
105158.0
105159.0
105160.0
105237.0
105238.0
105239.0
105240.0
105318.0
105320.0
0.0
0.0
105464.0
0.0
105544.0
0.0
105624.0
0.0
0.0
0.0
0.0
112435.0
112436.0
112437.0
112438.0
112439.0
112513.0
112514.0
112515.0
112516.0
112517.0
112518.0
112520.0
112594.0
112595.0
112596.0
112597.0
112602.0
112603.0
112605.0
112606.0
0.0
0.0
0.0
112675.0
112676.0
112678.0
112679.0
112681.0
112682.0
112683.0
112684.0
0.0
0.0
0.0
0.0
0.0
0.0
112755.0
112756.0
112757.0
112758.0
112759.0
112760.0
112761.0
112762.0
0.0
0.0
0.0
0.0
112833.0
112834.0
112836.0
112837.0
112838.0
112839.0
112840.0
112841.0
0.0
0.0
0.0
0.0
0.0
112913.0
112914.0
112915.0
112916.0
112918.0
112919.0
112920.0
0.0
0.0
0.0
112997.0
112998.0
112999.0
113000.0
113074.0
113075.0
113078.0
113079.0
113080.0
113154.0
113155.0
113158.0
113159.0
113160.0
113162.0
113239.0
113240.0
113319.0
113384.0
0.0
0.0
113464.0
0.0
0.0
0.0
0.0
113625.0
0.0
0.0
0.0
0.0
0.0
0.0
0.0
113785.0
0.0
0.0
113865.0
0.0
120273.0
120274.0
120275.0
120276.0
120277.0
120278.0
120279.0
120352.0
120353.0
120355.0
120356.0
120357.0
120358.0
120359.0
120360.0
120431.0
120432.0
120433.0
120434.0
120435.0
120436.0
120437.0
120438.0
120439.0
120440.0
120441.0
120513.0
120514.0
120515.0
120520.0
120521.0
120523.0
120524.0
120525.0
120526.0
0.0
0.0
0.0
0.0
120594.0
120595.0
120596.0
120598.0
120599.0
120600.0
120602.0
120603.0
120604.0
120605.0
0.0
0.0
0.0
0.0
120676.0
120677.0
120678.0
120679.0
120680.0
120681.0
120682.0
120683.0
120684.0
0.0
0.0
0.0
0.0
0.0
0.0
120754.0
120756.0
120757.0
120758.0
120759.0
120760.0
120761.0
120762.0
0.0
0.0
0.0
0.0
0.0
120833.0
120834.0
120835.0
120836.0
120837.0
120838.0
120839.0
120840.0
120841.0
0.0
0.0
0.0
0.0
0.0
0.0
120916.0
120917.0
120918.0
120919.0
120920.0
120921.0
0.0
0.0
0.0
0.0
0.0
120994.0
120997.0
120998.0
120999.0
121000.0
0.0
0.0
0.0
0.0
0.0
121073.0
121074.0
121075.0
121078.0
121079.0
121155.0
121159.0
121234.0
121304.0
121305.0
121384.0
121385.0
121386.0
0.0
121464.0
121465.0
121466.0
121467.0
0.0
0.0
121545.0
121546.0
121547.0
0.0
0.0
0.0
121626.0
121627.0
121628.0
0.0
0.0
0.0
121705.0
121706.0
121707.0
121708.0
0.0
0.0
0.0
0.0
0.0
121787.0
0.0
0.0
128113.0
128114.0
128115.0
128116.0
128192.0
128193.0
128194.0
128195.0
128196.0
128197.0
128198.0
128199.0
128271.0
128272.0
128273.0
128274.0
128276.0
128277.0
128278.0
128279.0
128280.0
128281.0
128350.0
128351.0
128352.0
128353.0
128354.0
128355.0
128359.0
128360.0
128361.0
0.0
0.0
128431.0
128432.0
128433.0
128434.0
128435.0
128440.0
128445.0
0.0
0.0
0.0
0.0
0.0
0.0
128514.0
128515.0
128517.0
128518.0
128519.0
128520.0
128521.0
128524.0
128525.0
0.0
0.0
0.0
0.0
0.0
0.0
0.0
128594.0
128596.0
128597.0
128598.0
128599.0
128600.0
128602.0
128603.0
128604.0
128605.0
0.0
0.0
0.0
0.0
0.0
128673.0
128674.0
128675.0
128676.0
128677.0
128678.0
128679.0
128680.0
128681.0
128682.0
128683.0
128684.0
0.0
0.0
0.0
0.0
0.0
0.0
0.0
128753.0
128754.0
128755.0
128756.0
128757.0
128758.0
128759.0
128760.0
128761.0
0.0
0.0
0.0
0.0
0.0
0.0
0.0
0.0
128834.0
128835.0
128836.0
128838.0
128839.0
128840.0
128841.0
0.0
0.0
0.0
0.0
0.0
0.0
0.0
128913.0
128914.0
128915.0
128916.0
128917.0
128918.0
128919.0
128920.0
0.0
0.0
0.0
0.0
0.0
0.0
0.0
128993.0
128994.0
128995.0
128997.0
128998.0
128999.0
0.0
0.0
0.0
0.0
0.0
129074.0
129077.0
129079.0
0.0
0.0
0.0
129154.0
129224.0
129225.0
129226.0
129227.0
129228.0
129234.0
129305.0
129306.0
129307.0
129308.0
129385.0
129386.0
129387.0
129388.0
129464.0
129465.0
129466.0
129467.0
129468.0
129469.0
129544.0
129545.0
129547.0
129548.0
129549.0
0.0
129624.0
129625.0
129626.0
129627.0
129628.0
129629.0
0.0
0.0
0.0
129706.0
129707.0
129708.0
0.0
129786.0
129787.0
129788.0
0.0
129866.0
129867.0
0.0
135953.0
135954.0
135959.0
136032.0
136033.0
136034.0
136036.0
136039.0
136040.0
136109.0
136110.0
136111.0
136112.0
136113.0
136114.0
136115.0
136116.0
136117.0
136118.0
136189.0
136190.0
136191.0
136192.0
136196.0
136197.0
136198.0
136199.0
136200.0
0.0
0.0
0.0
136269.0
136270.0
136271.0
136272.0
136273.0
136274.0
136275.0
136277.0
136278.0
136279.0
136280.0
0.0
0.0
0.0
136350.0
136351.0
136352.0
136353.0
136354.0
136355.0
136356.0
136360.0
0.0
0.0
0.0
0.0
0.0
0.0
0.0
136434.0
136435.0
136437.0
136438.0
136440.0
0.0
0.0
0.0
0.0
0.0
0.0
0.0
136514.0
136515.0
136516.0
136517.0
136518.0
136519.0
136520.0
136523.0
136524.0
0.0
0.0
0.0
0.0
0.0
0.0
136593.0
136594.0
136595.0
136596.0
136597.0
136598.0
136599.0
136600.0
136601.0
136602.0
136603.0
136604.0
0.0
136667.0
136668.0
0.0
0.0
0.0
0.0
136673.0
136674.0
136675.0
136676.0
136677.0
136679.0
136681.0
136682.0
0.0
136747.0
136748.0
0.0
0.0
0.0
0.0
136753.0
136754.0
136755.0
136756.0
136757.0
136758.0
136759.0
136760.0
136761.0
0.0
0.0
0.0
136828.0
136829.0
0.0
0.0
0.0
136833.0
136834.0
136835.0
136836.0
136838.0
136839.0
136840.0
0.0
0.0
0.0
0.0
0.0
0.0
0.0
136913.0
136914.0
136915.0
136916.0
136918.0
136919.0
0.0
0.0
0.0
0.0
0.0
136990.0
136991.0
136993.0
136994.0
136995.0
136997.0
136998.0
136999.0
0.0
0.0
0.0
0.0
137070.0
137073.0
137074.0
137075.0
137145.0
0.0
137147.0
137148.0
137153.0
137154.0
137224.0
0.0
137226.0
137227.0
137228.0
137229.0
0.0
0.0
137306.0
137307.0
137308.0
137309.0
0.0
137385.0
137386.0
137387.0
137388.0
137389.0
137463.0
137464.0
137465.0
137466.0
137467.0
137468.0
137469.0
137544.0
137545.0
137546.0
137547.0
137548.0
137549.0
0.0
0.0
137625.0
137626.0
137627.0
137628.0
137704.0
137705.0
137706.0
137707.0
137708.0
137786.0
137787.0
137788.0
0.0
0.0
0.0
0.0
0.0
0.0
0.0
0.0
0.0
143792.0
143793.0
143794.0
143796.0
143797.0
143798.0
143799.0
143869.0
143870.0
143872.0
143873.0
143874.0
143875.0
143877.0
143878.0
143879.0
143880.0
143881.0
143882.0
143948.0
143949.0
143950.0
143951.0
143952.0
143953.0
143954.0
143955.0
143956.0
143957.0
143958.0
143959.0
143960.0
143961.0
144028.0
144029.0
144030.0
144031.0
144032.0
144035.0
144036.0
144037.0
144039.0
0.0
0.0
144108.0
144109.0
144110.0
144111.0
144112.0
144116.0
144117.0
144118.0
144119.0
0.0
0.0
0.0
144189.0
144190.0
144192.0
144193.0
144194.0
144195.0
144196.0
144197.0
144198.0
144199.0
144200.0
0.0
0.0
0.0
144270.0
144271.0
144272.0
144273.0
144274.0
144275.0
144276.0
144279.0
144280.0
0.0
0.0
0.0
0.0
144352.0
0.0
144355.0
144356.0
144359.0
144360.0
144364.0
0.0
0.0
0.0
0.0
0.0
144432.0
0.0
144434.0
144435.0
144436.0
144439.0
144440.0
144443.0
144444.0
0.0
0.0
0.0
0.0
0.0
0.0
144513.0
144514.0
144515.0
144522.0
144523.0
144524.0
144585.0
144586.0
144587.0
0.0
0.0
0.0
144593.0
144594.0
144595.0
144601.0
144602.0
144603.0
144666.0
144667.0
144668.0
0.0
0.0
0.0
144673.0
144674.0
144675.0
144676.0
144678.0
144679.0
144680.0
144681.0
144682.0
144747.0
144748.0
144749.0
144750.0
0.0
144753.0
144754.0
144755.0
144756.0
144758.0
144759.0
144760.0
0.0
0.0
144828.0
144829.0
144830.0
144831.0
144834.0
144835.0
144836.0
144838.0
144839.0
0.0
0.0
0.0
0.0
0.0
144910.0
144911.0
144914.0
144915.0
144918.0
144919.0
144985.0
144986.0
0.0
0.0
0.0
144990.0
144991.0
144994.0
144995.0
145064.0
145065.0
145066.0
145067.0
0.0
145069.0
145144.0
145145.0
145146.0
145147.0
145148.0
145149.0
145150.0
0.0
0.0
145226.0
145227.0
145228.0
145229.0
145230.0
0.0
145306.0
145307.0
145308.0
145309.0
0.0
145387.0
145388.0
145389.0
0.0
0.0
0.0
145545.0
145546.0
145547.0
145548.0
0.0
0.0
145625.0
145626.0
145627.0
145628.0
0.0
0.0
145705.0
145706.0
145707.0
145708.0
145786.0
145787.0
145788.0
0.0
0.0
0.0
0.0
0.0
0.0
0.0
0.0
0.0
0.0
0.0
151633.0
151634.0
151636.0
151637.0
151638.0
151641.0
151708.0
151709.0
151710.0
151711.0
151712.0
151713.0
151714.0
151716.0
151717.0
151718.0
151719.0
151721.0
151722.0
151787.0
151788.0
151789.0
151790.0
151791.0
151792.0
151793.0
151794.0
151795.0
151796.0
151797.0
151798.0
151799.0
151800.0
151801.0
151802.0
151866.0
151867.0
151868.0
151869.0
151870.0
151871.0
151872.0
151874.0
151875.0
151876.0
151877.0
151879.0
151880.0
151881.0
151882.0
0.0
151948.0
151949.0
151950.0
151951.0
151952.0
151954.0
151957.0
151959.0
151960.0
151961.0
151962.0
0.0
0.0
0.0
152029.0
152030.0
152036.0
152040.0
0.0
0.0
0.0
152110.0
152111.0
152112.0
152113.0
152116.0
152117.0
152118.0
152119.0
152120.0
0.0
0.0
0.0
0.0
152191.0
152192.0
152193.0
152194.0
152195.0
152198.0
152199.0
152200.0
0.0
0.0
0.0
0.0
152272.0
152273.0
152274.0
152275.0
152276.0
152279.0
152280.0
152283.0
0.0
0.0
0.0
0.0
0.0
152352.0
152353.0
152354.0
152355.0
152356.0
152359.0
152360.0
152361.0
152363.0
152364.0
0.0
0.0
0.0
0.0
0.0
152432.0
152433.0
152434.0
152435.0
152436.0
152439.0
152440.0
152441.0
152442.0
152443.0
152444.0
152505.0
152506.0
0.0
0.0
0.0
152514.0
152515.0
152516.0
152519.0
152521.0
152522.0
152523.0
152585.0
152586.0
152587.0
0.0
0.0
0.0
152593.0
152594.0
152595.0
152596.0
152598.0
152599.0
152600.0
152601.0
152602.0
152666.0
152667.0
152668.0
152669.0
152670.0
152671.0
152673.0
152674.0
152675.0
152676.0
152678.0
152679.0
152680.0
152681.0
152747.0
152748.0
152749.0
152750.0
152751.0
152754.0
152755.0
152758.0
152759.0
152760.0
152825.0
152826.0
152827.0
0.0
152830.0
152831.0
152834.0
152835.0
152904.0
152905.0
152906.0
0.0
0.0
0.0
152910.0
152911.0
152984.0
152985.0
152986.0
152987.0
152988.0
152989.0
152990.0
153064.0
153065.0
153066.0
153067.0
153068.0
153069.0
153070.0
0.0
0.0
153147.0
153148.0
153149.0
153150.0
0.0
0.0
153228.0
153229.0
0.0
0.0
0.0
0.0
0.0
0.0
0.0
0.0
0.0
0.0
0.0
0.0
0.0
0.0
0.0
153625.0
153626.0
153627.0
0.0
0.0
153707.0
0.0
0.0
0.0
0.0
0.0
0.0
0.0
0.0
0.0
0.0
0.0
0.0
0.0
0.0
0.0
0.0
0.0
0.0
0.0
0.0
0.0
0.0
0.0
0.0
0.0
0.0
0.0
0.0
0.0
159475.0
159476.0
159477.0
159478.0
159548.0
159549.0
159550.0
159551.0
159552.0
159553.0
159554.0
159555.0
159556.0
159557.0
159558.0
159559.0
159560.0
159561.0
159563.0
159564.0
159626.0
159627.0
159628.0
159629.0
159630.0
159631.0
159632.0
159633.0
159634.0
159635.0
159636.0
159638.0
159639.0
159640.0
159641.0
159642.0
159643.0
159644.0
159706.0
159707.0
159708.0
159709.0
159710.0
159711.0
159712.0
159714.0
159715.0
159716.0
159718.0
159719.0
159720.0
159721.0
159722.0
159723.0
159724.0
159786.0
159787.0
159788.0
159789.0
159791.0
159792.0
159794.0
159796.0
159797.0
159799.0
159800.0
159802.0
0.0
0.0
159868.0
159869.0
159870.0
159872.0
159876.0
159877.0
159880.0
159881.0
159882.0
0.0
0.0
0.0
0.0
159950.0
159951.0
159960.0
159961.0
0.0
0.0
0.0
160030.0
160031.0
160032.0
160037.0
160038.0
160039.0
160040.0
0.0
0.0
0.0
0.0
0.0
160110.0
160111.0
160112.0
160113.0
160114.0
160117.0
160118.0
0.0
0.0
0.0
160190.0
160191.0
160192.0
160193.0
160194.0
160195.0
160196.0
160200.0
160201.0
0.0
0.0
0.0
0.0
0.0
160273.0
160274.0
160275.0
160276.0
160279.0
160280.0
160281.0
160282.0
160283.0
160346.0
160347.0
0.0
0.0
0.0
160352.0
160353.0
160354.0
160355.0
160356.0
160359.0
160360.0
160361.0
160362.0
160363.0
160364.0
160426.0
0.0
0.0
0.0
160432.0
160433.0
160434.0
160435.0
160436.0
160439.0
160440.0
160441.0
160442.0
160443.0
160506.0
160507.0
0.0
0.0
160514.0
160515.0
160516.0
160519.0
160521.0
160522.0
160523.0
160587.0
160588.0
160594.0
160595.0
160598.0
160599.0
160600.0
160601.0
160602.0
160665.0
160666.0
160667.0
160668.0
160669.0
0.0
160671.0
160674.0
160675.0
160678.0
160679.0
160680.0
160681.0
160744.0
160745.0
160746.0
160747.0
160749.0
160750.0
160751.0
160824.0
160825.0
160826.0
160827.0
160828.0
160829.0
160830.0
160831.0
160905.0
160907.0
160908.0
160909.0
160910.0
160911.0
160984.0
160985.0
160987.0
160988.0
160989.0
160990.0
161064.0
0.0
161068.0
161069.0
161070.0
0.0
0.0
0.0
0.0
0.0
0.0
0.0
0.0
0.0
0.0
0.0
0.0
0.0
0.0
0.0
0.0
0.0
0.0
0.0
0.0
0.0
0.0
0.0
0.0
0.0
0.0
0.0
0.0
0.0
0.0
0.0
0.0
0.0
0.0
0.0
0.0
0.0
0.0
0.0
0.0
0.0
0.0
0.0
0.0
0.0
0.0
0.0
0.0
0.0
0.0
0.0
0.0
0.0
0.0
0.0
0.0
0.0
0.0
0.0
0.0
0.0
0.0
0.0
0.0
0.0
0.0
0.0
0.0
0.0
0.0
0.0
0.0
0.0
0.0
0.0
0.0
0.0
0.0
0.0
0.0
167314.0
167315.0
167316.0
167317.0
167390.0
167391.0
167393.0
167394.0
167395.0
167396.0
167397.0
167398.0
167399.0
167400.0
0.0
167402.0
167403.0
167404.0
167405.0
167467.0
167468.0
167469.0
167470.0
167471.0
167472.0
167473.0
167474.0
167475.0
167478.0
167479.0
167480.0
167481.0
167482.0
167483.0
167484.0
167485.0
167546.0
167547.0
167548.0
167549.0
167550.0
167551.0
167552.0
167554.0
167555.0
167556.0
167558.0
167559.0
167560.0
167561.0
167562.0
167563.0
167564.0
167626.0
167627.0
167628.0
167631.0
167632.0
167638.0
167639.0
167640.0
167642.0
167643.0
167644.0
167706.0
167707.0
167708.0
167709.0
167710.0
167711.0
167712.0
167716.0
167718.0
167719.0
167720.0
167722.0
167723.0
167724.0
0.0
0.0
0.0
0.0
167789.0
167790.0
167791.0
167796.0
167801.0
167802.0
167803.0
167804.0
0.0
0.0
0.0
0.0
0.0
167870.0
167871.0
167872.0
167881.0
167883.0
167884.0
0.0
0.0
0.0
167950.0
167951.0
167952.0
167953.0
167958.0
0.0
0.0
0.0
168030.0
168031.0
168032.0
168033.0
0.0
0.0
168110.0
168111.0
168112.0
168113.0
168114.0
168121.0
168122.0
0.0
0.0
0.0
168191.0
168192.0
168193.0
168194.0
168195.0
168196.0
168199.0
168200.0
168201.0
168202.0
168266.0
168267.0
0.0
0.0
168272.0
168273.0
168274.0
168275.0
168276.0
168279.0
168280.0
168281.0
168283.0
168346.0
168347.0
0.0
0.0
168352.0
168353.0
168354.0
168355.0
168356.0
168358.0
168359.0
168360.0
168361.0
168362.0
168363.0
168426.0
168427.0
168428.0
0.0
168432.0
168435.0
168436.0
168439.0
168440.0
168441.0
168442.0
168443.0
168505.0
168506.0
168507.0
168508.0
168519.0
168520.0
168521.0
168522.0
168585.0
168586.0
168587.0
168588.0
168589.0
168599.0
168600.0
168601.0
168664.0
168665.0
168666.0
168667.0
168668.0
168669.0
168670.0
168744.0
168745.0
168747.0
168748.0
168749.0
168750.0
168825.0
168828.0
168829.0
168830.0
168905.0
0.0
0.0
0.0
0.0
0.0
0.0
0.0
0.0
0.0
0.0
0.0
0.0
0.0
0.0
0.0
0.0
0.0
0.0
0.0
0.0
0.0
0.0
0.0
0.0
0.0
0.0
0.0
0.0
0.0
0.0
0.0
0.0
0.0
0.0
0.0
0.0
0.0
0.0
0.0
0.0
0.0
0.0
0.0
0.0
0.0
0.0
0.0
0.0
0.0
0.0
0.0
0.0
0.0
0.0
0.0
0.0
0.0
0.0
0.0
0.0
0.0
0.0
0.0
0.0
0.0
0.0
0.0
0.0
0.0
0.0
0.0
0.0
0.0
0.0
0.0
0.0
0.0
0.0
0.0
0.0
0.0
0.0
0.0
0.0
0.0
0.0
0.0
0.0
0.0
0.0
0.0
0.0
0.0
0.0
0.0
0.0
0.0
0.0
0.0
0.0
0.0
0.0
0.0
0.0
0.0
0.0
0.0
0.0
0.0
0.0
0.0
0.0
0.0
0.0
0.0
0.0
0.0
0.0
0.0
0.0
0.0
175154.0
175155.0
175156.0
175157.0
0.0
0.0
175232.0
175234.0
175235.0
175236.0
175237.0
175238.0
0.0
0.0
0.0
0.0
0.0
0.0
0.0
0.0
175312.0
175313.0
175314.0
175315.0
175317.0
175318.0
175320.0
0.0
0.0
0.0
175324.0
0.0
0.0
0.0
0.0
0.0
0.0
175391.0
175392.0
175393.0
175397.0
175398.0
175399.0
175400.0
175402.0
175403.0
175404.0
0.0
175466.0
175472.0
175477.0
175478.0
175479.0
175480.0
175482.0
175483.0
175484.0
175546.0
175547.0
175548.0
175549.0
175552.0
175558.0
175559.0
175560.0
175562.0
175563.0
175564.0
175627.0
175628.0
175629.0
175630.0
175638.0
175639.0
175640.0
175642.0
175643.0
175644.0
0.0
0.0
0.0
0.0
175708.0
175709.0
175710.0
175711.0
175712.0
175716.0
175721.0
175722.0
175723.0
175724.0
0.0
0.0
175788.0
175789.0
175790.0
175791.0
175792.0
175793.0
175796.0
175799.0
175801.0
175802.0
175803.0
175804.0
0.0
0.0
175870.0
175871.0
175872.0
175873.0
175876.0
175877.0
175883.0
175884.0
0.0
0.0
0.0
0.0
175951.0
175952.0
175953.0
175960.0
175963.0
0.0
0.0
0.0
176031.0
176032.0
176033.0
176038.0
176041.0
176042.0
0.0
0.0
176111.0
0.0
176113.0
176114.0
176115.0
176120.0
176121.0
176122.0
176186.0
176187.0
0.0
0.0
0.0
176193.0
176194.0
176195.0
176199.0
176200.0
176201.0
176202.0
176266.0
0.0
0.0
176273.0
176274.0
176275.0
176279.0
176280.0
176281.0
176282.0
176345.0
176347.0
176359.0
176360.0
176361.0
176425.0
176426.0
176439.0
176440.0
176441.0
176505.0
176506.0
176585.0
176586.0
176665.0
176666.0
176745.0
176746.0
176748.0
176825.0
176826.0
176905.0
0.0
0.0
0.0
0.0
0.0
0.0
0.0
0.0
0.0
0.0
0.0
0.0
0.0
0.0
0.0
0.0
0.0
0.0
0.0
0.0
0.0
0.0
0.0
0.0
0.0
0.0
0.0
0.0
0.0
0.0
0.0
0.0
0.0
0.0
0.0
0.0
0.0
0.0
0.0
0.0
0.0
0.0
0.0
0.0
0.0
0.0
0.0
0.0
0.0
0.0
0.0
0.0
0.0
0.0
0.0
0.0
0.0
0.0
0.0
0.0
0.0
0.0
0.0
0.0
0.0
0.0
0.0
0.0
0.0
0.0
0.0
0.0
0.0
0.0
0.0
0.0
0.0
0.0
0.0
0.0
0.0
0.0
0.0
0.0
0.0
0.0
0.0
0.0
0.0
0.0
0.0
0.0
0.0
0.0
0.0
0.0
0.0
0.0
0.0
0.0
0.0
0.0
0.0
0.0
0.0
0.0
0.0
0.0
0.0
0.0
0.0
183072.0
183073.0
183074.0
183075.0
183076.0
183077.0
0.0
0.0
0.0
0.0
0.0
183152.0
183153.0
183154.0
183155.0
183156.0
183157.0
0.0
0.0
0.0
0.0
0.0
0.0
0.0
0.0
0.0
0.0
0.0
183232.0
183233.0
183234.0
183235.0
183236.0
183237.0
0.0
0.0
0.0
0.0
0.0
0.0
0.0
0.0
0.0
0.0
0.0
0.0
0.0
0.0
183312.0
183313.0
183315.0
183316.0
183317.0
183318.0
0.0
0.0
0.0
0.0
0.0
183385.0
183386.0
0.0
0.0
183392.0
183395.0
183396.0
183397.0
183398.0
0.0
0.0
183403.0
183404.0
183465.0
183466.0
183467.0
183468.0
183476.0
183477.0
183478.0
183479.0
0.0
0.0
183482.0
183483.0
183484.0
0.0
0.0
183547.0
183548.0
183549.0
183550.0
183551.0
183558.0
0.0
0.0
183562.0
183563.0
183564.0
0.0
0.0
0.0
183627.0
183628.0
183629.0
183630.0
183631.0
183632.0
183633.0
183641.0
183642.0
183643.0
183644.0
0.0
0.0
183707.0
183708.0
183709.0
183710.0
183711.0
183712.0
183713.0
183716.0
183717.0
183721.0
183722.0
183723.0
183724.0
0.0
0.0
183791.0
183792.0
183793.0
183796.0
183797.0
183801.0
183802.0
183803.0
183804.0
0.0
0.0
0.0
0.0
0.0
183872.0
183873.0
183877.0
183878.0
183879.0
183880.0
183883.0
0.0
0.0
0.0
0.0
183951.0
183952.0
183953.0
183954.0
183957.0
183958.0
183959.0
183961.0
183962.0
0.0
0.0
0.0
0.0
0.0
184034.0
184039.0
184040.0
184041.0
184042.0
184106.0
0.0
0.0
0.0
184113.0
184114.0
184119.0
184120.0
184121.0
184122.0
184185.0
184186.0
0.0
0.0
0.0
184193.0
184200.0
184201.0
184202.0
184265.0
184266.0
184267.0
0.0
0.0
184280.0
184281.0
184346.0
184347.0
0.0
184425.0
184426.0
184427.0
184505.0
184506.0
184507.0
184508.0
184585.0
184586.0
184587.0
184588.0
184589.0
184590.0
184665.0
184666.0
184667.0
184668.0
184669.0
184670.0
184745.0
184746.0
184747.0
184748.0
184749.0
184750.0
184826.0
184827.0
184828.0
0.0
0.0
0.0
0.0
0.0
0.0
0.0
0.0
0.0
0.0
0.0
0.0
0.0
0.0
0.0
0.0
0.0
0.0
0.0
0.0
0.0
0.0
0.0
0.0
0.0
0.0
0.0
0.0
0.0
0.0
0.0
0.0
0.0
0.0
0.0
0.0
0.0
0.0
0.0
0.0
0.0
0.0
0.0
0.0
0.0
0.0
0.0
0.0
0.0
0.0
0.0
0.0
190913.0
190914.0
0.0
0.0
0.0
0.0
0.0
0.0
190993.0
190994.0
190995.0
190996.0
0.0
0.0
0.0
0.0
0.0
0.0
0.0
0.0
0.0
0.0
0.0
0.0
191074.0
191075.0
191076.0
0.0
0.0
0.0
0.0
0.0
0.0
0.0
0.0
0.0
191146.0
0.0
0.0
0.0
0.0
0.0
191154.0
191155.0
191156.0
191157.0
0.0
0.0
0.0
0.0
0.0
0.0
0.0
0.0
0.0
191226.0
0.0
0.0
0.0
0.0
191234.0
191235.0
191236.0
191237.0
191238.0
0.0
0.0
0.0
0.0
0.0
0.0
191305.0
191306.0
0.0
0.0
0.0
191314.0
191315.0
191316.0
191317.0
191318.0
0.0
0.0
0.0
0.0
191385.0
191386.0
191387.0
191388.0
191395.0
191396.0
191397.0
191398.0
191399.0
191400.0
0.0
0.0
191466.0
191467.0
191468.0
191469.0
191470.0
191471.0
191477.0
191478.0
0.0
191480.0
191481.0
191483.0
191484.0
0.0
0.0
191546.0
191547.0
191548.0
191549.0
191550.0
191551.0
191552.0
191562.0
191563.0
191564.0
0.0
0.0
191627.0
191628.0
191629.0
191630.0
191631.0
191632.0
191633.0
191640.0
191641.0
191642.0
191643.0
191644.0
0.0
0.0
191713.0
191720.0
191721.0
191722.0
191723.0
191724.0
0.0
0.0
0.0
0.0
0.0
191793.0
191798.0
191799.0
191800.0
191801.0
191802.0
191803.0
191804.0
0.0
0.0
0.0
0.0
191878.0
191879.0
191880.0
191881.0
191882.0
191883.0
0.0
0.0
0.0
191959.0
191960.0
191961.0
191962.0
0.0
0.0
0.0
0.0
192040.0
192041.0
192042.0
0.0
0.0
0.0
0.0
192121.0
192186.0
0.0
0.0
0.0
0.0
192266.0
0.0
0.0
0.0
192346.0
192347.0
0.0
0.0
0.0
192426.0
0.0
0.0
0.0
0.0
0.0
0.0
0.0
0.0
0.0
0.0
0.0
192590.0
0.0
0.0
0.0
0.0
0.0
0.0
0.0
0.0
0.0
0.0
0.0
0.0
0.0
0.0
0.0
0.0
0.0
0.0
198756.0
0.0
0.0
0.0
0.0
198833.0
198834.0
198835.0
198836.0
0.0
0.0
0.0
0.0
0.0
0.0
0.0
198914.0
198915.0
198916.0
0.0
0.0
0.0
0.0
0.0
0.0
0.0
0.0
0.0
0.0
0.0
0.0
0.0
0.0
0.0
0.0
198994.0
198995.0
198996.0
0.0
0.0
0.0
0.0
0.0
0.0
0.0
0.0
0.0
0.0
0.0
199065.0
199066.0
0.0
0.0
0.0
0.0
0.0
0.0
199074.0
199075.0
199076.0
199077.0
0.0
0.0
0.0
0.0
0.0
0.0
0.0
199144.0
199145.0
199146.0
0.0
0.0
0.0
0.0
199154.0
199155.0
199156.0
199157.0
199158.0
0.0
0.0
0.0
0.0
0.0
199224.0
199225.0
199226.0
0.0
0.0
0.0
199234.0
199235.0
199236.0
199237.0
199238.0
199239.0
0.0
0.0
0.0
199305.0
199306.0
199307.0
199308.0
199315.0
0.0
199317.0
199318.0
199319.0
0.0
0.0
199384.0
199385.0
199386.0
199387.0
199388.0
199389.0
199390.0
199398.0
199399.0
199400.0
199401.0
0.0
199467.0
199468.0
199469.0
199470.0
0.0
0.0
199547.0
199548.0
199549.0
199562.0
199563.0
0.0
0.0
199641.0
199642.0
199643.0
199644.0
0.0
0.0
0.0
0.0
0.0
199720.0
199721.0
199722.0
199723.0
0.0
0.0
0.0
0.0
0.0
199800.0
199801.0
199802.0
199803.0
0.0
0.0
0.0
0.0
0.0
199880.0
199881.0
199882.0
0.0
0.0
0.0
0.0
0.0
0.0
0.0
0.0
0.0
0.0
0.0
0.0
0.0
0.0
0.0
0.0
0.0
0.0
0.0
0.0
0.0
0.0
0.0
0.0
0.0
0.0
0.0
0.0
0.0
0.0
0.0
0.0
0.0
0.0
0.0
0.0
0.0
0.0
0.0
0.0
0.0
0.0
0.0
0.0
0.0
0.0
0.0
0.0
0.0
0.0
206675.0
0.0
0.0
206754.0
206755.0
206756.0
0.0
0.0
0.0
0.0
0.0
0.0
0.0
0.0
0.0
0.0
0.0
0.0
206832.0
206834.0
206835.0
206836.0
0.0
0.0
0.0
0.0
0.0
0.0
0.0
0.0
0.0
0.0
0.0
0.0
0.0
0.0
0.0
0.0
0.0
206914.0
206915.0
206916.0
0.0
0.0
0.0
0.0
0.0
0.0
0.0
0.0
0.0
0.0
206984.0
206985.0
0.0
0.0
0.0
206994.0
206995.0
0.0
0.0
0.0
0.0
0.0
207064.0
207065.0
207066.0
207067.0
0.0
0.0
0.0
207074.0
207075.0
0.0
0.0
0.0
0.0
0.0
0.0
0.0
207145.0
207146.0
207147.0
0.0
0.0
0.0
207154.0
207155.0
207156.0
207157.0
0.0
0.0
0.0
0.0
0.0
0.0
0.0
0.0
207225.0
207226.0
207227.0
207228.0
0.0
207237.0
0.0
0.0
0.0
0.0
0.0
207304.0
207305.0
207306.0
207307.0
207308.0
207309.0
0.0
0.0
0.0
0.0
0.0
207388.0
207389.0
0.0
0.0
0.0
0.0
0.0
0.0
0.0
0.0
0.0
0.0
0.0
0.0
0.0
0.0
0.0
0.0
0.0
0.0
0.0
0.0
0.0
0.0
0.0
0.0
0.0
0.0
0.0
0.0
0.0
0.0
0.0
0.0
0.0
0.0
0.0
0.0
0.0
0.0
0.0
0.0
0.0
0.0
0.0
0.0
0.0
0.0
0.0
0.0
0.0
0.0
0.0
0.0
0.0
0.0
0.0
0.0
0.0
0.0
0.0
0.0
0.0
0.0
0.0
0.0
0.0
0.0
0.0
0.0
0.0
0.0
0.0
0.0
0.0
0.0
0.0
0.0
0.0
0.0
0.0
0.0
0.0
214595.0
0.0
0.0
0.0
0.0
0.0
0.0
0.0
0.0
0.0
214675.0
0.0
0.0
0.0
0.0
0.0
0.0
0.0
0.0
0.0
0.0
0.0
0.0
0.0
0.0
0.0
0.0
0.0
0.0
214754.0
214755.0
0.0
0.0
0.0
0.0
0.0
0.0
0.0
0.0
0.0
0.0
0.0
0.0
0.0
0.0
0.0
0.0
0.0
0.0
214834.0
214835.0
0.0
0.0
0.0
0.0
0.0
0.0
0.0
0.0
214905.0
214906.0
214907.0
0.0
0.0
0.0
214914.0
214915.0
0.0
0.0
0.0
0.0
0.0
0.0
0.0
0.0
0.0
0.0
0.0
214985.0
214986.0
214987.0
214988.0
0.0
0.0
0.0
214994.0
214995.0
0.0
0.0
0.0
0.0
0.0
0.0
215065.0
215066.0
215067.0
215068.0
0.0
0.0
0.0
0.0
0.0
0.0
0.0
0.0
215144.0
215145.0
215146.0
215147.0
0.0
0.0
0.0
0.0
0.0
0.0
0.0
215226.0
215227.0
215228.0
0.0
0.0
0.0
0.0
215307.0
215308.0
0.0
0.0
0.0
0.0
0.0
0.0
0.0
0.0
0.0
0.0
0.0
0.0
0.0
0.0
0.0
0.0
0.0
0.0
0.0
0.0
0.0
0.0
0.0
0.0
0.0
0.0
0.0
0.0
0.0
0.0
0.0
0.0
0.0
0.0
0.0
0.0
0.0
0.0
0.0
0.0
0.0
0.0
0.0
0.0
0.0
0.0
0.0
0.0
0.0
0.0
0.0
0.0
0.0
0.0
0.0
0.0
0.0
0.0
0.0
0.0
0.0
0.0
0.0
0.0
0.0
0.0
0.0
0.0
0.0
0.0
0.0
0.0
0.0
0.0
0.0
0.0
0.0
0.0
0.0
0.0
0.0
0.0
0.0
0.0
0.0
0.0
0.0
0.0
0.0
0.0
0.0
0.0
0.0
0.0
0.0
0.0
0.0
0.0
0.0
0.0
0.0
0.0
0.0
0.0
0.0
0.0
0.0
0.0
0.0
0.0
0.0
0.0
0.0
0.0
0.0
0.0
0.0
0.0
0.0
0.0
0.0
0.0
0.0
0.0
0.0
0.0
0.0
0.0
0.0
0.0
0.0
0.0
0.0
0.0
0.0
0.0
0.0
0.0
0.0
0.0
0.0
0.0
0.0
0.0
0.0
0.0
0.0
0.0
0.0
0.0
222826.0
222827.0
0.0
0.0
0.0
0.0
0.0
0.0
0.0
0.0
0.0
0.0
0.0
0.0
0.0
0.0
0.0
222905.0
222906.0
222907.0
222908.0
0.0
0.0
0.0
0.0
0.0
222915.0
0.0
0.0
0.0
0.0
0.0
0.0
0.0
0.0
222985.0
222986.0
222987.0
222988.0
0.0
0.0
0.0
0.0
0.0
0.0
0.0
0.0
0.0
0.0
223064.0
223065.0
223066.0
223067.0
223068.0
0.0
0.0
0.0
0.0
0.0
0.0
0.0
223145.0
223146.0
223147.0
0.0
0.0
0.0
0.0
0.0
0.0
0.0
0.0
0.0
0.0
0.0
0.0
0.0
0.0
0.0
0.0
0.0
0.0
0.0
0.0
0.0
0.0
0.0
0.0
0.0
0.0
0.0
0.0
0.0
0.0
0.0
0.0
0.0
0.0
0.0
0.0
0.0
0.0
0.0
0.0
0.0
0.0
0.0
0.0
0.0
0.0
0.0
0.0
0.0
0.0
0.0
0.0
0.0
0.0
0.0
0.0
0.0
0.0
0.0
0.0
0.0
0.0
0.0
0.0
0.0
0.0
0.0
0.0
0.0
0.0
0.0
0.0
0.0
0.0
0.0
0.0
0.0
0.0
0.0
0.0
0.0
0.0
0.0
0.0
0.0
0.0
0.0
0.0
0.0
0.0
0.0
0.0
0.0
0.0
0.0
0.0
0.0
0.0
0.0
0.0
0.0
0.0
0.0
0.0
0.0
0.0
0.0
0.0
0.0
0.0
0.0
0.0
0.0
0.0
0.0
0.0
0.0
0.0
0.0
0.0
0.0
0.0
0.0
0.0
0.0
0.0
0.0
0.0
0.0
0.0
0.0
0.0
0.0
0.0
0.0
0.0
0.0
0.0
0.0
0.0
0.0
0.0
0.0
0.0
0.0
0.0
0.0
0.0
0.0
0.0
0.0
0.0
0.0
0.0
0.0
0.0
0.0
0.0
0.0
0.0
0.0
0.0
230746.0
230747.0
0.0
0.0
0.0
0.0
0.0
0.0
0.0
0.0
0.0
0.0
0.0
0.0
0.0
0.0
230826.0
230827.0
230828.0
0.0
0.0
0.0
0.0
0.0
0.0
0.0
0.0
0.0
0.0
0.0
0.0
0.0
230905.0
230906.0
230907.0
230908.0
230909.0
0.0
0.0
0.0
0.0
0.0
0.0
0.0
0.0
0.0
0.0
0.0
230984.0
230985.0
230987.0
230988.0
230989.0
0.0
0.0
0.0
0.0
0.0
231065.0
231066.0
0.0
0.0
0.0
0.0
0.0
0.0
0.0
0.0
0.0
0.0
0.0
0.0
0.0
0.0
0.0
0.0
0.0
0.0
0.0
0.0
0.0
0.0
0.0
0.0
0.0
0.0
0.0
0.0
0.0
0.0
0.0
0.0
0.0
0.0
0.0
0.0
0.0
0.0
0.0
0.0
0.0
0.0
0.0
0.0
0.0
0.0
0.0
0.0
0.0
0.0
0.0
0.0
0.0
0.0
0.0
0.0
0.0
0.0
0.0
0.0
0.0
0.0
0.0
0.0
0.0
0.0
0.0
0.0
0.0
0.0
0.0
0.0
0.0
0.0
0.0
0.0
0.0
0.0
0.0
0.0
0.0
0.0
0.0
0.0
0.0
0.0
0.0
0.0
0.0
0.0
0.0
0.0
0.0
0.0
0.0
0.0
0.0
0.0
0.0
0.0
0.0
0.0
0.0
0.0
0.0
0.0
0.0
0.0
0.0
0.0
0.0
0.0
0.0
0.0
0.0
0.0
0.0
0.0
0.0
0.0
0.0
0.0
0.0
0.0
0.0
0.0
0.0
0.0
0.0
0.0
0.0
0.0
0.0
0.0
0.0
0.0
0.0
0.0
0.0
0.0
0.0
0.0
0.0
0.0
0.0
238664.0
238665.0
238666.0
238667.0
0.0
0.0
0.0
0.0
0.0
0.0
0.0
0.0
0.0
238745.0
238746.0
238747.0
238748.0
0.0
0.0
0.0
0.0
0.0
0.0
0.0
0.0
0.0
238825.0
238826.0
238827.0
238828.0
238829.0
0.0
0.0
0.0
0.0
0.0
0.0
0.0
0.0
238905.0
238906.0
238907.0
0.0
0.0
0.0
0.0
238985.0
238986.0
238987.0
0.0
0.0
0.0
0.0
239066.0
0.0
0.0
0.0
0.0
0.0
0.0
0.0
0.0
0.0
0.0
0.0
0.0
0.0
0.0
0.0
0.0
0.0
0.0
0.0
0.0
0.0
0.0
0.0
0.0
0.0
0.0
0.0
0.0
0.0
0.0
0.0
0.0
0.0
0.0
0.0
0.0
0.0
0.0
0.0
0.0
0.0
0.0
0.0
0.0
0.0
0.0
0.0
0.0
0.0
0.0
0.0
0.0
0.0
0.0
0.0
0.0
0.0
0.0
0.0
0.0
0.0
0.0
0.0
0.0
0.0
0.0
0.0
0.0
0.0
0.0
0.0
0.0
0.0
0.0
0.0
0.0
0.0
0.0
0.0
0.0
0.0
0.0
0.0
0.0
0.0
0.0
0.0
0.0
0.0
0.0
0.0
0.0
0.0
0.0
0.0
0.0
0.0
0.0
0.0
0.0
0.0
0.0
0.0
0.0
0.0
0.0
0.0
0.0
0.0
0.0
0.0
0.0
0.0
0.0
0.0
0.0
0.0
0.0
0.0
0.0
0.0
0.0
0.0
0.0
0.0
0.0
0.0
0.0
0.0
0.0
0.0
0.0
0.0
0.0
0.0
0.0
0.0
0.0
0.0
0.0
0.0
0.0
0.0
0.0
0.0
0.0
0.0
0.0
0.0
0.0
0.0
0.0
0.0
0.0
0.0
0.0
0.0
0.0
0.0
0.0
0.0
0.0
0.0
0.0
0.0
0.0
0.0
0.0
0.0
0.0
0.0
0.0
0.0
0.0
0.0
0.0
0.0
0.0
0.0
0.0
0.0
0.0
0.0
0.0
0.0
0.0
246826.0
0.0
0.0
0.0
246906.0
246907.0
0.0
246986.0
246987.0
0.0
0.0
0.0
0.0
0.0
0.0
0.0
0.0
0.0
0.0
0.0
0.0
0.0
0.0
0.0
0.0
0.0
0.0
0.0
0.0
0.0
0.0
0.0
0.0
0.0
0.0
0.0
0.0
0.0
0.0
0.0
0.0
0.0
0.0
0.0
0.0
0.0
0.0
0.0
0.0
0.0
0.0
0.0
0.0
0.0
0.0
0.0
0.0
0.0
0.0
0.0
0.0
0.0
0.0
0.0
0.0
0.0
0.0
0.0
0.0
0.0
0.0
0.0
0.0
0.0
0.0
0.0
0.0
0.0
0.0
0.0
0.0
0.0
0.0
0.0
0.0
0.0
0.0
0.0
0.0
0.0
0.0
0.0
0.0
0.0
0.0
0.0
0.0
0.0
0.0
0.0
0.0
0.0
0.0
0.0
0.0
0.0
0.0
0.0
0.0
0.0
0.0
0.0
0.0
0.0
0.0
0.0
0.0
0.0
0.0
0.0
0.0
0.0
0.0
0.0
0.0
0.0
0.0
0.0
0.0
0.0
0.0
0.0
0.0
0.0
0.0
0.0
0.0
0.0
0.0
0.0
0.0
0.0
0.0
0.0
0.0
0.0
0.0
0.0
0.0
0.0
0.0
0.0
0.0
0.0
0.0
0.0
0.0
0.0
0.0
0.0
0.0
0.0
0.0
0.0
0.0
0.0
0.0
0.0
0.0
0.0
0.0
0.0
0.0
0.0
0.0
0.0
0.0
0.0
0.0
0.0
0.0
0.0
0.0
0.0
0.0
0.0
0.0
0.0
0.0
0.0
0.0
0.0
0.0
0.0
0.0
0.0
0.0
0.0
0.0
0.0
0.0
0.0
0.0
0.0
0.0
0.0
0.0
0.0
0.0
0.0
0.0
0.0
0.0
0.0
0.0
0.0
0.0
0.0
0.0
0.0
0.0
0.0
0.0
0.0
0.0
0.0
0.0
0.0
0.0
0.0
0.0
0.0
0.0
0.0
0.0
0.0
0.0
0.0
0.0
0.0
0.0
0.0
0.0
0.0
0.0
0.0
0.0
0.0
0.0
0.0
0.0
0.0
0.0
0.0
0.0
0.0
0.0
0.0
0.0
0.0
0.0
0.0
0.0
0.0
0.0
0.0
0.0
0.0
0.0
0.0
0.0
0.0
0.0
0.0
0.0
0.0
0.0
0.0
0.0
0.0
0.0
0.0
0.0
0.0
0.0
0.0
0.0
0.0
0.0
0.0
0.0
0.0
0.0
0.0
0.0
0.0
0.0
0.0
0.0
0.0
0.0
0.0
0.0
0.0
0.0
0.0
0.0
0.0
0.0
0.0
0.0
0.0
0.0
0.0
0.0
0.0
0.0
0.0
0.0
0.0
0.0
0.0
0.0
0.0
0.0
0.0
0.0
0.0
0.0
0.0
0.0
0.0
0.0
0.0
0.0
0.0
0.0
0.0
0.0
0.0
0.0
0.0
0.0
0.0
0.0
0.0
0.0
0.0
0.0
0.0
0.0
0.0
0.0
0.0
0.0
0.0
0.0
0.0
0.0
0.0
0.0
0.0
0.0
0.0
0.0
0.0
0.0
0.0
0.0
0.0
0.0
0.0
0.0
0.0
0.0
0.0
0.0
0.0
0.0
0.0
0.0
0.0
0.0
0.0
0.0
0.0
0.0
0.0
0.0
0.0
0.0
0.0
0.0
0.0
0.0
0.0
0.0
0.0
0.0
0.0
0.0
0.0
0.0
0.0
0.0
0.0
0.0
0.0
0.0
0.0
0.0
0.0
0.0
0.0
0.0
0.0
0.0
0.0
0.0
0.0
0.0
0.0
0.0
0.0
0.0
0.0
0.0
0.0
0.0
0.0
0.0
0.0
0.0
0.0
0.0
0.0
0.0
0.0
0.0
0.0
0.0
0.0
0.0
0.0
0.0
0.0
0.0
0.0
0.0
0.0
0.0
0.0
0.0
0.0
0.0
0.0
0.0
0.0
0.0
0.0
0.0
0.0
0.0
0.0
0.0
0.0
0.0
0.0
0.0
0.0
0.0
0.0
0.0
0.0
0.0
0.0
0.0
0.0
0.0
0.0
0.0
0.0
0.0
0.0
0.0
0.0
0.0
0.0
0.0
0.0
0.0
0.0
0.0
0.0
0.0
0.0
0.0
0.0
0.0
0.0
0.0
0.0
0.0
0.0
0.0
0.0
0.0
0.0
0.0
0.0
0.0
0.0
0.0
0.0
0.0
0.0
0.0
0.0
0.0
0.0
0.0
0.0
0.0
0.0
0.0
0.0
0.0
0.0
0.0
0.0
0.0
0.0
0.0
0.0
0.0
0.0
0.0
0.0
0.0
0.0
0.0
0.0
0.0
0.0
0.0
0.0
0.0
0.0
0.0
0.0
0.0
0.0
0.0
0.0
0.0
0.0
0.0
0.0
0.0
0.0
0.0
0.0
0.0
0.0
0.0
0.0
0.0
0.0
0.0
0.0
0.0
0.0
0.0
0.0
0.0
0.0
0.0
0.0
0.0
0.0
0.0
0.0
0.0
0.0
0.0
0.0
0.0
0.0
0.0
0.0
0.0
0.0
0.0
0.0
0.0
0.0
0.0
0.0
0.0
0.0
0.0
0.0
0.0
0.0
0.0
0.0
0.0
0.0
0.0
0.0
0.0
0.0
0.0
0.0
0.0
0.0
0.0
0.0
0.0
0.0
0.0
0.0
0.0
0.0
0.0
0.0
0.0
0.0
0.0
0.0
0.0
0.0
0.0
0.0
0.0
0.0
0.0
0.0
0.0
0.0
0.0
0.0
0.0
0.0
0.0
0.0
0.0
0.0
0.0
0.0
0.0
0.0
0.0
0.0
0.0
0.0
0.0
0.0
0.0
0.0
0.0
0.0
0.0
0.0
0.0
0.0
0.0
0.0
0.0
0.0
0.0
0.0
0.0
0.0
0.0
0.0
0.0
0.0
0.0
0.0
0.0
0.0
0.0
0.0
0.0
0.0
0.0
0.0
0.0
0.0
0.0
0.0
0.0
0.0
0.0
0.0
0.0
0.0
0.0
0.0
0.0
0.0
0.0
0.0
0.0
0.0
0.0
0.0
0.0
0.0
0.0
0.0
0.0
0.0
0.0
0.0
0.0
0.0
0.0
0.0
0.0
0.0
0.0
0.0
0.0
0.0
0.0
0.0
0.0
0.0
0.0
0.0
0.0
0.0
0.0
0.0
0.0
0.0
0.0
0.0
0.0
0.0
0.0
0.0
0.0
0.0
0.0
0.0
0.0
0.0
0.0
0.0
0.0
0.0
0.0
0.0
0.0
0.0
0.0
0.0
0.0
0.0
0.0
0.0
0.0
0.0
0.0
0.0
0.0
0.0
0.0
0.0
0.0
0.0
0.0
0.0
0.0
0.0
0.0
0.0
0.0
0.0
0.0
0.0
0.0
0.0
0.0
0.0
0.0
0.0
0.0
0.0
0.0
0.0
0.0
0.0
0.0
0.0
0.0
0.0
0.0
0.0
0.0
0.0
0.0
0.0
0.0
0.0
0.0
0.0
0.0
0.0
0.0
0.0
0.0
0.0
0.0
0.0
0.0
0.0
0.0
0.0
0.0
0.0
0.0
0.0
0.0
0.0
0.0
0.0
0.0
0.0
0.0
0.0
0.0
0.0
0.0
0.0
0.0
0.0
0.0
0.0
0.0
0.0
0.0
0.0
0.0
0.0
0.0
0.0
0.0
0.0
0.0
0.0
0.0
0.0
0.0
0.0
0.0
0.0
0.0
0.0
0.0
0.0
0.0
0.0
0.0
0.0
0.0
0.0
0.0
0.0
0.0
0.0
0.0
0.0
0.0
0.0
0.0
0.0
0.0
0.0
0.0
0.0
0.0
0.0
0.0
0.0
0.0
0.0
0.0
0.0
0.0
0.0
0.0
0.0
0.0
0.0
0.0
0.0
0.0
0.0
0.0
0.0
0.0
0.0
0.0
0.0
0.0
0.0
0.0
0.0
0.0
0.0
0.0
0.0
0.0
0.0
0.0
0.0
0.0
0.0
0.0
0.0
0.0
0.0
0.0
0.0
0.0
0.0
0.0
0.0
0.0
0.0
0.0
0.0
0.0
0.0
0.0
0.0
0.0
0.0
0.0
0.0
0.0
0.0
0.0
0.0
0.0
0.0
0.0
0.0
0.0
0.0
0.0
0.0
0.0
0.0
0.0
0.0
0.0
0.0
0.0
0.0
0.0
0.0
0.0
0.0
0.0
0.0
0.0
0.0
0.0
0.0
0.0
0.0
0.0
0.0
0.0
0.0
0.0
0.0
0.0
0.0
0.0
0.0
0.0
0.0
0.0
0.0
0.0
0.0
0.0
0.0
0.0
0.0
0.0
0.0
0.0
0.0
0.0
0.0
0.0
0.0
0.0
0.0
0.0
0.0
0.0
0.0
0.0
0.0
0.0
0.0
0.0
0.0
0.0
0.0
0.0
0.0
0.0
0.0
0.0
0.0
0.0
0.0
0.0
0.0
0.0
0.0
0.0
0.0
0.0
0.0
0.0
0.0
0.0
0.0
0.0
0.0
0.0
0.0
0.0
0.0
0.0
0.0
0.0
0.0
0.0
0.0
0.0
0.0
0.0
0.0
0.0
0.0
0.0
0.0
0.0
0.0
0.0
0.0
0.0
0.0
0.0
0.0
0.0
0.0
0.0
0.0
0.0
0.0
0.0
0.0
0.0
0.0
0.0
0.0
0.0
0.0
0.0
0.0
0.0
0.0
0.0
0.0
0.0
0.0
0.0
0.0
0.0
0.0
0.0
0.0
0.0
0.0
0.0
0.0
0.0
0.0
0.0
0.0
0.0
0.0
0.0
0.0
0.0
0.0
0.0
0.0
0.0
0.0
0.0
0.0
0.0
0.0
0.0
0.0
0.0
0.0
0.0
0.0
0.0
0.0
0.0
0.0
0.0
0.0
0.0
0.0
0.0
0.0
0.0
0.0
0.0
0.0
0.0
0.0
0.0
0.0
0.0
0.0
0.0
0.0
0.0
0.0
0.0
0.0
0.0
0.0
0.0
0.0
0.0
0.0
0.0
0.0
0.0
0.0
0.0
0.0
0.0
0.0
0.0
0.0
0.0
0.0
0.0
0.0
0.0
0.0
0.0
0.0
0.0
0.0
0.0
0.0
0.0
0.0
0.0
0.0
0.0
0.0
0.0
0.0
0.0
0.0
0.0
0.0
0.0
0.0
0.0
0.0
0.0
0.0
0.0
0.0
0.0
0.0
0.0
0.0
0.0
0.0
0.0
0.0
0.0
0.0
0.0
0.0
0.0
0.0
0.0
0.0
0.0
0.0
0.0
0.0
0.0
0.0
0.0
0.0
0.0
0.0
0.0
0.0
0.0
0.0
0.0
0.0
0.0
0.0
0.0
0.0
0.0
0.0
0.0
0.0
0.0
0.0
0.0
0.0
0.0
0.0
0.0
0.0
0.0
0.0
0.0
0.0
0.0
0.0
0.0
0.0
0.0
0.0
0.0
0.0
0.0
0.0
0.0
0.0
0.0
0.0
0.0
0.0
0.0
0.0
0.0
0.0
0.0
0.0
0.0
0.0
0.0
0.0
0.0
0.0
0.0
0.0
0.0
0.0
0.0
0.0
0.0
0.0
0.0
0.0
0.0
0.0
0.0
0.0
0.0
0.0
0.0
0.0
0.0
0.0
0.0
0.0
0.0
0.0
0.0
0.0
0.0
0.0
0.0
0.0
0.0
0.0
0.0
0.0
0.0
0.0
0.0
0.0
0.0
0.0
0.0
0.0
0.0
0.0
0.0
0.0
0.0
0.0
0.0
0.0
0.0
0.0
0.0
0.0
0.0
0.0
0.0
0.0
0.0
0.0
0.0
0.0
0.0
0.0
0.0
0.0
0.0
0.0
0.0
0.0
0.0
0.0
0.0
0.0
0.0
0.0
0.0
0.0
0.0
0.0
0.0
0.0
0.0
0.0
0.0
0.0
0.0
0.0
0.0
0.0
0.0
0.0
0.0
0.0
0.0
0.0
0.0
0.0
0.0
0.0
0.0
0.0
0.0
0.0
0.0
0.0
0.0
460507.0
0.0
0.0
0.0
0.0
0.0
0.0
0.0
0.0
0.0
0.0
0.0
0.0
0.0
0.0
460587.0
0.0
0.0
0.0
0.0
0.0
0.0
0.0
0.0
0.0
0.0
0.0
0.0
0.0
0.0
0.0
460667.0
0.0
0.0
0.0
0.0
0.0
0.0
0.0
0.0
0.0
0.0
0.0
0.0
0.0
0.0
0.0
0.0
0.0
0.0
0.0
0.0
0.0
0.0
0.0
0.0
0.0
0.0
0.0
0.0
0.0
0.0
0.0
0.0
0.0
0.0
0.0
0.0
0.0
0.0
0.0
0.0
0.0
0.0
0.0
0.0
0.0
0.0
0.0
0.0
0.0
0.0
0.0
0.0
0.0
0.0
0.0
0.0
0.0
0.0
0.0
0.0
0.0
0.0
0.0
0.0
0.0
0.0
0.0
0.0
0.0
0.0
0.0
0.0
0.0
0.0
0.0
0.0
0.0
0.0
0.0
0.0
0.0
0.0
0.0
0.0
0.0
0.0
0.0
0.0
0.0
0.0
0.0
0.0
0.0
0.0
0.0
0.0
0.0
0.0
0.0
0.0
0.0
0.0
0.0
0.0
0.0
0.0
0.0
0.0
0.0
0.0
0.0
0.0
0.0
0.0
0.0
0.0
0.0
0.0
0.0
0.0
0.0
0.0
0.0
0.0
0.0
0.0
0.0
0.0
0.0
0.0
0.0
0.0
0.0
0.0
0.0
0.0
0.0
0.0
0.0
0.0
0.0
0.0
0.0
0.0
0.0
0.0
0.0
0.0
0.0
0.0
0.0
0.0
0.0
0.0
0.0
0.0
0.0
0.0
0.0
0.0
0.0
468372.0
0.0
0.0
0.0
0.0
0.0
0.0
0.0
0.0
0.0
0.0
0.0
0.0
0.0
0.0
0.0
0.0
0.0
468452.0
468454.0
468506.0
468507.0
468508.0
0.0
0.0
0.0
0.0
0.0
0.0
0.0
0.0
0.0
0.0
0.0
0.0
0.0
0.0
0.0
468587.0
468588.0
0.0
0.0
0.0
0.0
0.0
0.0
0.0
0.0
0.0
0.0
0.0
0.0
0.0
0.0
0.0
0.0
468667.0
468668.0
468669.0
0.0
0.0
0.0
0.0
0.0
0.0
0.0
0.0
0.0
0.0
0.0
468747.0
468748.0
468749.0
0.0
0.0
0.0
0.0
0.0
0.0
0.0
468826.0
468827.0
0.0
0.0
0.0
0.0
0.0
0.0
0.0
0.0
0.0
0.0
0.0
0.0
0.0
0.0
0.0
0.0
0.0
0.0
0.0
0.0
0.0
0.0
0.0
0.0
0.0
0.0
0.0
0.0
0.0
0.0
0.0
0.0
0.0
0.0
0.0
0.0
0.0
0.0
0.0
0.0
0.0
0.0
0.0
0.0
0.0
0.0
0.0
0.0
0.0
0.0
0.0
0.0
0.0
0.0
0.0
0.0
0.0
0.0
0.0
0.0
0.0
0.0
0.0
0.0
0.0
0.0
0.0
0.0
0.0
0.0
0.0
0.0
0.0
0.0
0.0
0.0
0.0
0.0
0.0
0.0
0.0
0.0
0.0
0.0
0.0
0.0
0.0
0.0
0.0
0.0
0.0
0.0
0.0
0.0
0.0
0.0
0.0
0.0
0.0
0.0
0.0
0.0
0.0
0.0
0.0
0.0
0.0
0.0
0.0
0.0
0.0
0.0
0.0
0.0
0.0
0.0
0.0
0.0
0.0
0.0
0.0
0.0
0.0
0.0
0.0
0.0
0.0
0.0
0.0
0.0
0.0
0.0
0.0
0.0
0.0
0.0
476290.0
476291.0
476292.0
0.0
0.0
0.0
0.0
0.0
0.0
0.0
0.0
0.0
0.0
0.0
0.0
0.0
0.0
0.0
0.0
0.0
0.0
0.0
0.0
476371.0
476372.0
476373.0
476374.0
476426.0
476427.0
0.0
0.0
0.0
0.0
0.0
476436.0
476437.0
0.0
0.0
0.0
0.0
0.0
0.0
0.0
0.0
0.0
0.0
0.0
476451.0
476452.0
476453.0
476506.0
476507.0
476508.0
0.0
0.0
0.0
0.0
0.0
476516.0
0.0
0.0
0.0
0.0
0.0
0.0
0.0
0.0
0.0
0.0
0.0
476531.0
476587.0
476588.0
476589.0
0.0
0.0
0.0
0.0
0.0
0.0
0.0
0.0
0.0
0.0
0.0
0.0
0.0
476666.0
476667.0
476668.0
476669.0
0.0
0.0
0.0
0.0
0.0
0.0
0.0
0.0
0.0
0.0
476746.0
476747.0
476748.0
476749.0
0.0
0.0
0.0
0.0
476825.0
476826.0
476828.0
476829.0
0.0
476905.0
0.0
0.0
0.0
0.0
0.0
0.0
0.0
0.0
0.0
0.0
0.0
0.0
0.0
0.0
0.0
0.0
0.0
0.0
0.0
0.0
0.0
0.0
0.0
0.0
0.0
0.0
0.0
0.0
0.0
0.0
0.0
0.0
0.0
0.0
0.0
0.0
0.0
0.0
0.0
0.0
0.0
0.0
0.0
0.0
0.0
0.0
0.0
0.0
0.0
0.0
0.0
0.0
0.0
0.0
0.0
0.0
0.0
0.0
0.0
0.0
0.0
0.0
0.0
0.0
0.0
0.0
0.0
0.0
0.0
0.0
0.0
0.0
0.0
0.0
0.0
0.0
0.0
0.0
0.0
0.0
0.0
0.0
0.0
0.0
0.0
0.0
0.0
0.0
0.0
0.0
0.0
0.0
0.0
0.0
0.0
0.0
0.0
0.0
0.0
0.0
0.0
0.0
0.0
0.0
0.0
0.0
0.0
0.0
0.0
0.0
0.0
0.0
0.0
484210.0
484211.0
0.0
0.0
0.0
0.0
0.0
0.0
0.0
0.0
0.0
0.0
0.0
0.0
0.0
0.0
0.0
484290.0
484291.0
484292.0
484293.0
0.0
0.0
0.0
0.0
0.0
0.0
484356.0
484357.0
0.0
0.0
0.0
0.0
0.0
0.0
484370.0
484371.0
484372.0
484373.0
484426.0
484427.0
0.0
0.0
0.0
484435.0
484436.0
484437.0
0.0
0.0
0.0
0.0
0.0
0.0
484449.0
484450.0
484451.0
484452.0
484506.0
484507.0
484508.0
0.0
0.0
0.0
484515.0
484516.0
0.0
0.0
0.0
0.0
0.0
0.0
484528.0
484529.0
484530.0
484531.0
484586.0
484587.0
484588.0
484589.0
0.0
0.0
0.0
484595.0
484596.0
0.0
0.0
0.0
0.0
0.0
484607.0
484608.0
484609.0
484610.0
484666.0
484667.0
484668.0
484669.0
0.0
0.0
0.0
0.0
0.0
484687.0
484688.0
484689.0
484745.0
484746.0
484747.0
484748.0
484749.0
484750.0
484825.0
484826.0
484828.0
484829.0
484830.0
484845.0
484846.0
0.0
0.0
0.0
484909.0
484910.0
484924.0
484925.0
484926.0
0.0
0.0
0.0
0.0
485004.0
485005.0
485006.0
0.0
0.0
485084.0
485085.0
0.0
0.0
0.0
0.0
0.0
0.0
0.0
0.0
0.0
0.0
0.0
0.0
0.0
0.0
0.0
0.0
0.0
0.0
0.0
0.0
0.0
0.0
0.0
0.0
0.0
0.0
0.0
0.0
0.0
0.0
0.0
0.0
0.0
0.0
0.0
0.0
0.0
0.0
0.0
0.0
0.0
0.0
0.0
0.0
0.0
0.0
0.0
0.0
0.0
0.0
0.0
0.0
0.0
0.0
0.0
0.0
0.0
0.0
0.0
0.0
0.0
0.0
0.0
0.0
0.0
0.0
0.0
0.0
0.0
0.0
0.0
0.0
0.0
0.0
0.0
0.0
0.0
0.0
0.0
0.0
0.0
0.0
0.0
0.0
0.0
0.0
0.0
0.0
0.0
0.0
0.0
0.0
0.0
0.0
0.0
0.0
0.0
0.0
0.0
0.0
0.0
0.0
0.0
0.0
0.0
0.0
0.0
0.0
0.0
0.0
0.0
0.0
0.0
0.0
0.0
0.0
0.0
0.0
0.0
0.0
0.0
0.0
0.0
0.0
0.0
0.0
0.0
0.0
0.0
0.0
0.0
0.0
492210.0
0.0
0.0
0.0
0.0
0.0
492275.0
492276.0
492277.0
0.0
0.0
0.0
0.0
0.0
0.0
0.0
0.0
0.0
492289.0
492290.0
492291.0
492293.0
0.0
0.0
0.0
0.0
0.0
492355.0
492356.0
492357.0
0.0
0.0
0.0
0.0
0.0
0.0
0.0
492369.0
492370.0
492371.0
492372.0
492373.0
0.0
492426.0
492427.0
0.0
0.0
0.0
0.0
0.0
492435.0
492436.0
0.0
0.0
0.0
0.0
0.0
0.0
492447.0
492448.0
492449.0
492450.0
492451.0
492506.0
492507.0
492508.0
0.0
0.0
0.0
0.0
492515.0
492516.0
0.0
0.0
0.0
0.0
492527.0
492528.0
492529.0
492530.0
492531.0
492586.0
492587.0
492588.0
492589.0
492591.0
0.0
492595.0
492596.0
492597.0
0.0
0.0
0.0
492606.0
492607.0
492608.0
492609.0
492665.0
492666.0
492667.0
492668.0
492669.0
492670.0
492676.0
492685.0
492686.0
492687.0
492688.0
492745.0
492746.0
492747.0
492748.0
492749.0
492750.0
492751.0
492764.0
492765.0
492766.0
492767.0
492768.0
492825.0
492826.0
492828.0
492829.0
492830.0
492831.0
492844.0
492845.0
492846.0
492847.0
0.0
0.0
0.0
492923.0
492924.0
492925.0
492926.0
0.0
493003.0
493004.0
493005.0
493006.0
0.0
0.0
0.0
493082.0
493083.0
493084.0
493085.0
0.0
0.0
0.0
0.0
493161.0
493162.0
493163.0
493164.0
0.0
0.0
0.0
0.0
0.0
0.0
493241.0
493242.0
493243.0
0.0
0.0
0.0
493320.0
493321.0
0.0
0.0
0.0
0.0
0.0
0.0
0.0
0.0
0.0
0.0
0.0
0.0
0.0
0.0
0.0
0.0
0.0
0.0
0.0
0.0
0.0
0.0
0.0
0.0
0.0
0.0
0.0
0.0
0.0
0.0
0.0
0.0
0.0
0.0
0.0
0.0
0.0
0.0
0.0
0.0
0.0
0.0
494185.0
494186.0
494187.0
0.0
0.0
494265.0
494266.0
494267.0
0.0
0.0
0.0
494345.0
494346.0
494347.0
0.0
0.0
0.0
494425.0
0.0
494427.0
0.0
0.0
0.0
494505.0
0.0
494507.0
0.0
0.0
0.0
0.0
494585.0
494586.0
494587.0
0.0
494665.0
494666.0
494667.0
0.0
0.0
0.0
0.0
0.0
0.0
0.0
0.0
0.0
0.0
0.0
0.0
0.0
0.0
0.0
0.0
0.0
0.0
0.0
0.0
0.0
0.0
0.0
0.0
0.0
0.0
0.0
0.0
0.0
0.0
0.0
0.0
0.0
0.0
0.0
0.0
0.0
0.0
0.0
0.0
0.0
0.0
0.0
0.0
0.0
0.0
0.0
0.0
0.0
0.0
0.0
0.0
0.0
0.0
0.0
0.0
0.0
0.0
0.0
0.0
0.0
0.0
0.0
0.0
0.0
0.0
0.0
0.0
0.0
0.0
0.0
0.0
0.0
0.0
0.0
0.0
0.0
0.0
0.0
0.0
500195.0
0.0
0.0
0.0
0.0
0.0
0.0
0.0
0.0
0.0
500210.0
500212.0
0.0
0.0
0.0
0.0
0.0
0.0
0.0
0.0
500275.0
500276.0
0.0
0.0
0.0
0.0
0.0
0.0
0.0
0.0
500288.0
500289.0
500290.0
500291.0
500293.0
0.0
0.0
0.0
0.0
0.0
0.0
500352.0
500355.0
500356.0
500357.0
0.0
0.0
0.0
500367.0
500368.0
500369.0
500370.0
500371.0
0.0
500426.0
500427.0
0.0
500431.0
500432.0
500435.0
500436.0
500437.0
0.0
0.0
500447.0
500448.0
500506.0
500507.0
500508.0
500509.0
500511.0
500512.0
500515.0
500516.0
500517.0
500518.0
500526.0
500527.0
500585.0
500586.0
500587.0
500588.0
500589.0
500596.0
500597.0
500598.0
500599.0
500605.0
500606.0
500607.0
500665.0
500666.0
500667.0
500668.0
500669.0
500670.0
500671.0
500683.0
500684.0
500685.0
500686.0
500687.0
500688.0
500745.0
500746.0
500747.0
500748.0
0.0
500750.0
0.0
0.0
500763.0
500764.0
500766.0
500767.0
500768.0
0.0
0.0
0.0
0.0
0.0
0.0
500843.0
500844.0
500845.0
500846.0
0.0
0.0
0.0
500916.0
500917.0
500918.0
500919.0
500922.0
500923.0
500924.0
500925.0
500926.0
0.0
0.0
0.0
0.0
0.0
0.0
0.0
500998.0
500999.0
501001.0
501002.0
501003.0
501004.0
501005.0
0.0
0.0
501068.0
0.0
0.0
0.0
0.0
501079.0
501080.0
501081.0
501082.0
501083.0
501084.0
501085.0
0.0
0.0
0.0
501147.0
0.0
0.0
0.0
0.0
501159.0
501160.0
501161.0
501162.0
501163.0
501164.0
0.0
0.0
0.0
0.0
0.0
501239.0
501240.0
501241.0
501242.0
0.0
0.0
0.0
0.0
0.0
0.0
0.0
0.0
0.0
0.0
0.0
0.0
501467.0
0.0
0.0
501546.0
501547.0
501548.0
0.0
0.0
501626.0
501627.0
501628.0
0.0
0.0
0.0
0.0
0.0
0.0
0.0
0.0
0.0
0.0
0.0
0.0
0.0
0.0
0.0
0.0
0.0
0.0
0.0
0.0
0.0
0.0
0.0
0.0
0.0
0.0
0.0
0.0
0.0
0.0
0.0
0.0
502106.0
502107.0
502108.0
0.0
0.0
0.0
502185.0
502186.0
502187.0
502188.0
0.0
0.0
502264.0
502265.0
502266.0
502267.0
502268.0
0.0
0.0
0.0
502347.0
502348.0
0.0
0.0
0.0
502426.0
502427.0
502428.0
0.0
0.0
0.0
0.0
502505.0
502506.0
502507.0
502508.0
502509.0
0.0
0.0
0.0
502585.0
502586.0
502587.0
502588.0
0.0
0.0
502665.0
502666.0
502667.0
502668.0
0.0
0.0
0.0
502745.0
502746.0
0.0
502748.0
0.0
0.0
0.0
0.0
0.0
0.0
0.0
0.0
0.0
0.0
0.0
0.0
0.0
0.0
0.0
0.0
0.0
0.0
0.0
0.0
0.0
0.0
0.0
0.0
0.0
0.0
0.0
0.0
0.0
0.0
0.0
0.0
0.0
0.0
0.0
0.0
0.0
0.0
0.0
0.0
0.0
0.0
0.0
0.0
0.0
0.0
0.0
0.0
0.0
0.0
0.0
0.0
0.0
0.0
0.0
0.0
0.0
0.0
0.0
0.0
0.0
0.0
0.0
0.0
0.0
0.0
0.0
0.0
0.0
0.0
0.0
0.0
0.0
0.0
0.0
0.0
508115.0
0.0
0.0
0.0
0.0
0.0
0.0
0.0
0.0
0.0
0.0
0.0
0.0
0.0
0.0
508193.0
508194.0
508195.0
508196.0
0.0
0.0
0.0
0.0
0.0
0.0
0.0
0.0
508213.0
0.0
0.0
0.0
0.0
0.0
0.0
508271.0
508272.0
508273.0
508275.0
508276.0
508277.0
0.0
0.0
0.0
508288.0
508290.0
0.0
0.0
508350.0
508351.0
508352.0
508353.0
508355.0
508356.0
508357.0
508358.0
508366.0
0.0
508370.0
0.0
0.0
0.0
508428.0
508431.0
508432.0
508435.0
508436.0
508437.0
508438.0
508439.0
0.0
0.0
0.0
508444.0
508445.0
508446.0
508447.0
0.0
508508.0
508509.0
508516.0
508517.0
508518.0
508519.0
508520.0
508521.0
508522.0
508523.0
508524.0
508525.0
0.0
508527.0
508585.0
508588.0
508589.0
0.0
508591.0
508598.0
508599.0
508600.0
508601.0
508602.0
508603.0
508604.0
508605.0
508606.0
508607.0
508608.0
508665.0
508666.0
508667.0
0.0
0.0
508670.0
508671.0
508672.0
508683.0
508684.0
508686.0
508687.0
0.0
508745.0
508746.0
508747.0
0.0
0.0
0.0
0.0
508752.0
508756.0
508757.0
508763.0
508764.0
508765.0
508766.0
0.0
508825.0
0.0
0.0
0.0
0.0
0.0
508835.0
508836.0
508837.0
508838.0
508839.0
508840.0
508842.0
508843.0
508844.0
508845.0
508846.0
0.0
0.0
508907.0
0.0
0.0
0.0
0.0
0.0
508915.0
508916.0
508917.0
508918.0
508919.0
508920.0
508921.0
508922.0
508923.0
508925.0
0.0
0.0
508987.0
508988.0
0.0
0.0
0.0
508992.0
508995.0
508996.0
508998.0
508999.0
509000.0
509001.0
509002.0
509003.0
509004.0
509005.0
0.0
0.0
509067.0
509068.0
0.0
0.0
509071.0
509072.0
509078.0
509079.0
509080.0
509081.0
509082.0
509083.0
0.0
0.0
509147.0
509148.0
509149.0
509159.0
509160.0
509161.0
509162.0
0.0
0.0
0.0
509228.0
509229.0
509239.0
509240.0
509241.0
0.0
0.0
0.0
0.0
509307.0
509309.0
0.0
0.0
0.0
0.0
509387.0
509388.0
509389.0
0.0
0.0
509465.0
509466.0
509467.0
509468.0
509469.0
0.0
0.0
509545.0
509546.0
509547.0
509548.0
509549.0
0.0
0.0
509625.0
509626.0
509627.0
509628.0
509629.0
0.0
0.0
509707.0
509708.0
0.0
0.0
0.0
0.0
0.0
0.0
0.0
0.0
0.0
0.0
0.0
0.0
0.0
0.0
0.0
0.0
0.0
510026.0
510027.0
510028.0
0.0
0.0
0.0
510105.0
510106.0
510107.0
510108.0
0.0
0.0
510184.0
510185.0
510186.0
510187.0
510188.0
0.0
0.0
510264.0
510265.0
510266.0
510267.0
510268.0
0.0
510344.0
510346.0
510347.0
510348.0
510349.0
0.0
0.0
510426.0
510427.0
510428.0
510429.0
0.0
0.0
0.0
510505.0
510506.0
510507.0
510508.0
0.0
0.0
0.0
510585.0
510586.0
510587.0
510588.0
0.0
0.0
0.0
510665.0
510666.0
510667.0
510668.0
0.0
0.0
510745.0
510746.0
510747.0
510823.0
510824.0
510825.0
0.0
0.0
0.0
0.0
0.0
0.0
0.0
0.0
0.0
0.0
0.0
0.0
0.0
0.0
0.0
0.0
0.0
0.0
0.0
0.0
0.0
0.0
0.0
0.0
0.0
0.0
0.0
0.0
0.0
0.0
0.0
0.0
0.0
0.0
0.0
0.0
0.0
0.0
0.0
0.0
0.0
0.0
0.0
0.0
0.0
0.0
0.0
0.0
0.0
0.0
0.0
0.0
0.0
0.0
0.0
0.0
516112.0
516113.0
516114.0
516115.0
516116.0
516117.0
0.0
0.0
0.0
0.0
0.0
0.0
0.0
0.0
0.0
516130.0
0.0
0.0
0.0
0.0
0.0
516192.0
516193.0
516194.0
516195.0
516196.0
516197.0
516198.0
0.0
0.0
0.0
0.0
0.0
0.0
0.0
0.0
0.0
0.0
0.0
0.0
0.0
516271.0
516272.0
516273.0
516274.0
516275.0
516276.0
516277.0
516278.0
516279.0
0.0
516283.0
516284.0
0.0
0.0
0.0
0.0
516352.0
516353.0
516354.0
516356.0
516357.0
516358.0
516359.0
516360.0
516361.0
0.0
0.0
516364.0
516365.0
0.0
0.0
0.0
516437.0
516438.0
516439.0
516440.0
516441.0
516442.0
516443.0
516444.0
516445.0
516446.0
0.0
516508.0
516509.0
516510.0
516518.0
516519.0
516520.0
516521.0
516522.0
516523.0
516524.0
516525.0
516585.0
516586.0
516588.0
516589.0
516590.0
516591.0
516595.0
516600.0
516601.0
0.0
0.0
516605.0
516606.0
516665.0
516666.0
516667.0
0.0
0.0
0.0
516671.0
516672.0
516675.0
516676.0
516677.0
516678.0
516679.0
516682.0
516683.0
516684.0
516686.0
516744.0
516745.0
516746.0
516747.0
0.0
0.0
516750.0
516751.0
0.0
516755.0
516756.0
516757.0
516758.0
516759.0
516760.0
516761.0
516762.0
516763.0
516764.0
516765.0
0.0
0.0
0.0
516827.0
0.0
0.0
0.0
516831.0
516832.0
516834.0
516835.0
516836.0
516837.0
516838.0
516839.0
516840.0
516841.0
516842.0
516843.0
516844.0
516845.0
0.0
0.0
516906.0
516907.0
516908.0
0.0
516910.0
516911.0
516912.0
516914.0
516915.0
516916.0
516918.0
516919.0
516920.0
516921.0
516922.0
516923.0
516924.0
516925.0
0.0
0.0
516986.0
516987.0
516988.0
516989.0
516990.0
516991.0
516992.0
516995.0
516996.0
516998.0
516999.0
517000.0
517001.0
517002.0
517003.0
0.0
0.0
517066.0
517067.0
517068.0
517069.0
517079.0
517080.0
517081.0
0.0
0.0
0.0
517147.0
517148.0
517149.0
517150.0
517159.0
517160.0
517161.0
0.0
0.0
0.0
517227.0
517228.0
517229.0
0.0
517306.0
517307.0
517308.0
517309.0
0.0
0.0
0.0
517386.0
517388.0
517389.0
0.0
0.0
517465.0
517466.0
517467.0
517468.0
517469.0
0.0
0.0
517545.0
517546.0
517547.0
517548.0
517549.0
0.0
0.0
0.0
517626.0
517627.0
517628.0
0.0
0.0
517706.0
517707.0
0.0
0.0
517786.0
0.0
0.0
0.0
517946.0
517947.0
517948.0
0.0
0.0
518026.0
518027.0
0.0
0.0
518106.0
518107.0
0.0
0.0
518184.0
518185.0
0.0
0.0
518264.0
518265.0
518344.0
518345.0
518346.0
0.0
518425.0
518426.0
518427.0
0.0
0.0
0.0
518505.0
518506.0
518507.0
0.0
518583.0
518584.0
518585.0
518586.0
518587.0
0.0
518663.0
518664.0
518665.0
518666.0
0.0
0.0
518743.0
518744.0
518745.0
0.0
0.0
0.0
0.0
0.0
0.0
0.0
0.0
0.0
0.0
0.0
0.0
0.0
0.0
0.0
0.0
0.0
0.0
0.0
0.0
0.0
0.0
0.0
0.0
0.0
0.0
0.0
0.0
0.0
0.0
0.0
0.0
0.0
0.0
0.0
0.0
0.0
0.0
0.0
0.0
0.0
0.0
524034.0
524036.0
524037.0
0.0
0.0
0.0
0.0
0.0
0.0
0.0
0.0
0.0
0.0
0.0
0.0
0.0
524112.0
524113.0
524114.0
524115.0
524116.0
524117.0
0.0
0.0
0.0
0.0
524124.0
524125.0
524126.0
0.0
0.0
0.0
0.0
0.0
0.0
0.0
524192.0
524193.0
524194.0
524195.0
524196.0
524197.0
524198.0
524199.0
524202.0
524203.0
524204.0
524205.0
524206.0
0.0
0.0
0.0
0.0
524270.0
524272.0
524273.0
524274.0
524275.0
524277.0
524279.0
524280.0
524281.0
524282.0
524283.0
524284.0
524285.0
524286.0
524345.0
524346.0
0.0
0.0
524357.0
524358.0
524359.0
524360.0
524361.0
524362.0
524363.0
524365.0
524425.0
524426.0
0.0
524428.0
524429.0
524439.0
524440.0
524441.0
524442.0
524443.0
0.0
524506.0
524507.0
524508.0
524509.0
524510.0
524514.0
524515.0
524516.0
524521.0
524522.0
524523.0
524524.0
524586.0
524587.0
524588.0
524589.0
524590.0
524591.0
524595.0
524596.0
524597.0
524598.0
524599.0
524602.0
524603.0
524604.0
524664.0
524665.0
524666.0
524667.0
524670.0
524671.0
524675.0
524677.0
524678.0
524679.0
524680.0
524681.0
524682.0
524683.0
524684.0
524685.0
0.0
0.0
0.0
0.0
0.0
524749.0
524750.0
524751.0
524752.0
524754.0
524755.0
524756.0
524757.0
524758.0
524759.0
524760.0
524761.0
524762.0
524763.0
524764.0
524765.0
0.0
524825.0
524826.0
524827.0
524828.0
0.0
524830.0
524831.0
524832.0
524834.0
524835.0
524836.0
524838.0
524839.0
524840.0
524841.0
524842.0
524904.0
524905.0
524906.0
524907.0
524908.0
524910.0
524911.0
524912.0
524914.0
524915.0
524916.0
524918.0
524919.0
524920.0
524921.0
524922.0
524923.0
0.0
0.0
0.0
524986.0
524987.0
524988.0
524989.0
524991.0
524995.0
524996.0
524999.0
525000.0
525001.0
525002.0
525003.0
0.0
0.0
0.0
0.0
525067.0
525068.0
525069.0
525070.0
525075.0
525076.0
525077.0
525079.0
525080.0
525081.0
0.0
0.0
0.0
0.0
525147.0
525148.0
525149.0
525150.0
525152.0
525153.0
525154.0
525155.0
525156.0
525159.0
525160.0
0.0
525226.0
525227.0
525228.0
525229.0
525232.0
525233.0
525234.0
525235.0
0.0
525306.0
525307.0
525308.0
525309.0
525312.0
525313.0
525386.0
525387.0
525388.0
0.0
525467.0
525468.0
0.0
0.0
525547.0
525548.0
0.0
0.0
0.0
525626.0
525627.0
525628.0
0.0
0.0
525705.0
525706.0
525707.0
525784.0
525785.0
525786.0
0.0
525865.0
0.0
0.0
0.0
0.0
526025.0
526026.0
0.0
526103.0
526104.0
526105.0
526106.0
526182.0
526183.0
526184.0
526185.0
526186.0
526265.0
526266.0
526344.0
526345.0
526346.0
526424.0
526425.0
526426.0
526504.0
526505.0
526506.0
0.0
0.0
526584.0
0.0
0.0
0.0
0.0
0.0
0.0
0.0
0.0
0.0
0.0
0.0
0.0
0.0
0.0
0.0
0.0
0.0
0.0
0.0
0.0
0.0
0.0
0.0
0.0
0.0
0.0
0.0
0.0
0.0
532033.0
532034.0
532035.0
532036.0
532037.0
532038.0
0.0
0.0
0.0
0.0
532043.0
532044.0
532045.0
532046.0
0.0
532110.0
0.0
532112.0
532113.0
532114.0
532115.0
532116.0
532117.0
532118.0
0.0
0.0
532121.0
532122.0
532123.0
532124.0
532125.0
0.0
0.0
532189.0
532190.0
532191.0
532192.0
532193.0
532197.0
532198.0
0.0
0.0
532201.0
532202.0
532203.0
532204.0
532205.0
532266.0
0.0
0.0
532269.0
532270.0
532271.0
532278.0
532279.0
532280.0
532281.0
532282.0
532283.0
532345.0
532346.0
532347.0
0.0
532353.0
532356.0
532359.0
532360.0
532361.0
532362.0
532363.0
532364.0
532426.0
532427.0
532428.0
532432.0
532433.0
532434.0
532435.0
532436.0
532442.0
532444.0
532506.0
532507.0
532508.0
532509.0
532510.0
532512.0
532513.0
532514.0
532515.0
532516.0
532517.0
532518.0
532519.0
532521.0
532522.0
532523.0
532524.0
532525.0
532589.0
532590.0
532595.0
532596.0
532597.0
532598.0
532599.0
532600.0
532601.0
532602.0
532603.0
532604.0
532605.0
0.0
532666.0
0.0
532668.0
532669.0
532670.0
532671.0
532674.0
532675.0
532676.0
532677.0
532678.0
532679.0
532680.0
532681.0
532682.0
532683.0
532684.0
0.0
0.0
0.0
532748.0
532749.0
532750.0
532751.0
532752.0
532754.0
532755.0
532756.0
532759.0
532760.0
532761.0
532762.0
532763.0
532764.0
532765.0
0.0
0.0
532825.0
0.0
0.0
532828.0
532830.0
532831.0
532832.0
532834.0
532835.0
532836.0
532837.0
532839.0
532840.0
532841.0
532842.0
532843.0
532844.0
532845.0
0.0
0.0
0.0
532906.0
0.0
532908.0
532911.0
532912.0
532915.0
532916.0
532917.0
532919.0
532920.0
532921.0
532922.0
532923.0
532924.0
0.0
0.0
0.0
0.0
0.0
0.0
532989.0
532993.0
532994.0
532995.0
532996.0
532997.0
532999.0
533000.0
533001.0
533002.0
533003.0
0.0
0.0
0.0
0.0
0.0
0.0
533068.0
533069.0
533071.0
533072.0
533073.0
533074.0
533075.0
533076.0
533079.0
533080.0
0.0
0.0
0.0
533146.0
533147.0
533148.0
533151.0
533152.0
533153.0
533154.0
533155.0
0.0
0.0
533226.0
533227.0
533230.0
533231.0
533232.0
533233.0
0.0
0.0
0.0
0.0
533545.0
533546.0
533547.0
533624.0
533625.0
533626.0
533627.0
533702.0
533703.0
533704.0
533705.0
533706.0
533783.0
533784.0
0.0
533944.0
533945.0
534023.0
534024.0
534025.0
534103.0
534104.0
534186.0
534265.0
534266.0
534344.0
534345.0
534346.0
534423.0
0.0
0.0
0.0
539953.0
539954.0
539955.0
539956.0
539957.0
0.0
0.0
0.0
0.0
539962.0
0.0
540032.0
540033.0
540034.0
540035.0
540036.0
540037.0
540038.0
0.0
0.0
540041.0
540042.0
540043.0
540044.0
540045.0
0.0
0.0
540114.0
540118.0
540119.0
0.0
540121.0
540122.0
540123.0
0.0
540189.0
540190.0
540191.0
0.0
540198.0
540199.0
540200.0
540201.0
540202.0
540203.0
540204.0
540266.0
540267.0
540268.0
540269.0
540270.0
540272.0
540273.0
540274.0
540279.0
540280.0
540281.0
540282.0
540283.0
540284.0
540285.0
540346.0
540347.0
540351.0
540352.0
540353.0
540354.0
540355.0
540356.0
540361.0
540362.0
540363.0
540364.0
540365.0
540426.0
540427.0
540428.0
540429.0
540431.0
540432.0
540433.0
540434.0
540435.0
540436.0
540439.0
540441.0
540442.0
540443.0
540444.0
540445.0
540508.0
540509.0
540510.0
540515.0
540516.0
540517.0
540518.0
540519.0
540520.0
540521.0
540522.0
540523.0
540524.0
0.0
540585.0
540586.0
540587.0
540588.0
540589.0
540590.0
540591.0
540595.0
540596.0
540597.0
540598.0
540599.0
540601.0
540602.0
540603.0
540604.0
0.0
0.0
0.0
0.0
0.0
540668.0
540669.0
540670.0
540671.0
540672.0
540673.0
540674.0
540675.0
540676.0
540677.0
540679.0
540680.0
540681.0
540682.0
540683.0
540684.0
540685.0
0.0
0.0
0.0
0.0
540749.0
540750.0
540751.0
540752.0
540755.0
540756.0
540757.0
540759.0
540760.0
540761.0
540762.0
540763.0
540764.0
540765.0
0.0
0.0
0.0
0.0
0.0
540830.0
540831.0
540832.0
540835.0
540836.0
540837.0
540839.0
540840.0
540841.0
540842.0
540843.0
540844.0
0.0
0.0
0.0
540911.0
540912.0
540913.0
540914.0
540915.0
540916.0
540918.0
540919.0
540920.0
540921.0
540922.0
0.0
0.0
0.0
540989.0
540990.0
540991.0
540992.0
540993.0
540994.0
540995.0
540996.0
540999.0
541000.0
541069.0
541070.0
541071.0
541072.0
541073.0
541074.0
541075.0
0.0
0.0
0.0
0.0
541149.0
541150.0
541151.0
541152.0
541153.0
541154.0
0.0
541230.0
541231.0
541465.0
541545.0
541702.0
0.0
542186.0
0.0
547953.0
547954.0
547955.0
547956.0
547957.0
547958.0
0.0
0.0
0.0
547962.0
0.0
548034.0
548035.0
548036.0
548037.0
548038.0
548039.0
548109.0
548110.0
548111.0
548112.0
548113.0
548114.0
548118.0
548119.0
548120.0
548121.0
548122.0
548124.0
548125.0
548187.0
548188.0
548189.0
548190.0
548191.0
548192.0
548193.0
548194.0
548195.0
548196.0
548200.0
548201.0
548202.0
548203.0
548204.0
548266.0
548267.0
548268.0
548269.0
548270.0
548271.0
548272.0
548273.0
548274.0
548275.0
548276.0
548281.0
548282.0
548283.0
548284.0
548285.0
548346.0
548347.0
548348.0
548350.0
548351.0
548352.0
548353.0
548354.0
548355.0
548359.0
548360.0
548361.0
548362.0
548363.0
548364.0
548365.0
548427.0
548428.0
548429.0
548430.0
548435.0
548439.0
548440.0
548441.0
548442.0
548443.0
0.0
548505.0
548506.0
548507.0
548508.0
548509.0
548510.0
548511.0
548512.0
548515.0
548516.0
548519.0
548521.0
548522.0
548523.0
0.0
548585.0
548587.0
548588.0
548589.0
548590.0
548591.0
548592.0
548593.0
548594.0
548595.0
548596.0
548597.0
548599.0
548600.0
548601.0
548602.0
548603.0
0.0
548669.0
548670.0
548671.0
548672.0
548673.0
548675.0
548676.0
548677.0
548679.0
548680.0
548682.0
548683.0
548684.0
548685.0
548750.0
548751.0
548754.0
548755.0
548756.0
548758.0
548759.0
548760.0
548761.0
548762.0
548763.0
548764.0
548827.0
548828.0
548829.0
548830.0
548831.0
548832.0
548833.0
548834.0
548835.0
548836.0
548838.0
548839.0
548840.0
548841.0
548842.0
548907.0
548908.0
548909.0
548910.0
548911.0
548912.0
548913.0
548914.0
548915.0
548916.0
548918.0
548919.0
548987.0
548988.0
548989.0
548990.0
548992.0
548993.0
548994.0
548995.0
549067.0
549070.0
549071.0
549072.0
549074.0
549149.0
549150.0
0.0
555954.0
555955.0
555956.0
555957.0
555958.0
555959.0
556031.0
556032.0
556033.0
556034.0
556035.0
556036.0
556037.0
556038.0
556039.0
556040.0
556041.0
556042.0
556044.0
556109.0
556110.0
556111.0
556112.0
556113.0
556114.0
556115.0
556116.0
556117.0
556118.0
556119.0
556120.0
556121.0
556122.0
556123.0
556124.0
556188.0
556189.0
556190.0
556191.0
556192.0
556193.0
556194.0
556195.0
556196.0
556202.0
556203.0
556204.0
556267.0
556268.0
556269.0
556270.0
556271.0
556272.0
556273.0
556274.0
556275.0
556276.0
556280.0
556281.0
556282.0
556283.0
556347.0
556348.0
556349.0
556355.0
556360.0
556425.0
556426.0
556427.0
556428.0
556429.0
556430.0
556431.0
556432.0
556433.0
556435.0
556436.0
556440.0
556505.0
556506.0
556507.0
556509.0
556510.0
556511.0
556512.0
556513.0
556514.0
556515.0
556516.0
556517.0
556519.0
556520.0
556522.0
556523.0
556524.0
556586.0
556587.0
556588.0
556589.0
556590.0
556591.0
556592.0
556593.0
556594.0
556595.0
556596.0
556599.0
556600.0
556601.0
556602.0
556603.0
556604.0
556605.0
556666.0
556667.0
556668.0
556669.0
556670.0
556671.0
556673.0
556674.0
556675.0
556676.0
556678.0
556679.0
556680.0
556681.0
556682.0
556684.0
556746.0
556747.0
556748.0
556749.0
556750.0
556751.0
556752.0
556753.0
556754.0
556755.0
556756.0
556758.0
556759.0
556760.0
556761.0
556827.0
556828.0
556829.0
556830.0
556831.0
556835.0
556838.0
556839.0
556912.0
556914.0
556988.0
556989.0
556993.0
556994.0
556995.0
557074.0
563955.0
563956.0
563957.0
563958.0
563959.0
564034.0
564035.0
564036.0
564037.0
564038.0
564039.0
564040.0
564041.0
564044.0
564115.0
564116.0
564117.0
564118.0
564119.0
564120.0
564122.0
564124.0
564188.0
564189.0
564190.0
564191.0
564192.0
564193.0
564194.0
564195.0
564199.0
564200.0
564268.0
564269.0
564270.0
564271.0
564272.0
564273.0
564274.0
564275.0
564277.0
564348.0
564349.0
564350.0
564351.0
564352.0
564355.0
564356.0
564357.0
564360.0
564425.0
564426.0
564427.0
564428.0
564430.0
564431.0
564432.0
564433.0
564434.0
564435.0
564436.0
564437.0
564439.0
564440.0
564442.0
564443.0
564505.0
564506.0
564507.0
564509.0
564510.0
564511.0
564512.0
564514.0
564515.0
564516.0
564518.0
564519.0
564520.0
564521.0
564522.0
564523.0
564524.0
564589.0
564590.0
564591.0
564592.0
564593.0
564594.0
564595.0
564596.0
564598.0
564599.0
564600.0
564601.0
564602.0
564604.0
564605.0
564670.0
564671.0
564672.0
564673.0
564674.0
564675.0
564677.0
564678.0
564679.0
564680.0
564754.0
564755.0
564758.0
564835.0
564914.0
564915.0
571958.0
572037.0
572038.0
572039.0
572040.0
572044.0
572112.0
572113.0
572114.0
572115.0
572117.0
572118.0
572119.0
572120.0
572122.0
572123.0
572189.0
572190.0
572191.0
572192.0
572193.0
572194.0
572195.0
572197.0
572198.0
572269.0
572270.0
572271.0
572272.0
572273.0
572274.0
572275.0
572276.0
572277.0
572278.0
572279.0
572350.0
572351.0
572352.0
572353.0
572354.0
572355.0
572356.0
572357.0
572358.0
572359.0
572361.0
572362.0
572363.0
572431.0
572432.0
572433.0
572434.0
572435.0
572436.0
572438.0
572439.0
572440.0
572441.0
572442.0
572443.0
572444.0
572511.0
572512.0
572513.0
572514.0
572515.0
572516.0
572519.0
572520.0
572524.0
572595.0
572675.0
572755.0
580112.0
580113.0
580114.0
580191.0
580192.0
580193.0
580194.0
580195.0
580196.0
580197.0
580198.0
580199.0
580272.0
580273.0
580274.0
580275.0
580276.0
580277.0
580278.0
580279.0
580282.0
580283.0
580352.0
580353.0
580354.0
580355.0
580356.0
580358.0
580359.0
580360.0
580363.0
580364.0
580433.0
580435.0
580436.0
580439.0
580440.0
580442.0
580443.0
580444.0
580515.0
580519.0
580520.0
580599.0
580600.0
588193.0
588194.0
588195.0
588196.0
588197.0
588198.0
588203.0
588273.0
588275.0
588276.0
588277.0
588278.0
588279.0
588280.0
588281.0
588283.0
588284.0
588354.0
588355.0
588356.0
588358.0
588359.0
588360.0
588361.0
588362.0
588363.0
588364.0
588439.0
588440.0
588442.0
588518.0
588519.0
588520.0
588522.0
588523.0
588599.0
588600.0
596117.0
596195.0
596196.0
596197.0
596198.0
596200.0
596201.0
596202.0
596275.0
596276.0
596277.0
596279.0
596280.0
596282.0
596354.0
596355.0
596356.0
596359.0
596360.0
596361.0
596362.0
596363.0
596435.0
596438.0
596439.0
596440.0
596442.0
596443.0
596519.0
596520.0
596522.0
596523.0
604195.0
604196.0
604202.0
604274.0
604275.0
604276.0
604279.0
604280.0
604281.0
604282.0
604283.0
604355.0
604356.0
604357.0
604358.0
604359.0
604360.0
604361.0
604362.0
604363.0
604438.0
604439.0
604440.0
604441.0
604442.0
604443.0
604522.0
604523.0
604601.0
604602.0
612277.0
612278.0
612279.0
612280.0
612281.0
612282.0
612283.0
612360.0
612361.0
612362.0
612363.0
612440.0
612441.0
612442.0
612443.0
612521.0
612522.0
620360.0
620361.0
620362.0
620442.0
