82438.0
82439.0
82443.0
82444.0
82445.0
82522.0
82523.0
82605.0
82606.0
82607.0
82689.0
82772.0
91175.0
91176.0
91177.0
91257.0
91258.0
91259.0
91260.0
91261.0
91262.0
91263.0
91264.0
91265.0
91341.0
91342.0
91343.0
91345.0
91347.0
91348.0
91349.0
91351.0
91352.0
91426.0
91427.0
91432.0
91433.0
91435.0
91436.0
91507.0
91510.0
91511.0
91676.0
91677.0
91761.0
99912.0
99913.0
99994.0
99995.0
99996.0
99997.0
99998.0
100075.0
100076.0
100077.0
100078.0
100079.0
100080.0
100081.0
100082.0
100158.0
100159.0
100160.0
100161.0
100162.0
100163.0
100164.0
100165.0
100166.0
100167.0
100168.0
100169.0
100242.0
100243.0
100244.0
100245.0
100246.0
100249.0
100250.0
100251.0
100252.0
100253.0
100254.0
100326.0
100327.0
100328.0
100329.0
100330.0
100336.0
100337.0
100338.0
100339.0
100410.0
100411.0
100412.0
100413.0
100414.0
100494.0
100495.0
100496.0
100497.0
100498.0
100578.0
100579.0
100580.0
100581.0
100665.0
100666.0
100750.0
108732.0
108733.0
108737.0
108813.0
108815.0
108816.0
108817.0
108895.0
108897.0
108898.0
108899.0
108900.0
108901.0
108902.0
108903.0
108978.0
108979.0
108980.0
108981.0
108982.0
108983.0
108985.0
108986.0
108987.0
108989.0
108990.0
109062.0
109063.0
109064.0
109065.0
109066.0
109067.0
109069.0
109070.0
109071.0
109072.0
109147.0
109148.0
109149.0
109150.0
109151.0
109153.0
109154.0
109155.0
109156.0
109157.0
109231.0
109232.0
109233.0
109234.0
109235.0
109238.0
109239.0
109240.0
109241.0
109242.0
109315.0
109316.0
109317.0
109318.0
109319.0
109323.0
109398.0
109399.0
109401.0
109402.0
109403.0
109485.0
109486.0
109569.0
109570.0
109571.0
109653.0
109654.0
109655.0
0.0
117557.0
117635.0
117636.0
117640.0
117641.0
0.0
117716.0
117717.0
117718.0
117719.0
117720.0
117721.0
117722.0
117723.0
117725.0
117727.0
0.0
117799.0
117800.0
117801.0
117802.0
117803.0
117804.0
117806.0
117807.0
117808.0
117809.0
117882.0
117883.0
117885.0
117886.0
117887.0
117888.0
117890.0
117891.0
117892.0
117893.0
117966.0
117967.0
117969.0
117970.0
117971.0
117972.0
117973.0
117974.0
117975.0
117976.0
117977.0
118049.0
118050.0
118051.0
118052.0
118053.0
118054.0
118055.0
118057.0
118058.0
118061.0
118134.0
118136.0
118137.0
118138.0
118139.0
118142.0
118143.0
118223.0
118224.0
118226.0
118227.0
118228.0
118306.0
118307.0
118308.0
118389.0
118390.0
118391.0
118473.0
118474.0
118557.0
118559.0
118642.0
0.0
0.0
126039.0
126040.0
126041.0
126121.0
126122.0
126123.0
126124.0
126125.0
126126.0
126205.0
126206.0
126207.0
126208.0
126209.0
126289.0
126290.0
126291.0
126292.0
126293.0
126374.0
126376.0
126377.0
126459.0
126460.0
126461.0
126462.0
126534.0
126535.0
126536.0
126539.0
126542.0
126544.0
126545.0
126620.0
126621.0
126622.0
126623.0
126624.0
126626.0
126627.0
126628.0
126629.0
0.0
126702.0
126705.0
126706.0
126707.0
126708.0
126710.0
126711.0
126712.0
126713.0
126785.0
126786.0
126789.0
126790.0
126792.0
126794.0
126795.0
126796.0
126797.0
126869.0
126870.0
126871.0
126872.0
126873.0
126874.0
126875.0
126876.0
126878.0
126879.0
126880.0
126881.0
126953.0
126954.0
126955.0
126956.0
126957.0
126958.0
126959.0
126960.0
126962.0
126963.0
126965.0
127038.0
127039.0
127040.0
127041.0
127042.0
127043.0
127044.0
127046.0
127047.0
127048.0
127121.0
127126.0
127127.0
127128.0
127130.0
127131.0
127132.0
127209.0
127211.0
127212.0
127294.0
127295.0
127296.0
127378.0
127379.0
0.0
0.0
134777.0
134778.0
134856.0
134857.0
134858.0
134859.0
134860.0
134861.0
134862.0
134939.0
134940.0
134941.0
134942.0
134943.0
134944.0
134945.0
134946.0
134947.0
135023.0
135024.0
135025.0
135026.0
135027.0
135028.0
135029.0
135030.0
135031.0
135107.0
135108.0
135109.0
135110.0
135111.0
135114.0
135191.0
135192.0
135193.0
135194.0
135196.0
135197.0
135199.0
135276.0
135277.0
135278.0
135279.0
135280.0
135281.0
135362.0
135363.0
135364.0
135365.0
135366.0
135438.0
135439.0
135440.0
135442.0
135443.0
135445.0
135446.0
135448.0
135449.0
135450.0
0.0
0.0
135523.0
135524.0
135525.0
135526.0
135527.0
135530.0
135531.0
135532.0
135533.0
0.0
0.0
0.0
0.0
135608.0
135610.0
135611.0
135612.0
135614.0
135615.0
135616.0
0.0
0.0
135688.0
135689.0
135690.0
135691.0
135694.0
135695.0
135696.0
135699.0
135700.0
135701.0
0.0
135772.0
135773.0
135774.0
135775.0
135776.0
135778.0
135779.0
135780.0
135782.0
135783.0
135784.0
135785.0
135855.0
135856.0
135857.0
135858.0
135859.0
135860.0
135862.0
135863.0
135864.0
135866.0
135867.0
135868.0
135940.0
135941.0
135942.0
135943.0
135944.0
135945.0
135946.0
135947.0
135948.0
135950.0
135951.0
135952.0
136024.0
136025.0
136026.0
136030.0
136031.0
136032.0
136035.0
0.0
136114.0
136115.0
136116.0
136199.0
136200.0
0.0
136277.0
136284.0
0.0
0.0
0.0
0.0
143596.0
143597.0
143677.0
143678.0
143679.0
143680.0
143681.0
143682.0
143760.0
143761.0
143762.0
143763.0
143764.0
143765.0
143766.0
143842.0
143843.0
143844.0
143845.0
143846.0
143847.0
143848.0
143849.0
143850.0
143851.0
143925.0
143926.0
143927.0
143928.0
143932.0
143933.0
143934.0
143935.0
143936.0
144009.0
144010.0
144011.0
144012.0
144016.0
144017.0
144018.0
144019.0
144094.0
144095.0
144096.0
144097.0
144098.0
144100.0
144101.0
144102.0
144103.0
144173.0
144174.0
144178.0
144179.0
144180.0
144181.0
144182.0
144183.0
144184.0
144185.0
144186.0
144187.0
0.0
0.0
144257.0
144258.0
144260.0
144261.0
144262.0
144263.0
144264.0
144265.0
144266.0
144267.0
144268.0
144269.0
144270.0
144271.0
0.0
0.0
0.0
0.0
144342.0
144343.0
144344.0
144345.0
144346.0
144347.0
144348.0
144349.0
144350.0
144351.0
144353.0
144354.0
0.0
0.0
0.0
0.0
0.0
144427.0
144428.0
144429.0
144431.0
144433.0
144434.0
144435.0
144436.0
144437.0
0.0
0.0
0.0
0.0
144512.0
144515.0
144516.0
144518.0
144519.0
0.0
0.0
0.0
0.0
144598.0
144599.0
144600.0
144603.0
144604.0
144605.0
144674.0
144675.0
144676.0
144677.0
144678.0
144679.0
144680.0
144682.0
144683.0
144684.0
144687.0
144688.0
144689.0
144758.0
144759.0
144760.0
0.0
144763.0
144764.0
144766.0
144767.0
144771.0
144772.0
144773.0
144844.0
144846.0
144847.0
144848.0
144850.0
144851.0
144852.0
144855.0
144856.0
144927.0
144928.0
144929.0
144930.0
144931.0
144932.0
144934.0
144935.0
144936.0
0.0
0.0
145014.0
145019.0
145020.0
0.0
0.0
145180.0
145181.0
145182.0
0.0
145265.0
0.0
0.0
0.0
145598.0
145599.0
145681.0
145682.0
145683.0
145684.0
145767.0
0.0
0.0
0.0
0.0
0.0
0.0
0.0
0.0
0.0
0.0
0.0
146271.0
146355.0
0.0
0.0
152416.0
152417.0
152497.0
152498.0
152499.0
152500.0
152501.0
152503.0
0.0
0.0
152580.0
152581.0
152582.0
152583.0
152584.0
152585.0
152586.0
152587.0
0.0
152663.0
152664.0
152665.0
152666.0
152667.0
152668.0
152669.0
152670.0
152671.0
152745.0
152746.0
152747.0
152748.0
152749.0
152752.0
152753.0
152754.0
152755.0
152826.0
152827.0
152828.0
152829.0
152830.0
152836.0
152837.0
152838.0
152839.0
152840.0
152909.0
152910.0
152911.0
152912.0
152913.0
152914.0
152915.0
152920.0
152921.0
152923.0
152924.0
152992.0
152993.0
152994.0
152995.0
152996.0
152997.0
152998.0
152999.0
153000.0
153001.0
153002.0
153004.0
153005.0
153006.0
153007.0
153008.0
153075.0
153076.0
153077.0
153078.0
153079.0
153080.0
153081.0
153082.0
153083.0
153084.0
153085.0
153086.0
153088.0
153089.0
153090.0
153091.0
153092.0
0.0
0.0
153160.0
153161.0
153162.0
153163.0
153164.0
153165.0
153166.0
153167.0
153168.0
153169.0
153170.0
153171.0
153172.0
153173.0
153174.0
153175.0
0.0
0.0
0.0
153245.0
153246.0
153247.0
153248.0
153249.0
153250.0
153251.0
153252.0
153253.0
153254.0
153255.0
153256.0
153257.0
153258.0
153259.0
0.0
0.0
0.0
0.0
0.0
153331.0
153332.0
153333.0
153334.0
153337.0
153338.0
153340.0
153341.0
0.0
0.0
0.0
0.0
0.0
153415.0
153416.0
153418.0
153419.0
153420.0
153422.0
153423.0
153424.0
153425.0
0.0
153495.0
0.0
153500.0
153502.0
153503.0
153504.0
153507.0
153508.0
153509.0
153578.0
153579.0
153580.0
153581.0
153583.0
153586.0
153587.0
153588.0
153589.0
153591.0
153592.0
153593.0
153664.0
153665.0
153666.0
153667.0
153668.0
153671.0
153672.0
153675.0
153676.0
153677.0
0.0
153748.0
153749.0
153750.0
153751.0
153752.0
153754.0
153755.0
153756.0
153757.0
153759.0
153760.0
0.0
0.0
0.0
153833.0
153834.0
153835.0
153836.0
153838.0
153839.0
153840.0
0.0
0.0
0.0
153917.0
153918.0
153919.0
153923.0
153924.0
0.0
0.0
0.0
154001.0
154002.0
154003.0
0.0
154084.0
154085.0
154086.0
154087.0
0.0
154168.0
154169.0
154170.0
154171.0
0.0
0.0
0.0
0.0
154254.0
154335.0
154336.0
154418.0
154419.0
154420.0
154501.0
154502.0
154503.0
154504.0
154505.0
154584.0
154585.0
154586.0
154587.0
154588.0
154668.0
154669.0
154670.0
154671.0
0.0
154751.0
154752.0
154753.0
154835.0
154836.0
154837.0
0.0
0.0
154919.0
154920.0
154921.0
0.0
155004.0
155005.0
155088.0
155089.0
155090.0
155173.0
155174.0
155175.0
155258.0
155259.0
155342.0
155343.0
161318.0
161319.0
161320.0
161321.0
0.0
0.0
0.0
0.0
161399.0
161400.0
161401.0
161402.0
161403.0
161404.0
161405.0
161406.0
161407.0
0.0
0.0
0.0
161478.0
161482.0
161483.0
161484.0
161485.0
161486.0
161487.0
161488.0
161489.0
161490.0
161491.0
161492.0
0.0
161561.0
161562.0
161563.0
161567.0
161568.0
161569.0
161570.0
161571.0
161572.0
161573.0
161574.0
161575.0
161576.0
161644.0
161645.0
161646.0
161647.0
161648.0
161649.0
161650.0
161651.0
161652.0
161653.0
161656.0
161657.0
161658.0
161659.0
161660.0
161729.0
161730.0
161731.0
161732.0
161733.0
161734.0
161735.0
161736.0
161737.0
161740.0
161741.0
161742.0
161743.0
161744.0
161813.0
161814.0
161815.0
161816.0
161824.0
161825.0
161826.0
161827.0
161828.0
161829.0
161895.0
161896.0
161897.0
161898.0
161899.0
161900.0
161901.0
161902.0
161903.0
161904.0
161905.0
161906.0
161909.0
161910.0
161911.0
161912.0
161913.0
161979.0
161980.0
161982.0
161983.0
161984.0
161985.0
161986.0
161987.0
161988.0
161989.0
161990.0
161992.0
161993.0
161994.0
161995.0
161996.0
162062.0
0.0
162065.0
162066.0
162067.0
162068.0
162070.0
162071.0
162072.0
162073.0
162074.0
162075.0
162076.0
162078.0
162079.0
162146.0
162147.0
162149.0
162150.0
162151.0
162152.0
162153.0
162155.0
162156.0
162157.0
162158.0
162159.0
162160.0
162161.0
162162.0
162163.0
162230.0
162231.0
0.0
162234.0
162235.0
162236.0
162237.0
162238.0
162241.0
162242.0
162244.0
162245.0
162246.0
0.0
0.0
0.0
162319.0
162320.0
162321.0
162322.0
162323.0
162324.0
162326.0
162327.0
162328.0
162329.0
0.0
162399.0
162400.0
162404.0
162407.0
162408.0
162411.0
162412.0
162413.0
162483.0
162484.0
162485.0
162490.0
162491.0
162492.0
162493.0
162495.0
162496.0
162497.0
0.0
0.0
162568.0
162569.0
162570.0
162571.0
162572.0
162575.0
162576.0
162577.0
162579.0
162580.0
162581.0
0.0
0.0
162652.0
162653.0
162654.0
162655.0
162656.0
162657.0
162659.0
162660.0
162661.0
0.0
0.0
162736.0
162737.0
162738.0
162739.0
162740.0
162741.0
162743.0
162744.0
0.0
0.0
0.0
162821.0
162822.0
162823.0
162824.0
0.0
0.0
0.0
0.0
162906.0
162907.0
162908.0
0.0
0.0
0.0
0.0
0.0
162990.0
162991.0
162992.0
0.0
0.0
0.0
163073.0
163074.0
163075.0
163076.0
0.0
0.0
0.0
163156.0
163157.0
163158.0
163159.0
0.0
0.0
163239.0
163240.0
163241.0
163242.0
163322.0
163323.0
163324.0
163405.0
163406.0
163407.0
163488.0
163489.0
163490.0
163491.0
163572.0
163573.0
163574.0
163656.0
163657.0
163658.0
163659.0
163740.0
163741.0
163742.0
163743.0
163823.0
163824.0
163825.0
163826.0
163827.0
163908.0
163909.0
163910.0
163911.0
163992.0
163993.0
163994.0
164077.0
164078.0
164079.0
164162.0
164163.0
164246.0
164247.0
164330.0
164331.0
170138.0
170139.0
170140.0
0.0
0.0
0.0
0.0
0.0
0.0
170217.0
170219.0
170220.0
170221.0
170222.0
170223.0
170224.0
170225.0
170226.0
0.0
0.0
0.0
0.0
0.0
0.0
0.0
170301.0
170302.0
170303.0
170304.0
170305.0
170306.0
170307.0
170309.0
170310.0
170311.0
0.0
0.0
0.0
170381.0
0.0
0.0
170384.0
170385.0
170386.0
170387.0
170388.0
170389.0
170390.0
170391.0
170393.0
170394.0
170395.0
170396.0
0.0
0.0
170464.0
170465.0
170466.0
170467.0
170468.0
170469.0
170470.0
170471.0
170472.0
170473.0
170474.0
170475.0
170476.0
170477.0
170478.0
0.0
170548.0
170549.0
170550.0
170551.0
170552.0
170553.0
170554.0
170555.0
170556.0
170560.0
170561.0
170562.0
170563.0
170564.0
170632.0
170633.0
170635.0
170636.0
170637.0
170638.0
170639.0
170640.0
170641.0
170644.0
170645.0
170646.0
170647.0
170648.0
170715.0
170716.0
170717.0
170719.0
170720.0
170721.0
170728.0
170729.0
170730.0
170731.0
170732.0
170733.0
170798.0
170799.0
170800.0
170801.0
170803.0
170804.0
170805.0
170807.0
170808.0
170809.0
170810.0
170813.0
170814.0
170815.0
170816.0
170817.0
170886.0
170887.0
170888.0
170889.0
170890.0
170891.0
170892.0
170894.0
170896.0
170897.0
170898.0
170899.0
170900.0
170966.0
170967.0
170970.0
170971.0
170972.0
170973.0
170974.0
170975.0
170976.0
170977.0
170978.0
170980.0
170982.0
170983.0
171050.0
171051.0
171053.0
171054.0
171055.0
171056.0
171057.0
171059.0
171060.0
171061.0
171062.0
171063.0
171064.0
171065.0
171066.0
171067.0
171135.0
171136.0
171137.0
171138.0
171139.0
171140.0
171141.0
171142.0
171147.0
171148.0
171149.0
171150.0
171219.0
171220.0
171223.0
171224.0
171225.0
171226.0
171227.0
171230.0
171231.0
171232.0
171233.0
171234.0
171303.0
171304.0
171305.0
171308.0
171309.0
171310.0
171311.0
171312.0
171315.0
171316.0
171317.0
0.0
0.0
171388.0
171389.0
171390.0
171395.0
171396.0
171397.0
171399.0
171400.0
171401.0
0.0
0.0
0.0
171473.0
171474.0
171475.0
171478.0
171479.0
171480.0
171481.0
171483.0
171484.0
171485.0
0.0
0.0
171556.0
171557.0
171558.0
171559.0
171560.0
171561.0
171563.0
171564.0
171565.0
0.0
0.0
171641.0
171642.0
171644.0
171645.0
171648.0
0.0
171725.0
171726.0
171727.0
171728.0
171729.0
0.0
0.0
171809.0
171810.0
171811.0
171812.0
171813.0
0.0
0.0
0.0
171893.0
171894.0
171895.0
171896.0
0.0
0.0
0.0
0.0
0.0
171978.0
171979.0
171980.0
0.0
0.0
0.0
0.0
172061.0
172062.0
172063.0
172064.0
0.0
0.0
0.0
172144.0
172145.0
172146.0
172147.0
172148.0
0.0
0.0
0.0
172228.0
172229.0
172230.0
172231.0
172232.0
0.0
172310.0
172311.0
172312.0
172313.0
172314.0
172315.0
172393.0
172394.0
172395.0
172396.0
172397.0
172398.0
172399.0
172477.0
172478.0
172479.0
172480.0
172481.0
172482.0
172561.0
172562.0
172563.0
172564.0
172565.0
172566.0
172645.0
172646.0
172647.0
172648.0
172649.0
172729.0
172730.0
0.0
0.0
172733.0
172813.0
172814.0
172815.0
0.0
172897.0
172898.0
172899.0
172900.0
172981.0
172982.0
172983.0
173066.0
173067.0
178958.0
178959.0
0.0
0.0
0.0
0.0
179041.0
179042.0
179043.0
179044.0
0.0
0.0
0.0
0.0
0.0
0.0
179119.0
179125.0
179126.0
179127.0
179128.0
0.0
0.0
0.0
0.0
0.0
0.0
0.0
0.0
179203.0
179206.0
179209.0
179210.0
179211.0
179212.0
0.0
179214.0
179215.0
0.0
0.0
0.0
179285.0
0.0
179287.0
179288.0
179289.0
179290.0
179292.0
179293.0
179294.0
179295.0
0.0
179297.0
179298.0
179299.0
0.0
0.0
0.0
179367.0
179368.0
179369.0
179371.0
179372.0
179373.0
179374.0
179375.0
179377.0
179378.0
179379.0
179380.0
179381.0
179382.0
179383.0
0.0
0.0
0.0
179451.0
179452.0
179453.0
179455.0
179456.0
179457.0
179458.0
179459.0
179460.0
179464.0
179465.0
179466.0
0.0
0.0
179536.0
179537.0
179539.0
179540.0
179541.0
179542.0
179543.0
179544.0
0.0
0.0
179551.0
179552.0
179618.0
179619.0
179620.0
179621.0
179624.0
179625.0
179626.0
179627.0
179628.0
179632.0
0.0
179634.0
179635.0
179637.0
179703.0
179704.0
179707.0
179708.0
179709.0
179710.0
179716.0
179717.0
179718.0
179719.0
179720.0
179721.0
179723.0
179786.0
179787.0
179791.0
179792.0
179793.0
179794.0
179796.0
179797.0
179800.0
179801.0
179802.0
179803.0
179804.0
179805.0
179806.0
179807.0
179870.0
179871.0
179874.0
179875.0
179876.0
179877.0
179878.0
179880.0
179881.0
179882.0
179884.0
179885.0
179886.0
179887.0
179888.0
179955.0
179956.0
179958.0
179959.0
179960.0
179961.0
179962.0
179964.0
179965.0
179966.0
179967.0
179968.0
179969.0
179970.0
179971.0
180039.0
180040.0
180041.0
180042.0
180043.0
180044.0
180045.0
180046.0
180049.0
180050.0
180051.0
180052.0
180053.0
180054.0
180123.0
180124.0
180125.0
180128.0
180129.0
180130.0
180131.0
180134.0
180135.0
180136.0
180137.0
180138.0
0.0
0.0
180209.0
180210.0
180212.0
180213.0
180214.0
180215.0
180216.0
180218.0
180219.0
180220.0
180221.0
180222.0
0.0
0.0
180292.0
180293.0
180294.0
180297.0
180298.0
180299.0
180300.0
180303.0
180304.0
180305.0
0.0
0.0
0.0
180377.0
180378.0
180379.0
180382.0
180383.0
180384.0
180387.0
180388.0
0.0
0.0
0.0
180461.0
180462.0
180463.0
180464.0
180465.0
0.0
0.0
180545.0
180546.0
180547.0
180548.0
180549.0
0.0
0.0
180630.0
180631.0
180632.0
180633.0
0.0
0.0
0.0
180714.0
180715.0
180716.0
180717.0
0.0
0.0
180797.0
180798.0
180799.0
180800.0
180801.0
0.0
0.0
0.0
180881.0
180882.0
180883.0
180884.0
180885.0
0.0
0.0
0.0
0.0
180965.0
180966.0
180967.0
180968.0
180969.0
0.0
0.0
0.0
0.0
181049.0
181050.0
181051.0
181052.0
181053.0
0.0
0.0
181131.0
0.0
181133.0
181134.0
181135.0
181136.0
0.0
181214.0
181215.0
181216.0
181217.0
181218.0
181219.0
181220.0
181297.0
181298.0
181299.0
181300.0
181301.0
181302.0
181303.0
181381.0
181382.0
181383.0
181384.0
181385.0
181386.0
181387.0
181465.0
181466.0
181467.0
181468.0
181469.0
0.0
181549.0
181550.0
181551.0
181552.0
181553.0
181554.0
0.0
181633.0
181634.0
181635.0
181636.0
181637.0
181718.0
181719.0
181720.0
181721.0
181801.0
181802.0
181803.0
181804.0
181886.0
181887.0
181970.0
187860.0
187861.0
187862.0
187863.0
0.0
0.0
0.0
0.0
0.0
187944.0
187945.0
187946.0
187947.0
0.0
0.0
0.0
0.0
0.0
0.0
0.0
0.0
0.0
0.0
188029.0
188030.0
0.0
0.0
0.0
0.0
0.0
0.0
0.0
0.0
0.0
188107.0
0.0
188113.0
188114.0
0.0
0.0
0.0
188118.0
0.0
0.0
0.0
0.0
0.0
0.0
0.0
0.0
188198.0
0.0
188203.0
0.0
0.0
0.0
188271.0
188272.0
188275.0
188276.0
188277.0
188282.0
0.0
0.0
0.0
0.0
0.0
0.0
188355.0
188356.0
0.0
188359.0
188360.0
188361.0
188362.0
188363.0
188364.0
0.0
0.0
188370.0
0.0
0.0
0.0
0.0
188439.0
188440.0
0.0
188444.0
188445.0
188446.0
188447.0
188448.0
0.0
0.0
188454.0
188455.0
188456.0
0.0
0.0
0.0
0.0
0.0
188524.0
188525.0
188528.0
188529.0
188530.0
188531.0
188532.0
188538.0
188539.0
188540.0
0.0
0.0
188612.0
188613.0
188614.0
188615.0
188621.0
188622.0
188623.0
188625.0
188626.0
188627.0
188690.0
188691.0
188695.0
188696.0
188697.0
188698.0
188699.0
188701.0
188704.0
188705.0
188706.0
188707.0
188708.0
188709.0
188710.0
188711.0
188712.0
188774.0
188775.0
188779.0
188780.0
188781.0
188782.0
188783.0
188785.0
188786.0
188788.0
188789.0
188790.0
188791.0
188792.0
188793.0
188794.0
188795.0
188858.0
188859.0
188860.0
188863.0
188864.0
188865.0
188866.0
188867.0
188869.0
188870.0
188871.0
188872.0
188873.0
188874.0
188875.0
188876.0
188943.0
188944.0
188945.0
188947.0
188948.0
188949.0
188950.0
188951.0
188953.0
188954.0
188955.0
188956.0
188957.0
188958.0
188959.0
0.0
0.0
0.0
189029.0
189032.0
189033.0
189034.0
189035.0
189038.0
189039.0
189040.0
189041.0
189042.0
189043.0
0.0
0.0
189112.0
189113.0
189114.0
189117.0
189118.0
189119.0
189122.0
189123.0
189124.0
189125.0
189126.0
0.0
0.0
189196.0
189197.0
189198.0
189201.0
189202.0
189203.0
189207.0
189208.0
189209.0
0.0
0.0
189280.0
189281.0
189282.0
189283.0
189286.0
189287.0
189291.0
189292.0
0.0
0.0
189365.0
189366.0
189367.0
189368.0
0.0
0.0
189450.0
189451.0
189452.0
189453.0
0.0
0.0
189535.0
189536.0
189537.0
0.0
0.0
189619.0
189620.0
189621.0
0.0
0.0
189703.0
189704.0
189705.0
0.0
0.0
189785.0
189786.0
189787.0
189788.0
189789.0
0.0
0.0
0.0
189869.0
189870.0
189871.0
189872.0
189949.0
189950.0
0.0
189953.0
189954.0
189955.0
189956.0
190033.0
0.0
190036.0
190037.0
190038.0
190039.0
190040.0
190117.0
190118.0
190119.0
190120.0
190121.0
190122.0
190123.0
190201.0
190202.0
190203.0
190204.0
190205.0
190206.0
190207.0
190285.0
190286.0
190287.0
190288.0
190289.0
0.0
0.0
190371.0
190372.0
190373.0
190374.0
190455.0
190456.0
190457.0
190458.0
0.0
190539.0
190540.0
190541.0
190622.0
190623.0
190624.0
190706.0
190707.0
190791.0
0.0
0.0
0.0
0.0
0.0
0.0
0.0
0.0
0.0
0.0
0.0
0.0
0.0
0.0
0.0
0.0
0.0
0.0
0.0
0.0
0.0
0.0
0.0
0.0
0.0
0.0
0.0
0.0
196681.0
196682.0
196764.0
196765.0
196766.0
196767.0
0.0
0.0
0.0
0.0
0.0
0.0
0.0
0.0
0.0
0.0
0.0
0.0
196848.0
196849.0
0.0
0.0
0.0
0.0
0.0
0.0
0.0
0.0
0.0
0.0
0.0
0.0
0.0
0.0
0.0
0.0
0.0
0.0
0.0
0.0
0.0
0.0
0.0
0.0
0.0
0.0
0.0
0.0
0.0
0.0
0.0
0.0
0.0
0.0
0.0
0.0
0.0
0.0
0.0
0.0
0.0
0.0
0.0
0.0
0.0
0.0
0.0
0.0
0.0
0.0
0.0
0.0
0.0
0.0
0.0
0.0
0.0
0.0
0.0
0.0
0.0
0.0
197265.0
197266.0
0.0
0.0
0.0
0.0
0.0
0.0
0.0
0.0
0.0
0.0
0.0
0.0
197348.0
197349.0
197350.0
197351.0
197352.0
0.0
0.0
0.0
0.0
0.0
0.0
0.0
0.0
0.0
0.0
0.0
197432.0
197433.0
197434.0
197435.0
197436.0
197443.0
0.0
0.0
0.0
197447.0
197510.0
197511.0
197516.0
197517.0
197518.0
197519.0
197520.0
197525.0
197526.0
197527.0
197528.0
0.0
197530.0
197531.0
197594.0
197595.0
197601.0
197602.0
197603.0
197604.0
197609.0
197610.0
197611.0
197612.0
197613.0
197614.0
197615.0
197616.0
197678.0
0.0
197685.0
197686.0
197687.0
197688.0
197693.0
197694.0
197695.0
197696.0
197697.0
197698.0
197699.0
0.0
0.0
0.0
197768.0
197769.0
197770.0
197771.0
197772.0
197774.0
197777.0
197778.0
197779.0
197780.0
197781.0
0.0
0.0
0.0
0.0
197852.0
197853.0
197854.0
197855.0
197858.0
197859.0
197860.0
197861.0
197862.0
197863.0
0.0
0.0
0.0
0.0
197937.0
197938.0
197939.0
197942.0
197943.0
197944.0
197945.0
197946.0
197947.0
0.0
0.0
0.0
198017.0
198021.0
198022.0
198023.0
198029.0
198030.0
0.0
0.0
198101.0
198102.0
198105.0
198106.0
198107.0
198111.0
0.0
0.0
198185.0
0.0
0.0
0.0
0.0
0.0
0.0
0.0
0.0
0.0
0.0
0.0
0.0
0.0
0.0
0.0
198854.0
0.0
0.0
198938.0
198939.0
199021.0
199022.0
0.0
0.0
0.0
0.0
0.0
0.0
0.0
0.0
0.0
0.0
0.0
0.0
0.0
0.0
0.0
0.0
0.0
0.0
0.0
0.0
0.0
0.0
0.0
0.0
0.0
0.0
0.0
0.0
0.0
0.0
0.0
0.0
0.0
0.0
0.0
0.0
0.0
0.0
0.0
0.0
0.0
0.0
0.0
0.0
0.0
0.0
0.0
0.0
0.0
0.0
0.0
0.0
0.0
0.0
0.0
0.0
0.0
0.0
0.0
0.0
0.0
0.0
0.0
0.0
0.0
0.0
0.0
0.0
0.0
0.0
0.0
0.0
0.0
0.0
0.0
0.0
0.0
0.0
0.0
0.0
0.0
0.0
0.0
0.0
0.0
0.0
0.0
0.0
0.0
0.0
0.0
0.0
0.0
0.0
0.0
0.0
0.0
0.0
0.0
0.0
0.0
0.0
0.0
0.0
0.0
0.0
0.0
0.0
0.0
0.0
0.0
0.0
0.0
0.0
0.0
0.0
0.0
0.0
0.0
0.0
0.0
0.0
0.0
0.0
0.0
0.0
0.0
0.0
0.0
0.0
0.0
0.0
0.0
0.0
0.0
0.0
0.0
0.0
0.0
0.0
0.0
0.0
0.0
0.0
0.0
0.0
0.0
0.0
0.0
0.0
0.0
0.0
0.0
0.0
0.0
0.0
0.0
0.0
0.0
0.0
0.0
0.0
0.0
0.0
0.0
0.0
0.0
0.0
0.0
0.0
206255.0
0.0
0.0
206338.0
206339.0
206340.0
0.0
0.0
0.0
206422.0
206423.0
206424.0
0.0
0.0
0.0
0.0
206506.0
206507.0
206513.0
206514.0
206515.0
206516.0
206517.0
206518.0
0.0
0.0
206589.0
206590.0
206591.0
206597.0
206598.0
206599.0
206600.0
206601.0
0.0
0.0
0.0
206673.0
206674.0
206675.0
206681.0
206682.0
206683.0
206684.0
206685.0
0.0
0.0
0.0
206757.0
206758.0
206759.0
206765.0
206766.0
206767.0
0.0
0.0
206842.0
206843.0
206849.0
206850.0
0.0
0.0
206926.0
206932.0
206933.0
0.0
0.0
0.0
0.0
0.0
0.0
0.0
0.0
0.0
0.0
0.0
0.0
0.0
0.0
0.0
0.0
0.0
0.0
0.0
207758.0
0.0
0.0
0.0
207842.0
0.0
0.0
0.0
0.0
0.0
0.0
0.0
0.0
0.0
0.0
0.0
0.0
0.0
0.0
0.0
0.0
0.0
0.0
0.0
0.0
0.0
0.0
0.0
0.0
0.0
0.0
0.0
0.0
0.0
0.0
0.0
0.0
0.0
0.0
0.0
0.0
0.0
0.0
0.0
0.0
0.0
0.0
0.0
0.0
0.0
0.0
0.0
0.0
0.0
0.0
0.0
0.0
0.0
0.0
0.0
0.0
0.0
0.0
0.0
0.0
0.0
0.0
0.0
0.0
0.0
0.0
0.0
0.0
0.0
0.0
0.0
0.0
0.0
0.0
0.0
0.0
0.0
0.0
0.0
0.0
0.0
0.0
0.0
0.0
0.0
0.0
0.0
0.0
0.0
0.0
0.0
0.0
0.0
0.0
0.0
0.0
0.0
0.0
0.0
0.0
0.0
0.0
0.0
0.0
0.0
0.0
0.0
0.0
0.0
0.0
0.0
0.0
0.0
0.0
0.0
0.0
0.0
0.0
0.0
0.0
0.0
0.0
0.0
0.0
0.0
0.0
0.0
0.0
0.0
0.0
0.0
0.0
0.0
0.0
0.0
0.0
0.0
0.0
0.0
0.0
0.0
0.0
0.0
0.0
0.0
0.0
0.0
0.0
0.0
0.0
0.0
0.0
0.0
0.0
0.0
0.0
0.0
0.0
0.0
0.0
0.0
0.0
0.0
0.0
0.0
0.0
0.0
0.0
0.0
0.0
0.0
0.0
0.0
0.0
0.0
0.0
0.0
0.0
0.0
0.0
0.0
0.0
0.0
0.0
0.0
0.0
0.0
0.0
0.0
0.0
0.0
0.0
0.0
0.0
0.0
0.0
0.0
0.0
0.0
0.0
0.0
0.0
0.0
0.0
0.0
0.0
0.0
0.0
0.0
0.0
0.0
0.0
0.0
0.0
0.0
0.0
0.0
0.0
215502.0
215503.0
0.0
0.0
215586.0
215587.0
0.0
0.0
0.0
0.0
0.0
0.0
0.0
0.0
0.0
0.0
0.0
0.0
0.0
0.0
0.0
0.0
0.0
0.0
0.0
0.0
0.0
0.0
0.0
0.0
0.0
0.0
0.0
0.0
0.0
0.0
0.0
0.0
0.0
0.0
0.0
0.0
0.0
0.0
0.0
0.0
0.0
0.0
0.0
0.0
0.0
0.0
0.0
0.0
0.0
0.0
0.0
0.0
0.0
0.0
0.0
0.0
0.0
0.0
0.0
0.0
0.0
0.0
0.0
0.0
0.0
0.0
0.0
0.0
0.0
0.0
0.0
0.0
0.0
0.0
0.0
0.0
0.0
0.0
0.0
0.0
0.0
0.0
0.0
0.0
0.0
0.0
0.0
0.0
0.0
0.0
0.0
0.0
0.0
0.0
0.0
0.0
0.0
0.0
0.0
0.0
0.0
0.0
0.0
0.0
0.0
0.0
0.0
0.0
0.0
0.0
0.0
0.0
0.0
0.0
0.0
0.0
0.0
0.0
0.0
0.0
0.0
0.0
0.0
0.0
0.0
0.0
0.0
0.0
0.0
0.0
0.0
0.0
0.0
0.0
0.0
0.0
0.0
0.0
0.0
0.0
0.0
0.0
0.0
0.0
0.0
0.0
0.0
0.0
0.0
0.0
0.0
0.0
0.0
0.0
0.0
0.0
0.0
0.0
0.0
0.0
0.0
0.0
0.0
0.0
0.0
0.0
0.0
0.0
0.0
0.0
0.0
0.0
0.0
0.0
0.0
0.0
0.0
0.0
0.0
0.0
0.0
0.0
0.0
0.0
0.0
0.0
0.0
0.0
0.0
0.0
0.0
0.0
0.0
0.0
0.0
0.0
0.0
0.0
0.0
0.0
0.0
0.0
0.0
0.0
0.0
0.0
0.0
0.0
0.0
0.0
0.0
0.0
0.0
0.0
0.0
0.0
0.0
0.0
0.0
0.0
0.0
0.0
0.0
0.0
0.0
0.0
0.0
0.0
0.0
0.0
0.0
0.0
0.0
0.0
0.0
0.0
0.0
0.0
0.0
0.0
0.0
0.0
0.0
0.0
0.0
0.0
0.0
0.0
0.0
0.0
0.0
0.0
0.0
0.0
0.0
0.0
0.0
0.0
0.0
0.0
0.0
0.0
0.0
0.0
0.0
0.0
0.0
0.0
0.0
0.0
0.0
0.0
0.0
0.0
0.0
0.0
0.0
0.0
0.0
0.0
0.0
0.0
0.0
0.0
0.0
0.0
0.0
0.0
0.0
0.0
0.0
0.0
0.0
0.0
0.0
0.0
0.0
0.0
0.0
0.0
0.0
0.0
0.0
0.0
0.0
0.0
0.0
0.0
0.0
0.0
0.0
0.0
0.0
0.0
0.0
0.0
0.0
0.0
0.0
0.0
0.0
0.0
0.0
0.0
0.0
0.0
0.0
0.0
0.0
0.0
0.0
0.0
0.0
0.0
0.0
0.0
0.0
0.0
0.0
0.0
0.0
0.0
0.0
0.0
0.0
0.0
0.0
0.0
0.0
0.0
0.0
0.0
0.0
0.0
0.0
0.0
0.0
0.0
0.0
0.0
0.0
0.0
0.0
0.0
0.0
0.0
0.0
0.0
0.0
0.0
0.0
0.0
0.0
0.0
0.0
0.0
0.0
0.0
0.0
0.0
0.0
0.0
0.0
0.0
0.0
0.0
0.0
0.0
0.0
0.0
0.0
0.0
0.0
0.0
0.0
0.0
0.0
0.0
0.0
0.0
0.0
0.0
0.0
0.0
0.0
0.0
0.0
0.0
0.0
0.0
0.0
0.0
0.0
0.0
0.0
0.0
0.0
0.0
0.0
0.0
0.0
0.0
0.0
0.0
0.0
0.0
0.0
0.0
0.0
0.0
0.0
0.0
0.0
0.0
0.0
0.0
0.0
0.0
0.0
0.0
0.0
0.0
0.0
0.0
0.0
0.0
0.0
0.0
0.0
0.0
0.0
0.0
0.0
0.0
0.0
0.0
0.0
0.0
0.0
0.0
0.0
0.0
0.0
0.0
0.0
0.0
0.0
0.0
0.0
0.0
0.0
0.0
0.0
0.0
0.0
0.0
0.0
0.0
0.0
0.0
0.0
0.0
0.0
0.0
0.0
0.0
0.0
0.0
0.0
0.0
0.0
0.0
0.0
0.0
0.0
0.0
0.0
0.0
0.0
0.0
0.0
0.0
0.0
0.0
0.0
0.0
0.0
0.0
0.0
0.0
0.0
0.0
0.0
0.0
0.0
0.0
0.0
0.0
0.0
0.0
0.0
0.0
0.0
0.0
0.0
0.0
0.0
0.0
0.0
0.0
0.0
0.0
0.0
0.0
0.0
0.0
0.0
0.0
0.0
0.0
0.0
0.0
0.0
0.0
0.0
0.0
0.0
0.0
0.0
0.0
0.0
0.0
0.0
0.0
0.0
0.0
0.0
0.0
0.0
0.0
0.0
0.0
0.0
0.0
0.0
0.0
0.0
0.0
0.0
0.0
0.0
0.0
0.0
0.0
0.0
0.0
0.0
0.0
0.0
0.0
0.0
0.0
0.0
0.0
0.0
0.0
0.0
0.0
0.0
0.0
0.0
0.0
0.0
0.0
0.0
0.0
0.0
0.0
0.0
0.0
0.0
0.0
0.0
0.0
0.0
0.0
0.0
0.0
0.0
0.0
0.0
0.0
0.0
0.0
0.0
0.0
0.0
0.0
0.0
0.0
0.0
0.0
0.0
0.0
0.0
0.0
0.0
0.0
0.0
0.0
0.0
0.0
0.0
0.0
0.0
0.0
0.0
0.0
0.0
0.0
0.0
0.0
0.0
0.0
0.0
0.0
0.0
0.0
0.0
0.0
0.0
0.0
0.0
0.0
0.0
0.0
0.0
0.0
0.0
0.0
0.0
0.0
0.0
0.0
0.0
0.0
0.0
0.0
0.0
0.0
0.0
0.0
0.0
0.0
0.0
0.0
0.0
0.0
0.0
0.0
0.0
0.0
0.0
0.0
0.0
0.0
0.0
0.0
0.0
0.0
0.0
0.0
0.0
0.0
0.0
0.0
0.0
0.0
0.0
0.0
0.0
0.0
0.0
0.0
0.0
0.0
0.0
0.0
0.0
0.0
0.0
0.0
0.0
0.0
0.0
0.0
0.0
0.0
0.0
0.0
0.0
0.0
0.0
0.0
0.0
0.0
0.0
0.0
0.0
0.0
0.0
0.0
0.0
0.0
0.0
0.0
0.0
0.0
0.0
0.0
0.0
0.0
0.0
0.0
0.0
0.0
0.0
0.0
0.0
0.0
0.0
0.0
0.0
0.0
0.0
0.0
0.0
0.0
0.0
0.0
0.0
0.0
0.0
0.0
0.0
0.0
0.0
0.0
0.0
0.0
0.0
0.0
0.0
0.0
0.0
0.0
0.0
0.0
0.0
0.0
0.0
0.0
0.0
0.0
0.0
0.0
0.0
0.0
0.0
0.0
0.0
0.0
0.0
0.0
0.0
0.0
0.0
0.0
0.0
0.0
0.0
0.0
0.0
0.0
0.0
0.0
0.0
0.0
0.0
0.0
0.0
0.0
0.0
0.0
0.0
0.0
0.0
0.0
0.0
0.0
0.0
0.0
0.0
0.0
0.0
0.0
0.0
0.0
0.0
0.0
0.0
0.0
0.0
0.0
0.0
0.0
0.0
0.0
0.0
0.0
0.0
0.0
0.0
0.0
0.0
0.0
0.0
0.0
0.0
0.0
0.0
0.0
0.0
0.0
0.0
0.0
0.0
0.0
0.0
0.0
0.0
0.0
0.0
0.0
0.0
0.0
0.0
0.0
0.0
0.0
0.0
0.0
0.0
0.0
0.0
0.0
0.0
0.0
0.0
0.0
0.0
0.0
0.0
0.0
0.0
0.0
0.0
0.0
0.0
0.0
0.0
0.0
0.0
0.0
0.0
0.0
0.0
0.0
0.0
0.0
0.0
0.0
0.0
0.0
0.0
0.0
0.0
0.0
0.0
0.0
0.0
0.0
0.0
0.0
0.0
0.0
0.0
0.0
0.0
0.0
0.0
0.0
0.0
0.0
0.0
0.0
0.0
0.0
0.0
0.0
0.0
0.0
0.0
0.0
0.0
0.0
0.0
0.0
0.0
0.0
0.0
0.0
0.0
0.0
0.0
0.0
0.0
0.0
0.0
0.0
0.0
0.0
0.0
0.0
0.0
0.0
0.0
0.0
0.0
0.0
0.0
0.0
0.0
0.0
0.0
0.0
0.0
0.0
0.0
0.0
0.0
0.0
0.0
0.0
0.0
0.0
0.0
0.0
0.0
0.0
0.0
0.0
0.0
0.0
0.0
0.0
0.0
0.0
0.0
0.0
0.0
0.0
0.0
0.0
0.0
0.0
0.0
0.0
0.0
0.0
0.0
0.0
0.0
0.0
0.0
0.0
0.0
0.0
0.0
0.0
0.0
0.0
0.0
0.0
0.0
0.0
0.0
0.0
0.0
0.0
0.0
0.0
0.0
0.0
0.0
0.0
0.0
0.0
0.0
0.0
0.0
0.0
0.0
0.0
0.0
0.0
0.0
0.0
0.0
0.0
0.0
0.0
0.0
0.0
0.0
0.0
0.0
0.0
0.0
0.0
0.0
0.0
0.0
0.0
0.0
0.0
0.0
0.0
0.0
0.0
0.0
0.0
0.0
0.0
0.0
0.0
0.0
0.0
0.0
0.0
0.0
0.0
0.0
0.0
0.0
0.0
0.0
0.0
0.0
0.0
0.0
0.0
0.0
0.0
0.0
0.0
0.0
0.0
0.0
0.0
0.0
0.0
0.0
0.0
0.0
0.0
0.0
0.0
0.0
0.0
0.0
0.0
0.0
0.0
0.0
0.0
0.0
0.0
0.0
0.0
0.0
0.0
0.0
0.0
0.0
0.0
0.0
0.0
0.0
0.0
0.0
0.0
0.0
0.0
0.0
0.0
0.0
0.0
0.0
0.0
0.0
0.0
0.0
0.0
0.0
0.0
0.0
0.0
0.0
0.0
0.0
0.0
0.0
0.0
0.0
0.0
0.0
0.0
0.0
0.0
0.0
0.0
0.0
0.0
0.0
0.0
0.0
0.0
0.0
0.0
0.0
0.0
0.0
0.0
0.0
0.0
0.0
0.0
0.0
0.0
0.0
0.0
0.0
0.0
0.0
0.0
0.0
0.0
0.0
0.0
0.0
0.0
0.0
0.0
0.0
0.0
0.0
0.0
0.0
0.0
0.0
0.0
0.0
0.0
0.0
0.0
0.0
0.0
0.0
0.0
0.0
0.0
0.0
0.0
0.0
0.0
0.0
0.0
0.0
0.0
0.0
0.0
0.0
0.0
0.0
0.0
0.0
0.0
0.0
0.0
0.0
0.0
0.0
0.0
0.0
0.0
0.0
0.0
0.0
0.0
0.0
0.0
0.0
0.0
0.0
0.0
0.0
0.0
0.0
0.0
0.0
0.0
0.0
0.0
0.0
0.0
0.0
0.0
0.0
0.0
0.0
0.0
0.0
0.0
0.0
0.0
0.0
0.0
0.0
0.0
0.0
0.0
0.0
0.0
0.0
0.0
0.0
0.0
0.0
0.0
0.0
0.0
0.0
0.0
0.0
0.0
0.0
0.0
0.0
0.0
0.0
0.0
0.0
0.0
0.0
0.0
0.0
0.0
0.0
0.0
0.0
0.0
0.0
0.0
0.0
0.0
0.0
0.0
0.0
0.0
0.0
0.0
0.0
0.0
0.0
0.0
0.0
0.0
0.0
0.0
0.0
0.0
0.0
0.0
0.0
0.0
0.0
0.0
0.0
0.0
0.0
0.0
0.0
0.0
0.0
0.0
0.0
0.0
0.0
0.0
0.0
0.0
0.0
0.0
0.0
0.0
0.0
0.0
0.0
0.0
0.0
0.0
0.0
0.0
0.0
0.0
0.0
0.0
0.0
0.0
0.0
0.0
0.0
0.0
0.0
0.0
0.0
0.0
0.0
0.0
0.0
0.0
0.0
0.0
0.0
0.0
0.0
0.0
0.0
0.0
0.0
0.0
0.0
0.0
0.0
0.0
0.0
0.0
0.0
0.0
0.0
0.0
0.0
0.0
0.0
0.0
0.0
0.0
0.0
0.0
0.0
0.0
0.0
0.0
0.0
0.0
0.0
0.0
0.0
0.0
0.0
0.0
0.0
0.0
0.0
0.0
0.0
0.0
0.0
0.0
0.0
0.0
0.0
0.0
0.0
0.0
0.0
0.0
0.0
0.0
0.0
0.0
0.0
0.0
0.0
0.0
0.0
0.0
0.0
0.0
0.0
0.0
0.0
0.0
0.0
0.0
0.0
0.0
0.0
0.0
0.0
0.0
0.0
0.0
0.0
0.0
0.0
0.0
0.0
0.0
0.0
0.0
0.0
0.0
0.0
0.0
0.0
0.0
0.0
0.0
0.0
0.0
0.0
0.0
0.0
0.0
0.0
0.0
0.0
0.0
0.0
0.0
0.0
0.0
0.0
0.0
0.0
0.0
0.0
0.0
0.0
0.0
0.0
0.0
0.0
0.0
0.0
0.0
0.0
0.0
0.0
0.0
0.0
0.0
0.0
0.0
0.0
0.0
0.0
0.0
0.0
0.0
0.0
0.0
0.0
0.0
0.0
0.0
0.0
0.0
0.0
0.0
0.0
0.0
0.0
0.0
0.0
0.0
0.0
0.0
0.0
0.0
0.0
0.0
0.0
0.0
0.0
0.0
0.0
0.0
0.0
0.0
0.0
0.0
0.0
0.0
0.0
0.0
0.0
0.0
0.0
0.0
0.0
0.0
0.0
0.0
0.0
0.0
0.0
0.0
0.0
0.0
0.0
0.0
0.0
0.0
0.0
0.0
0.0
0.0
0.0
0.0
0.0
0.0
0.0
0.0
0.0
0.0
0.0
0.0
0.0
0.0
0.0
0.0
0.0
0.0
0.0
0.0
0.0
0.0
0.0
0.0
0.0
0.0
0.0
0.0
0.0
0.0
0.0
0.0
0.0
0.0
0.0
0.0
0.0
0.0
0.0
0.0
0.0
0.0
0.0
0.0
0.0
0.0
0.0
0.0
0.0
0.0
0.0
0.0
0.0
0.0
0.0
0.0
0.0
0.0
0.0
0.0
0.0
0.0
0.0
0.0
0.0
0.0
0.0
0.0
0.0
0.0
0.0
0.0
0.0
0.0
0.0
0.0
0.0
0.0
0.0
0.0
0.0
0.0
0.0
0.0
0.0
0.0
0.0
0.0
0.0
0.0
0.0
0.0
0.0
0.0
0.0
0.0
0.0
0.0
0.0
0.0
0.0
0.0
0.0
0.0
0.0
0.0
0.0
0.0
0.0
0.0
0.0
0.0
0.0
0.0
0.0
0.0
0.0
0.0
0.0
0.0
0.0
0.0
0.0
0.0
0.0
0.0
0.0
0.0
0.0
0.0
0.0
0.0
0.0
0.0
0.0
0.0
0.0
0.0
0.0
0.0
0.0
0.0
0.0
0.0
0.0
0.0
0.0
0.0
0.0
0.0
0.0
0.0
0.0
0.0
0.0
0.0
0.0
0.0
0.0
0.0
0.0
0.0
0.0
0.0
0.0
0.0
0.0
0.0
0.0
0.0
0.0
0.0
0.0
0.0
0.0
0.0
0.0
0.0
0.0
0.0
0.0
0.0
0.0
0.0
0.0
0.0
0.0
0.0
0.0
0.0
0.0
0.0
0.0
0.0
0.0
0.0
0.0
0.0
0.0
0.0
0.0
0.0
0.0
0.0
0.0
0.0
0.0
0.0
0.0
0.0
0.0
0.0
0.0
0.0
0.0
0.0
0.0
0.0
0.0
0.0
0.0
0.0
0.0
0.0
0.0
0.0
0.0
0.0
0.0
0.0
0.0
0.0
0.0
0.0
0.0
0.0
0.0
0.0
0.0
0.0
0.0
0.0
0.0
0.0
0.0
0.0
0.0
0.0
0.0
0.0
0.0
0.0
0.0
0.0
0.0
0.0
0.0
0.0
0.0
0.0
0.0
0.0
0.0
0.0
0.0
0.0
0.0
0.0
0.0
0.0
0.0
0.0
0.0
0.0
0.0
0.0
0.0
0.0
0.0
0.0
0.0
0.0
0.0
0.0
0.0
0.0
0.0
0.0
0.0
0.0
0.0
0.0
0.0
0.0
0.0
0.0
0.0
0.0
0.0
0.0
0.0
0.0
0.0
0.0
0.0
0.0
0.0
0.0
0.0
0.0
0.0
0.0
0.0
0.0
0.0
0.0
0.0
0.0
0.0
0.0
0.0
0.0
0.0
0.0
0.0
0.0
0.0
0.0
0.0
0.0
0.0
0.0
0.0
0.0
0.0
0.0
0.0
0.0
0.0
0.0
0.0
0.0
0.0
0.0
0.0
0.0
0.0
0.0
0.0
0.0
0.0
0.0
0.0
0.0
0.0
0.0
0.0
0.0
0.0
0.0
0.0
0.0
0.0
0.0
0.0
0.0
0.0
0.0
0.0
0.0
0.0
0.0
0.0
0.0
0.0
0.0
0.0
0.0
0.0
0.0
0.0
0.0
0.0
0.0
0.0
0.0
0.0
0.0
0.0
0.0
0.0
0.0
0.0
0.0
0.0
0.0
0.0
0.0
0.0
0.0
0.0
0.0
0.0
0.0
0.0
0.0
0.0
0.0
0.0
0.0
0.0
0.0
0.0
0.0
0.0
0.0
0.0
0.0
0.0
0.0
0.0
0.0
0.0
0.0
0.0
0.0
0.0
0.0
0.0
0.0
0.0
0.0
0.0
0.0
0.0
0.0
0.0
0.0
0.0
0.0
0.0
0.0
0.0
0.0
0.0
0.0
0.0
0.0
0.0
0.0
0.0
0.0
0.0
0.0
0.0
0.0
0.0
0.0
0.0
0.0
0.0
0.0
0.0
0.0
0.0
0.0
0.0
0.0
0.0
0.0
0.0
0.0
0.0
0.0
0.0
0.0
0.0
0.0
0.0
0.0
0.0
0.0
0.0
0.0
0.0
0.0
0.0
0.0
0.0
0.0
0.0
0.0
0.0
0.0
0.0
0.0
0.0
0.0
0.0
0.0
0.0
0.0
0.0
0.0
0.0
0.0
0.0
0.0
0.0
0.0
0.0
0.0
0.0
0.0
0.0
0.0
0.0
0.0
0.0
0.0
0.0
0.0
0.0
0.0
0.0
0.0
0.0
0.0
0.0
0.0
0.0
0.0
0.0
0.0
0.0
0.0
0.0
0.0
0.0
0.0
0.0
0.0
0.0
0.0
0.0
0.0
0.0
0.0
0.0
0.0
0.0
0.0
0.0
0.0
0.0
0.0
0.0
0.0
0.0
0.0
0.0
0.0
0.0
0.0
0.0
0.0
0.0
0.0
0.0
0.0
0.0
0.0
0.0
0.0
0.0
0.0
0.0
0.0
0.0
0.0
0.0
0.0
0.0
0.0
0.0
0.0
0.0
0.0
0.0
0.0
0.0
0.0
0.0
0.0
0.0
0.0
0.0
0.0
0.0
0.0
0.0
0.0
0.0
0.0
0.0
0.0
0.0
0.0
0.0
0.0
0.0
0.0
0.0
0.0
0.0
0.0
0.0
0.0
0.0
0.0
0.0
0.0
0.0
0.0
0.0
0.0
0.0
0.0
0.0
0.0
0.0
0.0
0.0
0.0
0.0
0.0
0.0
0.0
0.0
0.0
0.0
0.0
0.0
0.0
0.0
0.0
0.0
0.0
0.0
0.0
0.0
0.0
0.0
0.0
0.0
0.0
0.0
0.0
0.0
0.0
0.0
0.0
0.0
0.0
0.0
0.0
0.0
0.0
0.0
0.0
0.0
0.0
0.0
0.0
0.0
0.0
0.0
0.0
0.0
0.0
0.0
0.0
0.0
0.0
0.0
0.0
0.0
0.0
0.0
0.0
0.0
0.0
0.0
0.0
0.0
0.0
0.0
0.0
0.0
0.0
0.0
0.0
0.0
0.0
0.0
0.0
0.0
0.0
0.0
0.0
0.0
0.0
0.0
0.0
0.0
0.0
0.0
0.0
0.0
0.0
0.0
0.0
0.0
0.0
0.0
0.0
0.0
0.0
0.0
0.0
0.0
0.0
0.0
0.0
0.0
0.0
0.0
0.0
0.0
0.0
0.0
0.0
0.0
0.0
0.0
0.0
0.0
0.0
0.0
0.0
0.0
0.0
0.0
0.0
0.0
0.0
0.0
0.0
0.0
0.0
0.0
0.0
0.0
0.0
0.0
0.0
0.0
0.0
0.0
0.0
0.0
0.0
0.0
0.0
0.0
0.0
0.0
0.0
0.0
0.0
0.0
0.0
0.0
0.0
0.0
0.0
0.0
0.0
0.0
0.0
0.0
0.0
0.0
0.0
0.0
0.0
0.0
0.0
0.0
0.0
0.0
0.0
0.0
0.0
0.0
0.0
0.0
0.0
0.0
0.0
0.0
0.0
0.0
0.0
0.0
0.0
0.0
0.0
0.0
0.0
0.0
0.0
0.0
0.0
0.0
0.0
0.0
0.0
0.0
0.0
0.0
0.0
0.0
0.0
0.0
0.0
0.0
0.0
0.0
0.0
0.0
0.0
0.0
0.0
0.0
0.0
0.0
0.0
0.0
0.0
0.0
0.0
0.0
0.0
0.0
0.0
0.0
0.0
0.0
0.0
0.0
0.0
0.0
0.0
0.0
0.0
0.0
0.0
0.0
0.0
0.0
0.0
0.0
0.0
0.0
0.0
0.0
0.0
0.0
0.0
0.0
0.0
0.0
0.0
0.0
0.0
0.0
0.0
0.0
0.0
0.0
0.0
0.0
0.0
0.0
0.0
0.0
0.0
0.0
0.0
0.0
0.0
0.0
0.0
0.0
0.0
0.0
0.0
0.0
0.0
0.0
0.0
0.0
0.0
0.0
0.0
0.0
0.0
0.0
0.0
0.0
0.0
0.0
0.0
0.0
0.0
0.0
0.0
0.0
0.0
0.0
0.0
0.0
0.0
0.0
0.0
0.0
0.0
0.0
0.0
0.0
0.0
0.0
0.0
0.0
0.0
0.0
0.0
0.0
0.0
0.0
0.0
0.0
0.0
0.0
0.0
0.0
0.0
0.0
0.0
0.0
0.0
0.0
0.0
0.0
0.0
0.0
0.0
0.0
0.0
0.0
0.0
0.0
0.0
0.0
0.0
0.0
0.0
0.0
0.0
0.0
0.0
0.0
0.0
0.0
0.0
0.0
0.0
0.0
0.0
0.0
0.0
0.0
0.0
0.0
0.0
0.0
0.0
0.0
0.0
0.0
0.0
0.0
0.0
0.0
0.0
0.0
0.0
0.0
0.0
0.0
0.0
0.0
0.0
0.0
0.0
0.0
0.0
0.0
0.0
0.0
0.0
0.0
0.0
0.0
0.0
0.0
0.0
0.0
0.0
0.0
0.0
0.0
0.0
0.0
0.0
0.0
0.0
0.0
0.0
0.0
0.0
0.0
0.0
0.0
0.0
0.0
0.0
0.0
0.0
0.0
0.0
0.0
0.0
0.0
0.0
0.0
0.0
0.0
0.0
0.0
0.0
0.0
0.0
0.0
0.0
0.0
0.0
0.0
0.0
0.0
0.0
0.0
0.0
0.0
0.0
0.0
0.0
0.0
0.0
0.0
0.0
0.0
0.0
0.0
0.0
0.0
0.0
0.0
0.0
0.0
0.0
0.0
0.0
0.0
0.0
0.0
0.0
0.0
0.0
0.0
0.0
0.0
0.0
0.0
0.0
0.0
0.0
0.0
0.0
0.0
0.0
0.0
0.0
0.0
0.0
0.0
0.0
0.0
0.0
0.0
0.0
0.0
0.0
0.0
0.0
0.0
0.0
0.0
0.0
0.0
0.0
0.0
0.0
0.0
0.0
0.0
0.0
0.0
0.0
0.0
0.0
0.0
0.0
0.0
0.0
0.0
0.0
0.0
0.0
0.0
0.0
0.0
0.0
0.0
0.0
0.0
0.0
0.0
0.0
0.0
0.0
0.0
0.0
0.0
0.0
0.0
0.0
0.0
0.0
0.0
0.0
0.0
0.0
0.0
0.0
0.0
0.0
0.0
0.0
0.0
0.0
0.0
0.0
0.0
0.0
0.0
0.0
0.0
0.0
0.0
0.0
0.0
0.0
0.0
0.0
0.0
0.0
0.0
0.0
0.0
0.0
0.0
0.0
0.0
0.0
0.0
0.0
0.0
0.0
0.0
0.0
0.0
0.0
0.0
0.0
0.0
0.0
0.0
0.0
0.0
0.0
0.0
0.0
0.0
0.0
0.0
0.0
0.0
0.0
0.0
0.0
0.0
0.0
0.0
0.0
0.0
0.0
0.0
0.0
0.0
0.0
0.0
0.0
0.0
0.0
0.0
0.0
0.0
0.0
0.0
0.0
0.0
0.0
0.0
0.0
0.0
0.0
0.0
0.0
0.0
0.0
0.0
0.0
0.0
0.0
0.0
0.0
0.0
0.0
0.0
0.0
0.0
0.0
0.0
0.0
0.0
0.0
0.0
0.0
0.0
0.0
0.0
0.0
0.0
0.0
0.0
0.0
0.0
0.0
0.0
0.0
0.0
0.0
0.0
0.0
0.0
0.0
0.0
0.0
0.0
0.0
0.0
0.0
0.0
0.0
0.0
0.0
0.0
0.0
0.0
0.0
0.0
0.0
0.0
0.0
0.0
0.0
0.0
0.0
0.0
0.0
0.0
0.0
0.0
0.0
0.0
0.0
0.0
0.0
0.0
0.0
0.0
0.0
0.0
0.0
0.0
0.0
0.0
0.0
0.0
0.0
0.0
0.0
0.0
0.0
0.0
0.0
0.0
0.0
0.0
0.0
0.0
0.0
0.0
0.0
0.0
0.0
0.0
0.0
0.0
0.0
0.0
0.0
0.0
0.0
0.0
0.0
0.0
0.0
0.0
0.0
0.0
0.0
0.0
0.0
0.0
0.0
0.0
0.0
0.0
0.0
0.0
0.0
0.0
0.0
0.0
0.0
0.0
0.0
0.0
0.0
0.0
0.0
0.0
0.0
0.0
0.0
0.0
0.0
0.0
0.0
0.0
0.0
0.0
0.0
0.0
0.0
0.0
0.0
0.0
0.0
0.0
0.0
0.0
0.0
0.0
0.0
0.0
0.0
0.0
0.0
0.0
0.0
0.0
0.0
0.0
0.0
0.0
0.0
0.0
0.0
0.0
0.0
0.0
0.0
0.0
0.0
0.0
0.0
0.0
0.0
0.0
0.0
0.0
0.0
0.0
0.0
0.0
0.0
0.0
0.0
0.0
0.0
0.0
0.0
0.0
0.0
0.0
0.0
0.0
0.0
0.0
0.0
0.0
0.0
0.0
0.0
0.0
0.0
0.0
0.0
0.0
0.0
0.0
0.0
0.0
0.0
0.0
0.0
0.0
0.0
0.0
0.0
0.0
0.0
0.0
0.0
0.0
0.0
0.0
0.0
0.0
0.0
0.0
0.0
0.0
0.0
0.0
0.0
0.0
0.0
0.0
0.0
0.0
0.0
0.0
0.0
0.0
0.0
0.0
0.0
0.0
0.0
0.0
0.0
0.0
0.0
0.0
0.0
0.0
0.0
0.0
0.0
0.0
0.0
0.0
0.0
0.0
0.0
0.0
0.0
0.0
0.0
0.0
0.0
0.0
0.0
0.0
0.0
0.0
0.0
0.0
0.0
0.0
0.0
0.0
0.0
0.0
0.0
0.0
0.0
0.0
0.0
0.0
0.0
0.0
0.0
0.0
0.0
0.0
0.0
0.0
0.0
0.0
0.0
0.0
0.0
0.0
0.0
0.0
0.0
0.0
0.0
0.0
0.0
0.0
0.0
0.0
0.0
0.0
0.0
0.0
0.0
0.0
0.0
0.0
0.0
0.0
0.0
0.0
0.0
0.0
0.0
0.0
0.0
0.0
0.0
0.0
0.0
0.0
0.0
0.0
0.0
0.0
0.0
0.0
0.0
0.0
0.0
0.0
0.0
0.0
0.0
0.0
0.0
0.0
0.0
0.0
0.0
0.0
0.0
0.0
0.0
0.0
0.0
0.0
0.0
0.0
0.0
0.0
0.0
0.0
0.0
0.0
0.0
0.0
0.0
0.0
0.0
0.0
0.0
0.0
0.0
0.0
0.0
0.0
0.0
0.0
0.0
0.0
0.0
0.0
0.0
0.0
0.0
0.0
0.0
0.0
0.0
0.0
0.0
0.0
0.0
0.0
0.0
0.0
0.0
0.0
0.0
0.0
0.0
0.0
0.0
0.0
0.0
0.0
0.0
0.0
0.0
0.0
0.0
0.0
0.0
0.0
0.0
0.0
0.0
0.0
0.0
0.0
0.0
0.0
0.0
0.0
0.0
0.0
0.0
0.0
0.0
0.0
0.0
0.0
0.0
0.0
0.0
0.0
0.0
0.0
0.0
0.0
0.0
0.0
0.0
0.0
0.0
0.0
0.0
0.0
0.0
0.0
0.0
0.0
0.0
0.0
0.0
0.0
0.0
0.0
0.0
0.0
0.0
0.0
0.0
0.0
0.0
0.0
0.0
0.0
0.0
0.0
0.0
0.0
0.0
0.0
0.0
0.0
0.0
0.0
0.0
520237.0
520238.0
0.0
0.0
0.0
0.0
0.0
0.0
0.0
0.0
0.0
0.0
0.0
0.0
0.0
0.0
0.0
0.0
0.0
0.0
0.0
0.0
0.0
0.0
0.0
0.0
0.0
0.0
0.0
0.0
0.0
0.0
0.0
0.0
0.0
0.0
0.0
0.0
0.0
0.0
0.0
0.0
0.0
0.0
0.0
0.0
0.0
0.0
0.0
0.0
0.0
0.0
0.0
0.0
0.0
0.0
0.0
0.0
0.0
0.0
0.0
0.0
0.0
0.0
0.0
0.0
0.0
0.0
0.0
0.0
0.0
0.0
0.0
0.0
0.0
0.0
0.0
0.0
0.0
0.0
0.0
0.0
0.0
0.0
0.0
0.0
0.0
0.0
0.0
0.0
0.0
0.0
0.0
0.0
0.0
0.0
0.0
0.0
0.0
0.0
0.0
0.0
0.0
0.0
0.0
0.0
0.0
0.0
0.0
0.0
0.0
0.0
0.0
0.0
0.0
0.0
0.0
0.0
0.0
0.0
0.0
0.0
0.0
0.0
0.0
0.0
0.0
0.0
0.0
0.0
0.0
0.0
0.0
0.0
0.0
0.0
0.0
0.0
0.0
0.0
0.0
0.0
0.0
0.0
0.0
0.0
0.0
0.0
0.0
0.0
0.0
0.0
0.0
0.0
0.0
0.0
0.0
0.0
0.0
0.0
0.0
0.0
0.0
0.0
0.0
0.0
0.0
0.0
0.0
0.0
0.0
0.0
0.0
0.0
0.0
0.0
0.0
0.0
0.0
0.0
0.0
0.0
0.0
0.0
0.0
0.0
0.0
0.0
0.0
0.0
0.0
0.0
0.0
0.0
0.0
0.0
0.0
0.0
0.0
0.0
0.0
0.0
0.0
0.0
0.0
0.0
0.0
0.0
0.0
0.0
0.0
527466.0
527467.0
0.0
527476.0
527477.0
0.0
0.0
0.0
0.0
0.0
527560.0
527561.0
0.0
0.0
0.0
0.0
0.0
527645.0
0.0
0.0
0.0
0.0
0.0
0.0
527721.0
0.0
0.0
0.0
0.0
0.0
0.0
0.0
0.0
0.0
0.0
0.0
0.0
527887.0
527888.0
0.0
527890.0
0.0
0.0
0.0
527970.0
527971.0
527972.0
527973.0
527974.0
527975.0
0.0
0.0
528055.0
528056.0
528057.0
528058.0
0.0
0.0
528140.0
528141.0
0.0
0.0
0.0
0.0
0.0
0.0
0.0
0.0
0.0
0.0
0.0
0.0
0.0
0.0
0.0
0.0
0.0
0.0
0.0
0.0
0.0
0.0
0.0
0.0
0.0
528889.0
0.0
0.0
0.0
0.0
0.0
0.0
0.0
528973.0
528974.0
0.0
0.0
0.0
0.0
0.0
529057.0
529058.0
0.0
0.0
0.0
529140.0
529141.0
529142.0
0.0
0.0
0.0
0.0
529224.0
529225.0
529226.0
0.0
0.0
529309.0
529310.0
0.0
529393.0
0.0
0.0
0.0
0.0
0.0
0.0
0.0
0.0
0.0
0.0
0.0
0.0
0.0
0.0
0.0
0.0
0.0
0.0
0.0
0.0
0.0
0.0
0.0
0.0
0.0
0.0
0.0
0.0
0.0
0.0
0.0
0.0
0.0
0.0
0.0
0.0
0.0
0.0
0.0
0.0
0.0
0.0
0.0
0.0
0.0
0.0
0.0
0.0
0.0
0.0
0.0
0.0
0.0
0.0
0.0
0.0
0.0
0.0
0.0
0.0
0.0
0.0
0.0
0.0
0.0
0.0
0.0
0.0
0.0
0.0
0.0
0.0
0.0
0.0
0.0
0.0
0.0
0.0
0.0
0.0
0.0
0.0
0.0
0.0
0.0
0.0
0.0
0.0
0.0
0.0
0.0
0.0
0.0
0.0
0.0
0.0
0.0
0.0
0.0
0.0
0.0
0.0
0.0
0.0
0.0
0.0
0.0
0.0
0.0
0.0
0.0
0.0
0.0
0.0
0.0
0.0
535800.0
535801.0
0.0
0.0
0.0
0.0
0.0
0.0
0.0
0.0
0.0
0.0
0.0
0.0
0.0
0.0
535884.0
535885.0
0.0
0.0
0.0
0.0
0.0
0.0
0.0
0.0
0.0
0.0
0.0
0.0
0.0
0.0
535967.0
535968.0
0.0
0.0
0.0
0.0
0.0
0.0
0.0
0.0
0.0
0.0
536133.0
536134.0
536135.0
0.0
0.0
0.0
0.0
536209.0
536210.0
536211.0
536212.0
536217.0
536218.0
536219.0
0.0
0.0
0.0
0.0
536292.0
536293.0
536294.0
536295.0
536296.0
536297.0
536298.0
536299.0
536301.0
536302.0
536303.0
0.0
0.0
0.0
0.0
536371.0
536376.0
536377.0
536378.0
536379.0
536380.0
536381.0
536382.0
536383.0
536385.0
536386.0
536387.0
0.0
0.0
536454.0
536455.0
536462.0
536463.0
536464.0
536465.0
536466.0
536469.0
536470.0
536471.0
0.0
0.0
536538.0
536539.0
536540.0
536541.0
536542.0
0.0
536548.0
536549.0
536550.0
536554.0
0.0
0.0
0.0
0.0
536623.0
536624.0
536625.0
536626.0
0.0
536632.0
536633.0
536634.0
0.0
0.0
0.0
0.0
0.0
536708.0
536709.0
0.0
0.0
0.0
0.0
0.0
0.0
0.0
536792.0
0.0
0.0
0.0
536873.0
536874.0
536875.0
536876.0
536877.0
536878.0
0.0
0.0
0.0
536957.0
536958.0
536959.0
536960.0
536961.0
536962.0
0.0
0.0
537041.0
537042.0
537043.0
537044.0
537045.0
0.0
537124.0
537125.0
537126.0
537127.0
537128.0
0.0
0.0
537208.0
537209.0
537210.0
537211.0
0.0
0.0
537293.0
537294.0
537295.0
0.0
0.0
537377.0
537378.0
0.0
0.0
0.0
537461.0
537462.0
0.0
0.0
0.0
537545.0
0.0
0.0
0.0
0.0
0.0
537793.0
537794.0
537877.0
537878.0
0.0
0.0
537961.0
537962.0
537963.0
537964.0
0.0
0.0
538045.0
538046.0
538047.0
538048.0
0.0
0.0
0.0
538129.0
538130.0
538131.0
0.0
0.0
538213.0
538214.0
538215.0
538297.0
538298.0
538380.0
538381.0
538382.0
538464.0
538465.0
538549.0
0.0
0.0
0.0
0.0
0.0
0.0
0.0
0.0
0.0
0.0
0.0
0.0
0.0
0.0
0.0
0.0
0.0
0.0
0.0
0.0
0.0
0.0
0.0
0.0
0.0
0.0
0.0
0.0
0.0
0.0
0.0
0.0
544367.0
544368.0
0.0
0.0
0.0
0.0
0.0
0.0
0.0
0.0
544451.0
544452.0
544453.0
0.0
0.0
0.0
0.0
0.0
0.0
0.0
0.0
0.0
544535.0
544536.0
544537.0
544538.0
0.0
0.0
0.0
0.0
0.0
0.0
0.0
0.0
0.0
0.0
0.0
0.0
544618.0
544619.0
544620.0
544621.0
544622.0
0.0
0.0
0.0
0.0
0.0
0.0
0.0
0.0
0.0
0.0
0.0
544702.0
544703.0
544704.0
544705.0
544706.0
0.0
0.0
0.0
0.0
0.0
0.0
0.0
0.0
0.0
0.0
0.0
0.0
0.0
544785.0
544786.0
544787.0
544788.0
544789.0
0.0
0.0
0.0
0.0
0.0
0.0
0.0
0.0
0.0
0.0
0.0
0.0
0.0
0.0
544870.0
544871.0
544872.0
544873.0
0.0
0.0
0.0
0.0
0.0
0.0
0.0
544952.0
544953.0
544954.0
544955.0
544956.0
0.0
0.0
0.0
0.0
0.0
0.0
0.0
545025.0
545026.0
545027.0
545031.0
545032.0
545037.0
545038.0
545039.0
545040.0
0.0
0.0
0.0
0.0
545108.0
545109.0
545110.0
545111.0
545112.0
545113.0
545114.0
545115.0
545116.0
545117.0
545118.0
545119.0
545121.0
545122.0
545123.0
545124.0
0.0
0.0
545193.0
545194.0
545195.0
545196.0
545197.0
545198.0
545199.0
545200.0
545201.0
545202.0
545203.0
545205.0
545206.0
545207.0
0.0
0.0
0.0
545278.0
545279.0
545280.0
545281.0
545282.0
545283.0
545284.0
545285.0
545286.0
545287.0
545289.0
545290.0
545291.0
545292.0
0.0
0.0
0.0
545358.0
545360.0
545361.0
545364.0
545365.0
545366.0
545367.0
545368.0
545369.0
545370.0
545372.0
545373.0
545374.0
545375.0
545376.0
545441.0
545442.0
545443.0
545444.0
545445.0
545446.0
545447.0
545452.0
545453.0
545454.0
545456.0
545457.0
545458.0
545459.0
0.0
0.0
545527.0
545528.0
545529.0
545530.0
0.0
545535.0
545536.0
545537.0
545538.0
0.0
0.0
0.0
545610.0
0.0
0.0
0.0
0.0
0.0
545619.0
545620.0
545621.0
0.0
0.0
545693.0
545694.0
0.0
545696.0
0.0
0.0
545703.0
545704.0
545708.0
0.0
0.0
545777.0
545778.0
545779.0
545780.0
0.0
0.0
545792.0
0.0
0.0
545861.0
545862.0
545863.0
545864.0
545865.0
0.0
545944.0
545945.0
545946.0
545947.0
545948.0
545949.0
546027.0
546028.0
546029.0
546030.0
546031.0
546032.0
546033.0
0.0
546112.0
546113.0
546114.0
546115.0
546116.0
546195.0
546196.0
546197.0
546198.0
546199.0
0.0
546280.0
546281.0
546282.0
0.0
0.0
546364.0
546365.0
546366.0
0.0
0.0
0.0
0.0
546449.0
0.0
0.0
0.0
0.0
546616.0
0.0
0.0
546699.0
546700.0
546701.0
0.0
0.0
546783.0
546784.0
546785.0
0.0
0.0
546867.0
546868.0
546869.0
546949.0
546950.0
546951.0
546952.0
547034.0
547035.0
547036.0
547118.0
547119.0
547201.0
547202.0
547285.0
547286.0
547368.0
547369.0
547370.0
547371.0
547452.0
547453.0
0.0
0.0
0.0
0.0
0.0
0.0
0.0
0.0
0.0
0.0
0.0
553266.0
553267.0
553268.0
0.0
0.0
0.0
553272.0
0.0
0.0
0.0
0.0
0.0
0.0
0.0
553350.0
553351.0
553352.0
0.0
0.0
553355.0
553356.0
0.0
0.0
0.0
0.0
0.0
0.0
0.0
0.0
553435.0
553436.0
553437.0
0.0
553439.0
553441.0
553442.0
0.0
0.0
0.0
0.0
0.0
0.0
0.0
0.0
0.0
0.0
0.0
0.0
0.0
0.0
553520.0
553522.0
553523.0
553524.0
553525.0
553526.0
0.0
0.0
0.0
0.0
0.0
0.0
0.0
0.0
0.0
0.0
0.0
553605.0
553606.0
553607.0
553608.0
553609.0
0.0
0.0
0.0
0.0
0.0
0.0
0.0
0.0
0.0
0.0
0.0
553689.0
553690.0
553691.0
553692.0
553693.0
0.0
0.0
0.0
0.0
0.0
0.0
0.0
0.0
0.0
0.0
0.0
553775.0
553776.0
0.0
0.0
0.0
0.0
553851.0
553856.0
553857.0
553859.0
553860.0
0.0
0.0
0.0
553928.0
553929.0
553930.0
553931.0
553934.0
553935.0
553936.0
553937.0
553938.0
553941.0
553943.0
553944.0
0.0
0.0
0.0
0.0
554011.0
554012.0
554013.0
554014.0
554015.0
554016.0
554017.0
554018.0
554019.0
554020.0
554021.0
554022.0
554023.0
554025.0
554026.0
554027.0
554028.0
0.0
0.0
0.0
554096.0
554097.0
554098.0
554099.0
554100.0
554101.0
554102.0
554103.0
554105.0
554106.0
554107.0
554109.0
554110.0
554111.0
554112.0
0.0
0.0
0.0
554182.0
554183.0
554184.0
554185.0
554186.0
554187.0
554189.0
554190.0
554193.0
554194.0
554195.0
554196.0
0.0
0.0
0.0
554262.0
554263.0
554264.0
554265.0
554267.0
554268.0
554269.0
554270.0
554272.0
554273.0
554274.0
554276.0
554277.0
554278.0
554279.0
554280.0
0.0
554345.0
554346.0
554347.0
554348.0
554349.0
554350.0
554355.0
554356.0
554357.0
554358.0
554360.0
554361.0
554362.0
554363.0
554430.0
554431.0
554433.0
554434.0
0.0
554439.0
554440.0
554441.0
554442.0
554513.0
554514.0
554515.0
0.0
0.0
0.0
0.0
554522.0
554523.0
554524.0
554525.0
554528.0
554529.0
554530.0
554531.0
0.0
554597.0
554598.0
0.0
0.0
0.0
0.0
0.0
554606.0
554607.0
554608.0
554611.0
554612.0
554613.0
0.0
0.0
554681.0
554682.0
554683.0
554690.0
554691.0
554692.0
554695.0
554696.0
0.0
554764.0
554765.0
554766.0
554767.0
554768.0
0.0
554848.0
554849.0
554850.0
554851.0
554852.0
554853.0
554931.0
554932.0
554933.0
554934.0
554935.0
554936.0
555014.0
555015.0
555016.0
555017.0
555018.0
555019.0
555020.0
555098.0
555099.0
555100.0
555101.0
555102.0
555182.0
555183.0
555184.0
555185.0
0.0
0.0
555268.0
555269.0
0.0
0.0
0.0
0.0
555353.0
0.0
0.0
555437.0
555438.0
0.0
0.0
0.0
555520.0
555521.0
555522.0
555600.0
555601.0
555602.0
555604.0
555605.0
555606.0
555684.0
555685.0
555686.0
555687.0
555688.0
555689.0
0.0
0.0
555771.0
555772.0
555773.0
555855.0
555856.0
555938.0
555939.0
555940.0
556021.0
556022.0
556105.0
556106.0
556189.0
556190.0
556273.0
556274.0
0.0
0.0
562170.0
562171.0
562172.0
0.0
0.0
0.0
0.0
0.0
0.0
562253.0
562254.0
562255.0
562256.0
562257.0
0.0
0.0
0.0
0.0
0.0
0.0
0.0
0.0
562338.0
562339.0
562340.0
562341.0
0.0
0.0
562344.0
562345.0
562346.0
0.0
0.0
0.0
0.0
0.0
0.0
0.0
0.0
0.0
0.0
0.0
562423.0
562424.0
562425.0
0.0
562427.0
562428.0
562429.0
562430.0
562431.0
0.0
0.0
0.0
0.0
0.0
0.0
0.0
0.0
0.0
0.0
562510.0
562511.0
562512.0
0.0
0.0
0.0
0.0
0.0
0.0
0.0
0.0
0.0
0.0
0.0
0.0
562595.0
562596.0
0.0
0.0
0.0
0.0
0.0
0.0
0.0
0.0
0.0
562676.0
562677.0
0.0
562680.0
0.0
0.0
0.0
562754.0
562755.0
562760.0
562761.0
0.0
0.0
562832.0
562833.0
562834.0
562835.0
562838.0
562839.0
562840.0
562841.0
562845.0
562846.0
562847.0
562848.0
0.0
0.0
562915.0
562916.0
562917.0
562918.0
562919.0
562920.0
562921.0
562922.0
562923.0
562924.0
562925.0
562926.0
562927.0
562928.0
562929.0
562930.0
562931.0
562932.0
0.0
0.0
562999.0
563000.0
563001.0
563002.0
563003.0
563004.0
563005.0
563006.0
563007.0
563009.0
563010.0
563011.0
563012.0
563013.0
563014.0
563016.0
563079.0
563080.0
563081.0
563086.0
563087.0
563088.0
563089.0
563090.0
563091.0
563092.0
563093.0
563094.0
563095.0
563096.0
563097.0
563098.0
563100.0
563101.0
563163.0
563164.0
563165.0
563166.0
563167.0
563168.0
563169.0
563171.0
563172.0
563173.0
563175.0
563176.0
563179.0
563180.0
563181.0
563182.0
563183.0
563184.0
563185.0
563248.0
563249.0
563250.0
563251.0
563252.0
563253.0
563258.0
563259.0
563260.0
563261.0
563263.0
563264.0
563265.0
563266.0
563267.0
563268.0
563333.0
563334.0
0.0
563336.0
563337.0
0.0
563342.0
563343.0
563344.0
563345.0
563416.0
563417.0
563418.0
0.0
0.0
563421.0
563422.0
563423.0
563426.0
563427.0
563428.0
563429.0
563431.0
563432.0
563434.0
563435.0
563436.0
563499.0
563500.0
563501.0
0.0
0.0
563506.0
563507.0
563510.0
563511.0
563512.0
563515.0
563516.0
563517.0
563518.0
563519.0
563520.0
563583.0
563584.0
563585.0
563586.0
0.0
0.0
563591.0
563594.0
563595.0
563596.0
563599.0
563600.0
563667.0
563668.0
563669.0
563670.0
0.0
563678.0
563679.0
563750.0
563751.0
563752.0
563753.0
563754.0
563755.0
563762.0
563763.0
563834.0
563835.0
563836.0
563837.0
563838.0
563839.0
563918.0
563919.0
563920.0
563921.0
564002.0
564003.0
564004.0
564085.0
564086.0
564087.0
564088.0
564091.0
564169.0
564170.0
0.0
564174.0
564175.0
564176.0
0.0
0.0
0.0
564257.0
564258.0
564259.0
564260.0
0.0
0.0
564341.0
564342.0
564343.0
564344.0
564420.0
564421.0
564422.0
0.0
564425.0
564426.0
564427.0
564428.0
564504.0
564505.0
564506.0
0.0
564508.0
564509.0
564510.0
564588.0
564589.0
564590.0
564591.0
564592.0
564593.0
564675.0
564676.0
564760.0
565010.0
565093.0
565094.0
565095.0
565177.0
565178.0
565179.0
571241.0
571242.0
571243.0
571245.0
571246.0
0.0
0.0
0.0
0.0
571326.0
571327.0
571328.0
571329.0
571330.0
0.0
571332.0
0.0
0.0
0.0
0.0
0.0
571406.0
571407.0
0.0
571410.0
571411.0
571412.0
571413.0
571414.0
571416.0
0.0
0.0
0.0
0.0
0.0
0.0
0.0
571490.0
571491.0
0.0
0.0
0.0
571495.0
571497.0
0.0
0.0
571567.0
0.0
0.0
0.0
0.0
0.0
571575.0
0.0
0.0
571579.0
571581.0
571582.0
0.0
571649.0
0.0
571651.0
571652.0
571653.0
571655.0
571658.0
571659.0
571660.0
0.0
0.0
571664.0
571665.0
571666.0
571667.0
0.0
0.0
571735.0
571736.0
571737.0
571738.0
571739.0
571741.0
571742.0
571743.0
571744.0
571749.0
571750.0
571751.0
571752.0
0.0
0.0
571818.0
571819.0
571820.0
571822.0
571823.0
571824.0
571825.0
571826.0
571828.0
571829.0
571830.0
571831.0
571832.0
571833.0
571834.0
571835.0
571836.0
571900.0
571901.0
571903.0
571904.0
571905.0
571906.0
571907.0
571909.0
571910.0
571911.0
571913.0
571914.0
571915.0
571916.0
571917.0
571918.0
571920.0
571984.0
571985.0
571989.0
571990.0
571991.0
571992.0
571993.0
571994.0
571995.0
571996.0
571997.0
571998.0
571999.0
572000.0
572001.0
572002.0
572004.0
572005.0
0.0
572068.0
572069.0
572070.0
572071.0
572072.0
572075.0
572076.0
572077.0
572079.0
572080.0
572081.0
572082.0
572083.0
572084.0
572085.0
572086.0
572087.0
572088.0
572089.0
572153.0
572154.0
572155.0
572156.0
572157.0
572162.0
572163.0
572164.0
572165.0
572167.0
572168.0
572169.0
572171.0
572172.0
572237.0
572238.0
572239.0
572240.0
572241.0
572242.0
572246.0
572247.0
572248.0
572320.0
572321.0
572322.0
572323.0
0.0
572325.0
572326.0
572327.0
572330.0
572331.0
572332.0
572335.0
572336.0
572337.0
572338.0
572339.0
572340.0
572404.0
572405.0
0.0
0.0
0.0
572410.0
572411.0
572414.0
572415.0
572416.0
572418.0
572419.0
572420.0
572421.0
572422.0
572423.0
572424.0
572487.0
572488.0
572489.0
572490.0
0.0
572494.0
572495.0
572498.0
572499.0
572500.0
572503.0
572504.0
572505.0
572571.0
572572.0
572577.0
572578.0
572579.0
572581.0
572582.0
572583.0
572584.0
572654.0
572655.0
572665.0
572666.0
572667.0
572668.0
572738.0
572739.0
572750.0
572751.0
572822.0
572823.0
572826.0
572827.0
572906.0
572907.0
572909.0
572910.0
572911.0
572989.0
572990.0
572991.0
572992.0
572993.0
572994.0
572995.0
572996.0
573073.0
573074.0
573075.0
573076.0
573077.0
573078.0
573079.0
573080.0
573157.0
573158.0
573159.0
573160.0
573161.0
573162.0
573163.0
573164.0
573240.0
573241.0
573242.0
573245.0
573246.0
573247.0
573248.0
573324.0
573325.0
573326.0
0.0
0.0
573329.0
573330.0
573331.0
573332.0
573409.0
573410.0
573413.0
573414.0
573415.0
573416.0
573493.0
573495.0
573497.0
573498.0
573499.0
573581.0
573582.0
573583.0
573665.0
573666.0
573914.0
573915.0
574082.0
580232.0
580233.0
580234.0
0.0
580310.0
580311.0
0.0
580314.0
580315.0
580316.0
580317.0
580318.0
580319.0
580390.0
0.0
0.0
580393.0
580394.0
580395.0
0.0
580398.0
580399.0
580400.0
580401.0
580402.0
580403.0
580471.0
0.0
0.0
0.0
0.0
0.0
0.0
580478.0
580479.0
580480.0
0.0
580482.0
580483.0
580484.0
580485.0
580486.0
580487.0
580555.0
580556.0
0.0
580559.0
0.0
0.0
580562.0
580563.0
580564.0
580566.0
580567.0
580569.0
580570.0
580571.0
0.0
580639.0
580640.0
580641.0
580642.0
580643.0
580644.0
580645.0
580646.0
580647.0
580648.0
580653.0
580654.0
580655.0
580723.0
580727.0
580728.0
580729.0
580730.0
580732.0
580733.0
580734.0
580735.0
580737.0
580738.0
580739.0
580740.0
580804.0
0.0
580807.0
580808.0
580809.0
580810.0
580811.0
580812.0
580813.0
580814.0
580815.0
580817.0
580818.0
580819.0
580820.0
580821.0
580822.0
580823.0
580824.0
580888.0
580889.0
580891.0
580892.0
580893.0
580894.0
580895.0
580896.0
580897.0
580898.0
580899.0
580900.0
580901.0
580902.0
580903.0
580904.0
580905.0
580906.0
580907.0
580908.0
580909.0
580972.0
580973.0
580974.0
580975.0
580980.0
580981.0
580982.0
580983.0
580984.0
580986.0
580987.0
580988.0
580989.0
580990.0
580991.0
580992.0
580993.0
581057.0
581058.0
581059.0
581060.0
581061.0
581066.0
581067.0
581068.0
581070.0
581071.0
581072.0
581073.0
581075.0
581076.0
581077.0
581141.0
581142.0
581143.0
581144.0
581145.0
581146.0
581147.0
581148.0
581149.0
581150.0
581151.0
581152.0
581155.0
581156.0
581157.0
581158.0
581159.0
581160.0
581224.0
581225.0
581226.0
581227.0
0.0
581229.0
581230.0
581231.0
581232.0
581234.0
581235.0
581236.0
581238.0
581239.0
581240.0
581241.0
581242.0
581243.0
581244.0
581245.0
581308.0
581309.0
0.0
0.0
581314.0
581315.0
581316.0
581318.0
581319.0
581320.0
581322.0
581323.0
581324.0
581325.0
581326.0
581327.0
581328.0
581329.0
581391.0
581392.0
581393.0
581394.0
581397.0
581398.0
581399.0
581400.0
581402.0
581403.0
581404.0
581406.0
581407.0
581408.0
581409.0
581475.0
581476.0
581477.0
581478.0
581481.0
581482.0
581483.0
581485.0
581486.0
581487.0
581488.0
581489.0
581493.0
581494.0
581559.0
581560.0
581561.0
581568.0
581569.0
581570.0
581571.0
581572.0
581573.0
581643.0
581644.0
581646.0
581652.0
581653.0
581654.0
581655.0
581726.0
581727.0
581728.0
581729.0
581730.0
581731.0
581810.0
581811.0
581812.0
581813.0
581814.0
581815.0
581894.0
581895.0
581896.0
581897.0
581898.0
581899.0
581900.0
581978.0
581979.0
581980.0
581981.0
581982.0
581983.0
581984.0
582061.0
582062.0
582063.0
582064.0
582065.0
582066.0
582067.0
582068.0
582145.0
582146.0
582147.0
582148.0
582149.0
582150.0
582151.0
582152.0
582229.0
582230.0
0.0
582232.0
582233.0
582234.0
582235.0
582236.0
0.0
582317.0
582318.0
582319.0
582320.0
582401.0
582402.0
582403.0
582485.0
582486.0
582487.0
582570.0
582571.0
582654.0
589298.0
589299.0
589300.0
589303.0
589304.0
589305.0
589306.0
589307.0
0.0
589381.0
589382.0
589383.0
589384.0
589386.0
589387.0
589388.0
589389.0
589390.0
589391.0
589463.0
589464.0
589465.0
589466.0
589467.0
589468.0
589469.0
589470.0
589471.0
589472.0
589473.0
589475.0
589547.0
589548.0
589549.0
589550.0
589551.0
589552.0
589554.0
589556.0
589557.0
589558.0
589559.0
589632.0
589633.0
589634.0
589636.0
589637.0
589638.0
589639.0
589641.0
589642.0
589643.0
0.0
589710.0
589711.0
589712.0
589713.0
589714.0
589716.0
589717.0
589718.0
589719.0
589721.0
589722.0
589723.0
589724.0
589725.0
589726.0
589727.0
589728.0
589793.0
589794.0
589795.0
589796.0
589797.0
589798.0
589800.0
589801.0
589802.0
589803.0
589804.0
589805.0
589806.0
589807.0
589808.0
589809.0
589811.0
589812.0
589813.0
589877.0
589878.0
589879.0
589880.0
589881.0
589882.0
589887.0
589888.0
589889.0
589890.0
589891.0
589892.0
589893.0
589894.0
589895.0
589896.0
589897.0
589962.0
589963.0
589964.0
589965.0
589966.0
589967.0
589968.0
589969.0
589970.0
589971.0
589972.0
589976.0
589978.0
589979.0
589980.0
589981.0
590045.0
590046.0
590047.0
590048.0
590049.0
590050.0
590051.0
590052.0
590053.0
590054.0
590055.0
590056.0
590058.0
590059.0
590060.0
590061.0
590062.0
590063.0
590064.0
0.0
0.0
590130.0
0.0
590132.0
590133.0
590134.0
590135.0
590136.0
590137.0
590138.0
590139.0
590140.0
590142.0
590143.0
590144.0
590145.0
590146.0
590147.0
590148.0
590149.0
0.0
590216.0
590217.0
590218.0
590219.0
590220.0
590222.0
590223.0
590224.0
590226.0
590227.0
590228.0
590229.0
590231.0
590232.0
590233.0
590297.0
590298.0
590300.0
590301.0
590302.0
590303.0
590306.0
590307.0
590308.0
590312.0
590313.0
0.0
590380.0
590381.0
590382.0
590389.0
590390.0
590391.0
590392.0
590393.0
590463.0
590464.0
590465.0
590466.0
590472.0
590473.0
590474.0
590475.0
590476.0
590477.0
590547.0
590548.0
590549.0
590550.0
590556.0
590557.0
590558.0
590559.0
590560.0
590631.0
590632.0
590633.0
590634.0
590635.0
590640.0
590641.0
590715.0
590716.0
590717.0
590718.0
590719.0
590800.0
590801.0
590802.0
590803.0
590883.0
590884.0
590885.0
590886.0
590966.0
590967.0
590968.0
590969.0
590970.0
591051.0
591052.0
591053.0
591137.0
591138.0
591220.0
591221.0
591222.0
591223.0
0.0
591305.0
591306.0
591307.0
591389.0
591390.0
591391.0
591474.0
591475.0
598292.0
598293.0
598369.0
598370.0
598372.0
598373.0
598374.0
598375.0
598376.0
598377.0
598378.0
598379.0
598453.0
598454.0
598457.0
598458.0
598459.0
598460.0
598461.0
598462.0
598463.0
598540.0
598541.0
598542.0
598543.0
598544.0
598545.0
598546.0
598547.0
598618.0
598619.0
598620.0
598621.0
598622.0
598623.0
598625.0
598626.0
598627.0
598628.0
598630.0
598631.0
598698.0
598699.0
598700.0
598701.0
598702.0
598704.0
598705.0
598706.0
598707.0
598708.0
598709.0
598710.0
598711.0
598712.0
598713.0
598714.0
598715.0
598716.0
598782.0
598783.0
598784.0
598785.0
598786.0
598787.0
598788.0
598789.0
598791.0
598792.0
598793.0
598794.0
598795.0
598796.0
598797.0
598798.0
598799.0
598800.0
598801.0
598866.0
598867.0
598868.0
598869.0
598870.0
598871.0
598872.0
598873.0
598875.0
598876.0
598878.0
598879.0
598880.0
598881.0
598882.0
598884.0
598949.0
0.0
598951.0
598952.0
598953.0
598954.0
598956.0
598957.0
598959.0
598960.0
598962.0
598963.0
598964.0
598965.0
598966.0
598967.0
598968.0
599032.0
599033.0
0.0
599035.0
599036.0
599037.0
599038.0
599039.0
599040.0
599041.0
599042.0
599043.0
599044.0
599046.0
599047.0
599048.0
599049.0
599051.0
599052.0
599053.0
599054.0
599116.0
599119.0
599120.0
599121.0
599122.0
599123.0
599124.0
599126.0
599127.0
599128.0
599130.0
599131.0
599132.0
599133.0
599135.0
599136.0
599137.0
599200.0
599201.0
599210.0
599211.0
599212.0
599213.0
599214.0
599217.0
599284.0
599285.0
599286.0
599292.0
599293.0
599294.0
599295.0
599296.0
599297.0
599298.0
599300.0
599301.0
599368.0
599369.0
599370.0
599375.0
599376.0
599377.0
599378.0
599379.0
599380.0
599381.0
599382.0
599384.0
599385.0
599452.0
599453.0
599459.0
599460.0
599461.0
599462.0
599463.0
599464.0
599536.0
599537.0
599544.0
599545.0
599546.0
599620.0
599621.0
599622.0
0.0
0.0
0.0
599789.0
600123.0
600124.0
600125.0
600208.0
600209.0
600293.0
600294.0
600377.0
600378.0
0.0
0.0
607363.0
607364.0
607445.0
607446.0
607447.0
607448.0
607450.0
607451.0
607524.0
607525.0
607526.0
607527.0
607530.0
607534.0
607535.0
607536.0
607608.0
607609.0
607610.0
607611.0
607612.0
607613.0
607614.0
607615.0
607616.0
607617.0
607618.0
607619.0
607690.0
607691.0
607692.0
607693.0
607694.0
607695.0
607696.0
607697.0
607698.0
607700.0
607701.0
607702.0
607703.0
607771.0
607772.0
607773.0
607774.0
607775.0
607776.0
607777.0
607778.0
607779.0
607780.0
607782.0
607783.0
607784.0
607785.0
607786.0
607787.0
607788.0
607852.0
0.0
0.0
607855.0
607856.0
607857.0
607858.0
607859.0
607860.0
607861.0
607863.0
607864.0
607866.0
607867.0
607868.0
607869.0
607871.0
607872.0
607936.0
607937.0
0.0
607939.0
607941.0
607942.0
607943.0
607944.0
607945.0
607946.0
607947.0
607948.0
607950.0
607951.0
607952.0
607953.0
607955.0
607956.0
607957.0
608020.0
608030.0
608031.0
608032.0
608036.0
608037.0
608040.0
608103.0
608104.0
608105.0
608111.0
608112.0
608113.0
608114.0
608115.0
608116.0
608117.0
608118.0
608119.0
608121.0
608187.0
608188.0
608189.0
608195.0
608196.0
608197.0
608198.0
608199.0
608200.0
608201.0
608202.0
608203.0
608205.0
608271.0
608272.0
608273.0
608279.0
608280.0
608281.0
608282.0
608283.0
608284.0
608285.0
608286.0
608287.0
608288.0
608289.0
608355.0
608356.0
608357.0
608363.0
608364.0
608365.0
608366.0
608367.0
608371.0
608372.0
608439.0
608440.0
608441.0
608448.0
608449.0
608450.0
608523.0
608524.0
608606.0
608607.0
608608.0
608691.0
609111.0
609112.0
609113.0
609196.0
609197.0
0.0
609281.0
609282.0
609365.0
0.0
616438.0
616439.0
616440.0
616514.0
616515.0
616517.0
616518.0
616520.0
616521.0
616522.0
616597.0
616598.0
616599.0
616600.0
616601.0
616602.0
616603.0
616604.0
616605.0
616606.0
616607.0
616608.0
616675.0
616678.0
616679.0
616681.0
616682.0
616683.0
616684.0
616685.0
616686.0
616687.0
616688.0
616689.0
616690.0
616691.0
0.0
616758.0
616759.0
616760.0
616761.0
616762.0
616763.0
616764.0
616765.0
616766.0
616767.0
616768.0
616770.0
616771.0
616772.0
616774.0
616775.0
616776.0
616840.0
616842.0
616843.0
616845.0
616846.0
616848.0
616849.0
616850.0
616851.0
616852.0
616854.0
616855.0
616856.0
616857.0
616859.0
616860.0
616924.0
616926.0
616929.0
616934.0
616935.0
616936.0
616937.0
616938.0
616939.0
616940.0
616941.0
617007.0
617008.0
617009.0
617015.0
617016.0
617018.0
617019.0
617020.0
617021.0
617022.0
617023.0
617024.0
617025.0
617091.0
617092.0
617099.0
617100.0
617104.0
617105.0
617106.0
617107.0
617109.0
617175.0
617176.0
617177.0
617183.0
617184.0
617185.0
617186.0
617187.0
617188.0
617189.0
617190.0
617191.0
617193.0
617259.0
617260.0
617261.0
617268.0
617269.0
617270.0
617271.0
617274.0
617275.0
617276.0
617343.0
617344.0
617353.0
617354.0
617355.0
617358.0
617359.0
618016.0
618100.0
618101.0
0.0
0.0
0.0
0.0
0.0
625505.0
625507.0
625508.0
625511.0
625586.0
625587.0
625588.0
625589.0
625591.0
625592.0
625594.0
625663.0
0.0
625665.0
625666.0
625667.0
625668.0
625669.0
625671.0
625672.0
625673.0
625674.0
625675.0
625746.0
625747.0
625748.0
625749.0
625750.0
625751.0
625752.0
625753.0
625754.0
625755.0
625756.0
625757.0
625758.0
625759.0
625760.0
625828.0
625830.0
625833.0
625834.0
625838.0
625839.0
625840.0
625841.0
625842.0
625843.0
625844.0
625845.0
625912.0
625914.0
625915.0
625916.0
625917.0
625918.0
625919.0
625920.0
625921.0
625922.0
625924.0
625925.0
625926.0
625927.0
625928.0
625995.0
625996.0
626000.0
626001.0
626002.0
626003.0
626004.0
626007.0
626008.0
626009.0
626010.0
626011.0
626079.0
626080.0
626084.0
626085.0
626086.0
626087.0
626088.0
626089.0
626090.0
626091.0
626092.0
626093.0
626095.0
626163.0
626164.0
626168.0
626172.0
626173.0
626174.0
626175.0
626178.0
626179.0
626253.0
626254.0
626257.0
626258.0
626259.0
626262.0
626263.0
626342.0
626343.0
626346.0
626347.0
0.0
634572.0
634573.0
634574.0
634575.0
634576.0
634577.0
634578.0
634653.0
634654.0
634655.0
634656.0
634657.0
634658.0
634659.0
634660.0
634661.0
634662.0
634663.0
634737.0
634738.0
634739.0
634740.0
634741.0
634742.0
634743.0
634744.0
634745.0
634746.0
634819.0
634820.0
634821.0
634822.0
634823.0
634824.0
634825.0
634826.0
634829.0
634830.0
634831.0
634832.0
634899.0
634900.0
634905.0
634906.0
634907.0
634908.0
634909.0
634911.0
634912.0
634913.0
634914.0
634915.0
634916.0
634983.0
634988.0
634990.0
634991.0
634992.0
634993.0
634994.0
634996.0
634997.0
634999.0
635074.0
635075.0
635076.0
635077.0
635078.0
635079.0
635080.0
635082.0
635083.0
635157.0
635158.0
635159.0
635161.0
635162.0
635163.0
635164.0
635166.0
635167.0
635241.0
635242.0
635246.0
635247.0
635248.0
635250.0
635251.0
635327.0
635328.0
635333.0
635334.0
635335.0
643642.0
643643.0
643644.0
643645.0
643646.0
643725.0
643726.0
643727.0
643728.0
643729.0
643734.0
643735.0
643809.0
643810.0
643811.0
643816.0
643817.0
643818.0
643819.0
643820.0
643894.0
643895.0
643896.0
643897.0
643900.0
643902.0
643903.0
643978.0
643979.0
643980.0
643981.0
643982.0
643983.0
643984.0
643986.0
643987.0
644061.0
644062.0
644063.0
644064.0
644065.0
644066.0
644067.0
644068.0
644070.0
644071.0
644146.0
644147.0
644148.0
644150.0
644151.0
644152.0
644153.0
644154.0
644155.0
644231.0
644232.0
644238.0
644239.0
652807.0
652883.0
652884.0
652885.0
652886.0
652888.0
652891.0
652966.0
652967.0
652968.0
652969.0
652970.0
652971.0
652972.0
652974.0
652975.0
653051.0
653052.0
653053.0
653055.0
653056.0
653057.0
653135.0
653136.0
653137.0
653141.0
653142.0
653143.0
653227.0
661789.0
661872.0
661873.0
661875.0
661877.0
661956.0
661959.0
661960.0
661961.0
661962.0
662040.0
662046.0
662047.0
662130.0
