0.0
0.0
0.0
0.0
0.0
0.0
0.0
0.0
0.0
0.0
0.0
0.0
0.0
0.0
0.0
0.0
0.0
0.0
0.0
0.0
0.0
0.0
0.0
0.0
0.0
0.0
0.0
0.0
0.0
0.0
0.0
0.0
0.0
0.0
0.0
0.0
0.0
0.0
0.0
0.0
0.0
0.0
0.0
0.0
0.0
0.0
0.0
0.0
0.0
0.0
0.0
0.0
0.0
0.0
0.0
0.0
0.0
0.0
0.0
0.0
0.0
0.0
0.0
0.0
0.0
0.0
0.0
0.0
0.0
0.0
0.0
0.0
0.0
0.0
0.0
0.0
0.0
0.0
0.0
0.0
0.0
0.0
0.0
0.0
0.0
0.0
0.0
0.0
0.0
0.0
0.0
0.0
0.0
0.0
0.0
0.0
0.0
0.0
0.0
0.0
0.0
0.0
0.0
0.0
0.0
0.0
0.0
0.0
0.0
0.0
0.0
0.0
0.0
0.0
0.0
0.0
0.0
0.0
0.0
0.0
0.0
0.0
0.0
0.0
0.0
0.0
0.0
0.0
0.0
0.0
0.0
0.0
0.0
0.0
0.0
0.0
0.0
0.0
0.0
0.0
0.0
0.0
0.0
0.0
0.0
0.0
0.0
0.0
0.0
0.0
0.0
0.0
0.0
0.0
0.0
0.0
0.0
0.0
0.0
0.0
0.0
0.0
0.0
0.0
0.0
0.0
0.0
0.0
0.0
0.0
0.0
0.0
0.0
0.0
0.0
0.0
0.0
0.0
0.0
0.0
0.0
0.0
0.0
0.0
0.0
0.0
0.0
0.0
0.0
0.0
0.0
0.0
0.0
0.0
0.0
0.0
0.0
0.0
0.0
0.0
0.0
0.0
0.0
0.0
0.0
0.0
0.0
0.0
0.0
0.0
0.0
0.0
0.0
0.0
0.0
0.0
0.0
0.0
0.0
0.0
0.0
0.0
0.0
0.0
0.0
0.0
0.0
0.0
0.0
0.0
0.0
0.0
0.0
0.0
0.0
0.0
0.0
0.0
0.0
0.0
0.0
0.0
0.0
0.0
0.0
0.0
0.0
0.0
0.0
0.0
0.0
0.0
0.0
0.0
0.0
0.0
0.0
0.0
0.0
0.0
0.0
0.0
0.0
0.0
0.0
0.0
0.0
0.0
0.0
0.0
0.0
0.0
0.0
0.0
0.0
0.0
0.0
0.0
0.0
0.0
0.0
0.0
0.0
0.0
0.0
0.0
0.0
0.0
0.0
0.0
0.0
0.0
0.0
0.0
0.0
0.0
0.0
0.0
0.0
0.0
0.0
0.0
0.0
0.0
0.0
0.0
0.0
0.0
0.0
0.0
0.0
0.0
0.0
0.0
0.0
0.0
0.0
0.0
0.0
0.0
0.0
0.0
0.0
0.0
0.0
0.0
0.0
0.0
0.0
0.0
0.0
0.0
0.0
0.0
0.0
0.0
0.0
0.0
0.0
0.0
0.0
0.0
0.0
0.0
0.0
0.0
0.0
0.0
0.0
0.0
0.0
0.0
0.0
0.0
0.0
0.0
0.0
0.0
0.0
0.0
0.0
0.0
0.0
0.0
0.0
0.0
0.0
0.0
0.0
0.0
0.0
0.0
0.0
0.0
0.0
0.0
0.0
0.0
0.0
0.0
0.0
0.0
0.0
0.0
0.0
0.0
0.0
0.0
0.0
0.0
0.0
0.0
0.0
0.0
0.0
0.0
0.0
0.0
113904.0
113905.0
113906.0
0.0
113982.0
0.0
0.0
0.0
0.0
0.0
0.0
0.0
0.0
0.0
0.0
0.0
0.0
0.0
0.0
0.0
0.0
0.0
0.0
0.0
0.0
0.0
0.0
0.0
0.0
0.0
0.0
0.0
0.0
0.0
0.0
0.0
0.0
0.0
0.0
0.0
0.0
0.0
0.0
0.0
0.0
0.0
0.0
0.0
0.0
0.0
0.0
0.0
0.0
0.0
114217.0
0.0
0.0
0.0
0.0
0.0
0.0
0.0
0.0
0.0
0.0
0.0
0.0
0.0
0.0
0.0
0.0
0.0
0.0
0.0
0.0
0.0
0.0
0.0
0.0
0.0
0.0
0.0
0.0
0.0
0.0
0.0
0.0
0.0
0.0
0.0
0.0
0.0
0.0
0.0
0.0
0.0
0.0
0.0
0.0
0.0
0.0
0.0
0.0
0.0
0.0
0.0
0.0
0.0
0.0
0.0
0.0
0.0
0.0
0.0
0.0
0.0
0.0
0.0
0.0
0.0
0.0
0.0
0.0
0.0
0.0
0.0
0.0
0.0
0.0
0.0
0.0
0.0
0.0
0.0
0.0
0.0
0.0
0.0
0.0
0.0
0.0
0.0
0.0
0.0
0.0
0.0
0.0
0.0
0.0
0.0
0.0
0.0
0.0
0.0
0.0
0.0
0.0
0.0
0.0
0.0
0.0
0.0
0.0
0.0
0.0
0.0
0.0
0.0
0.0
0.0
0.0
0.0
0.0
0.0
0.0
0.0
0.0
0.0
0.0
0.0
0.0
0.0
0.0
0.0
0.0
0.0
0.0
0.0
0.0
0.0
0.0
0.0
0.0
0.0
0.0
0.0
0.0
0.0
0.0
0.0
116087.0
116088.0
116165.0
116243.0
0.0
0.0
0.0
0.0
0.0
121860.0
121861.0
121862.0
0.0
0.0
0.0
0.0
0.0
0.0
0.0
0.0
121937.0
121938.0
121939.0
121940.0
0.0
0.0
0.0
0.0
0.0
0.0
0.0
0.0
0.0
0.0
122015.0
122016.0
0.0
0.0
0.0
0.0
0.0
0.0
0.0
0.0
0.0
0.0
0.0
0.0
0.0
0.0
0.0
122093.0
122094.0
0.0
0.0
0.0
0.0
0.0
0.0
0.0
0.0
0.0
0.0
0.0
0.0
122172.0
122173.0
122174.0
122175.0
0.0
0.0
0.0
0.0
0.0
0.0
0.0
0.0
0.0
0.0
0.0
0.0
0.0
122251.0
122252.0
122253.0
0.0
0.0
0.0
0.0
0.0
0.0
0.0
0.0
0.0
0.0
0.0
0.0
0.0
0.0
0.0
0.0
0.0
0.0
0.0
0.0
0.0
0.0
0.0
0.0
0.0
0.0
0.0
0.0
0.0
0.0
122403.0
0.0
0.0
0.0
0.0
0.0
0.0
0.0
0.0
0.0
0.0
0.0
0.0
0.0
0.0
0.0
0.0
122481.0
0.0
0.0
0.0
0.0
0.0
0.0
0.0
0.0
0.0
0.0
0.0
0.0
0.0
0.0
0.0
0.0
0.0
0.0
0.0
0.0
0.0
0.0
0.0
0.0
0.0
0.0
0.0
0.0
0.0
0.0
0.0
0.0
0.0
0.0
0.0
0.0
0.0
0.0
0.0
0.0
0.0
0.0
0.0
0.0
0.0
0.0
0.0
0.0
0.0
0.0
0.0
0.0
0.0
0.0
0.0
0.0
0.0
0.0
0.0
0.0
0.0
0.0
0.0
0.0
0.0
0.0
0.0
0.0
0.0
0.0
0.0
0.0
0.0
0.0
0.0
0.0
0.0
0.0
0.0
0.0
0.0
0.0
0.0
0.0
0.0
0.0
0.0
0.0
0.0
0.0
0.0
0.0
0.0
0.0
0.0
0.0
0.0
0.0
0.0
0.0
0.0
0.0
0.0
124121.0
124122.0
124199.0
124200.0
124276.0
124277.0
124432.0
124433.0
124510.0
124511.0
124587.0
124588.0
124589.0
124665.0
124666.0
124667.0
124743.0
124744.0
124745.0
124821.0
124822.0
0.0
0.0
0.0
0.0
0.0
0.0
0.0
129818.0
129819.0
0.0
0.0
0.0
0.0
0.0
0.0
0.0
0.0
0.0
0.0
0.0
0.0
0.0
129893.0
129894.0
129895.0
129896.0
0.0
0.0
0.0
0.0
0.0
0.0
0.0
0.0
0.0
0.0
0.0
0.0
0.0
0.0
129970.0
129971.0
129972.0
129973.0
0.0
0.0
0.0
0.0
0.0
0.0
0.0
0.0
0.0
0.0
0.0
0.0
0.0
0.0
130049.0
130050.0
0.0
0.0
0.0
0.0
0.0
0.0
0.0
0.0
0.0
0.0
0.0
0.0
0.0
0.0
0.0
130127.0
130128.0
130129.0
0.0
0.0
0.0
0.0
0.0
0.0
0.0
0.0
0.0
0.0
130206.0
130207.0
130208.0
130209.0
0.0
0.0
0.0
0.0
0.0
0.0
0.0
0.0
0.0
0.0
0.0
130285.0
130286.0
130287.0
0.0
0.0
0.0
0.0
0.0
0.0
0.0
0.0
0.0
0.0
0.0
0.0
0.0
0.0
0.0
0.0
0.0
0.0
0.0
0.0
0.0
0.0
0.0
0.0
0.0
130437.0
130438.0
0.0
0.0
0.0
0.0
0.0
0.0
0.0
0.0
0.0
0.0
0.0
0.0
0.0
130515.0
130516.0
0.0
0.0
0.0
0.0
0.0
0.0
0.0
0.0
0.0
0.0
0.0
0.0
0.0
0.0
130593.0
0.0
130595.0
130596.0
0.0
0.0
0.0
0.0
0.0
0.0
0.0
0.0
0.0
0.0
0.0
130671.0
0.0
130673.0
130674.0
0.0
0.0
0.0
0.0
0.0
0.0
0.0
0.0
0.0
0.0
130752.0
0.0
0.0
0.0
0.0
0.0
0.0
0.0
0.0
0.0
0.0
0.0
0.0
0.0
0.0
0.0
0.0
0.0
0.0
0.0
0.0
0.0
0.0
0.0
0.0
0.0
0.0
0.0
0.0
0.0
0.0
0.0
0.0
0.0
0.0
0.0
0.0
0.0
0.0
0.0
0.0
0.0
0.0
0.0
0.0
0.0
0.0
0.0
0.0
0.0
0.0
0.0
0.0
0.0
0.0
0.0
0.0
0.0
0.0
0.0
0.0
0.0
0.0
0.0
0.0
0.0
0.0
0.0
0.0
0.0
0.0
0.0
0.0
0.0
0.0
0.0
0.0
0.0
0.0
0.0
0.0
0.0
0.0
0.0
0.0
0.0
0.0
0.0
0.0
0.0
0.0
132077.0
132078.0
132155.0
132156.0
132232.0
132233.0
132234.0
132310.0
132311.0
132312.0
132388.0
132389.0
132390.0
132466.0
132467.0
132468.0
132543.0
132544.0
132545.0
132546.0
132621.0
132622.0
132623.0
132624.0
132698.0
132699.0
132700.0
132701.0
132776.0
132777.0
132778.0
132779.0
132853.0
132854.0
132855.0
132856.0
132857.0
132932.0
132933.0
132934.0
133010.0
133011.0
0.0
0.0
0.0
0.0
0.0
0.0
0.0
0.0
0.0
0.0
0.0
0.0
0.0
0.0
0.0
137772.0
137773.0
137774.0
0.0
0.0
0.0
0.0
0.0
0.0
0.0
0.0
0.0
0.0
0.0
0.0
0.0
137849.0
137850.0
137851.0
137852.0
0.0
0.0
0.0
0.0
0.0
0.0
0.0
0.0
0.0
0.0
0.0
0.0
0.0
0.0
137926.0
137927.0
137928.0
137929.0
137930.0
0.0
0.0
0.0
0.0
0.0
0.0
0.0
0.0
0.0
138004.0
138005.0
138006.0
0.0
0.0
0.0
0.0
0.0
0.0
0.0
0.0
0.0
0.0
0.0
138082.0
138083.0
138084.0
138085.0
0.0
0.0
0.0
0.0
0.0
0.0
0.0
0.0
0.0
0.0
0.0
0.0
0.0
0.0
0.0
138162.0
138163.0
138164.0
0.0
0.0
0.0
0.0
0.0
0.0
0.0
0.0
0.0
0.0
0.0
0.0
138241.0
138242.0
138243.0
0.0
0.0
0.0
0.0
0.0
0.0
0.0
138319.0
138320.0
138321.0
0.0
0.0
0.0
0.0
0.0
0.0
0.0
0.0
0.0
0.0
0.0
0.0
0.0
0.0
0.0
0.0
0.0
0.0
0.0
138470.0
138471.0
138472.0
0.0
0.0
0.0
0.0
0.0
0.0
0.0
0.0
0.0
0.0
0.0
0.0
138549.0
138550.0
0.0
0.0
0.0
0.0
0.0
0.0
0.0
0.0
138627.0
138628.0
138629.0
138630.0
0.0
0.0
0.0
0.0
0.0
0.0
0.0
0.0
0.0
0.0
0.0
138705.0
138706.0
138707.0
138708.0
0.0
0.0
0.0
0.0
0.0
0.0
0.0
0.0
0.0
138785.0
138786.0
0.0
0.0
0.0
0.0
0.0
0.0
0.0
0.0
0.0
0.0
138863.0
138864.0
0.0
0.0
0.0
0.0
0.0
0.0
0.0
0.0
0.0
0.0
0.0
0.0
0.0
0.0
0.0
0.0
0.0
0.0
0.0
0.0
0.0
0.0
0.0
0.0
0.0
0.0
0.0
0.0
0.0
0.0
0.0
0.0
0.0
0.0
0.0
0.0
0.0
0.0
0.0
0.0
0.0
0.0
0.0
0.0
0.0
0.0
0.0
0.0
0.0
0.0
0.0
0.0
0.0
0.0
0.0
0.0
0.0
0.0
0.0
0.0
0.0
0.0
0.0
0.0
0.0
0.0
0.0
0.0
0.0
0.0
0.0
0.0
0.0
0.0
0.0
0.0
0.0
0.0
0.0
0.0
0.0
0.0
0.0
0.0
0.0
0.0
0.0
140111.0
140189.0
140190.0
140267.0
140268.0
140345.0
140346.0
140422.0
140423.0
140424.0
140500.0
140501.0
140502.0
140577.0
140578.0
140579.0
140580.0
140657.0
0.0
0.0
140810.0
140811.0
0.0
0.0
140887.0
140888.0
140889.0
140890.0
140965.0
140966.0
140967.0
141042.0
141043.0
141044.0
141045.0
141121.0
141122.0
0.0
0.0
0.0
0.0
0.0
0.0
0.0
0.0
0.0
0.0
0.0
0.0
0.0
0.0
0.0
0.0
0.0
0.0
0.0
0.0
0.0
0.0
0.0
0.0
0.0
0.0
0.0
0.0
0.0
0.0
0.0
0.0
0.0
0.0
0.0
145807.0
0.0
0.0
0.0
0.0
0.0
0.0
0.0
0.0
0.0
0.0
145883.0
145884.0
145885.0
0.0
0.0
0.0
0.0
0.0
0.0
0.0
145961.0
145962.0
145963.0
0.0
0.0
0.0
0.0
0.0
0.0
0.0
0.0
0.0
146039.0
146040.0
146041.0
146042.0
0.0
0.0
0.0
0.0
0.0
0.0
0.0
0.0
0.0
0.0
0.0
146117.0
146118.0
146119.0
146120.0
0.0
0.0
0.0
0.0
0.0
0.0
0.0
0.0
0.0
0.0
0.0
0.0
0.0
0.0
146197.0
146198.0
0.0
0.0
0.0
0.0
0.0
0.0
0.0
0.0
0.0
0.0
0.0
0.0
0.0
146276.0
146277.0
0.0
0.0
0.0
0.0
0.0
0.0
0.0
0.0
0.0
146354.0
146355.0
0.0
0.0
0.0
0.0
0.0
0.0
0.0
0.0
146428.0
0.0
0.0
0.0
0.0
0.0
0.0
0.0
0.0
0.0
0.0
0.0
0.0
146504.0
146505.0
146506.0
0.0
0.0
0.0
0.0
0.0
0.0
0.0
0.0
0.0
0.0
0.0
0.0
146583.0
146584.0
0.0
0.0
0.0
0.0
0.0
0.0
0.0
0.0
146661.0
146662.0
146663.0
146664.0
146665.0
0.0
0.0
0.0
0.0
0.0
0.0
0.0
0.0
0.0
0.0
146739.0
146740.0
146741.0
146742.0
146743.0
0.0
0.0
0.0
0.0
0.0
0.0
0.0
0.0
0.0
146820.0
146821.0
0.0
0.0
0.0
0.0
0.0
0.0
0.0
0.0
0.0
0.0
146898.0
146899.0
0.0
0.0
0.0
0.0
0.0
0.0
0.0
0.0
0.0
0.0
146976.0
0.0
0.0
0.0
0.0
0.0
0.0
0.0
147055.0
0.0
0.0
0.0
0.0
0.0
0.0
0.0
0.0
0.0
0.0
0.0
0.0
0.0
0.0
0.0
0.0
0.0
0.0
0.0
0.0
0.0
0.0
0.0
0.0
0.0
0.0
0.0
0.0
0.0
0.0
0.0
0.0
0.0
0.0
0.0
0.0
0.0
0.0
0.0
0.0
0.0
0.0
0.0
0.0
0.0
0.0
0.0
0.0
147680.0
0.0
0.0
0.0
0.0
0.0
147832.0
0.0
0.0
0.0
0.0
0.0
0.0
0.0
0.0
148224.0
0.0
148301.0
148302.0
148378.0
148379.0
148380.0
148456.0
148457.0
148458.0
148535.0
0.0
0.0
0.0
0.0
0.0
0.0
148921.0
0.0
0.0
0.0
0.0
0.0
0.0
149000.0
149001.0
0.0
149077.0
149078.0
149079.0
149154.0
149155.0
149156.0
149233.0
0.0
0.0
0.0
0.0
0.0
0.0
0.0
0.0
0.0
0.0
0.0
0.0
0.0
0.0
0.0
0.0
0.0
0.0
0.0
0.0
0.0
0.0
0.0
0.0
0.0
0.0
0.0
0.0
0.0
0.0
0.0
0.0
0.0
0.0
0.0
0.0
0.0
0.0
0.0
0.0
0.0
0.0
0.0
0.0
0.0
0.0
0.0
153996.0
153997.0
153998.0
0.0
0.0
0.0
0.0
0.0
0.0
0.0
154073.0
154074.0
154075.0
154076.0
0.0
0.0
0.0
0.0
0.0
0.0
0.0
0.0
0.0
0.0
0.0
0.0
154154.0
154155.0
0.0
0.0
0.0
0.0
0.0
0.0
0.0
0.0
0.0
0.0
0.0
0.0
0.0
0.0
154231.0
154232.0
154233.0
0.0
0.0
0.0
0.0
0.0
0.0
0.0
0.0
0.0
0.0
0.0
154309.0
154310.0
154311.0
0.0
0.0
0.0
0.0
154384.0
154385.0
154387.0
154388.0
154389.0
0.0
0.0
0.0
0.0
0.0
0.0
154461.0
154462.0
154463.0
0.0
0.0
0.0
0.0
0.0
0.0
0.0
0.0
0.0
0.0
154540.0
154541.0
0.0
0.0
0.0
0.0
0.0
0.0
0.0
0.0
0.0
0.0
0.0
0.0
154617.0
154618.0
0.0
0.0
0.0
0.0
0.0
0.0
0.0
154695.0
154696.0
154697.0
154698.0
154699.0
0.0
0.0
0.0
0.0
0.0
0.0
0.0
0.0
0.0
154774.0
154775.0
154776.0
154777.0
0.0
0.0
0.0
0.0
0.0
0.0
0.0
0.0
0.0
0.0
154853.0
154854.0
154855.0
0.0
0.0
0.0
0.0
0.0
0.0
0.0
0.0
0.0
0.0
154932.0
154933.0
154934.0
0.0
0.0
0.0
0.0
0.0
0.0
0.0
155009.0
155010.0
155011.0
155012.0
0.0
0.0
155087.0
155088.0
155089.0
155090.0
0.0
0.0
0.0
155165.0
155166.0
155167.0
0.0
0.0
0.0
0.0
155243.0
155244.0
0.0
0.0
0.0
0.0
0.0
155322.0
0.0
0.0
0.0
0.0
0.0
0.0
0.0
0.0
0.0
0.0
0.0
0.0
0.0
0.0
0.0
155554.0
155555.0
0.0
0.0
0.0
0.0
0.0
0.0
155635.0
155636.0
0.0
155710.0
155711.0
155713.0
155714.0
0.0
155788.0
155789.0
155790.0
155865.0
155866.0
155867.0
155868.0
155943.0
155944.0
155945.0
155946.0
156021.0
156022.0
156023.0
156024.0
156099.0
156100.0
0.0
0.0
0.0
0.0
0.0
0.0
0.0
0.0
0.0
0.0
0.0
0.0
0.0
156334.0
156335.0
156411.0
156413.0
0.0
0.0
0.0
0.0
0.0
0.0
0.0
0.0
0.0
0.0
0.0
0.0
0.0
0.0
156877.0
156878.0
156879.0
0.0
0.0
0.0
0.0
0.0
156956.0
156957.0
0.0
0.0
0.0
0.0
0.0
0.0
157035.0
157036.0
0.0
0.0
0.0
0.0
0.0
0.0
0.0
0.0
0.0
0.0
157266.0
157267.0
0.0
0.0
0.0
0.0
0.0
0.0
0.0
0.0
0.0
0.0
0.0
0.0
0.0
0.0
0.0
0.0
0.0
0.0
0.0
0.0
0.0
0.0
0.0
0.0
0.0
0.0
0.0
0.0
0.0
0.0
0.0
0.0
0.0
0.0
0.0
0.0
0.0
0.0
0.0
0.0
0.0
0.0
0.0
0.0
0.0
0.0
0.0
0.0
0.0
0.0
0.0
0.0
0.0
0.0
0.0
0.0
0.0
0.0
0.0
0.0
0.0
0.0
0.0
0.0
0.0
0.0
0.0
0.0
0.0
0.0
0.0
0.0
0.0
0.0
0.0
0.0
0.0
0.0
0.0
0.0
0.0
0.0
0.0
162030.0
162031.0
162032.0
0.0
0.0
0.0
0.0
0.0
0.0
0.0
162106.0
162108.0
162109.0
162110.0
162111.0
0.0
0.0
0.0
0.0
0.0
0.0
0.0
0.0
0.0
0.0
162184.0
162185.0
162186.0
162187.0
162188.0
162189.0
0.0
0.0
0.0
0.0
0.0
0.0
0.0
0.0
0.0
0.0
162264.0
162265.0
162266.0
162267.0
0.0
0.0
0.0
0.0
0.0
0.0
0.0
0.0
0.0
162343.0
162344.0
162345.0
0.0
0.0
0.0
0.0
0.0
162418.0
162419.0
162420.0
162421.0
162422.0
162423.0
0.0
0.0
0.0
0.0
0.0
0.0
162495.0
162496.0
162497.0
162498.0
0.0
0.0
0.0
0.0
0.0
0.0
162574.0
162575.0
0.0
0.0
0.0
0.0
0.0
0.0
0.0
0.0
162651.0
162652.0
162653.0
0.0
0.0
0.0
0.0
0.0
0.0
0.0
162729.0
162730.0
162731.0
162732.0
162733.0
0.0
0.0
0.0
0.0
0.0
162808.0
162809.0
162810.0
162811.0
162812.0
0.0
0.0
0.0
0.0
0.0
0.0
0.0
0.0
0.0
0.0
162887.0
162888.0
162889.0
162890.0
0.0
0.0
0.0
0.0
0.0
162965.0
162966.0
162967.0
162968.0
162969.0
0.0
0.0
0.0
163043.0
163044.0
163045.0
163046.0
0.0
163121.0
163122.0
163123.0
0.0
0.0
163199.0
163200.0
163201.0
0.0
0.0
0.0
0.0
163277.0
163278.0
0.0
0.0
0.0
0.0
0.0
163355.0
163356.0
0.0
0.0
0.0
0.0
0.0
0.0
0.0
0.0
163510.0
163511.0
0.0
0.0
0.0
0.0
163589.0
163590.0
0.0
0.0
163593.0
163666.0
163667.0
163668.0
163669.0
163670.0
163671.0
163744.0
163745.0
163746.0
163747.0
163748.0
163822.0
163823.0
163824.0
0.0
163900.0
163901.0
163902.0
0.0
0.0
163977.0
163978.0
163979.0
163980.0
0.0
0.0
164055.0
164056.0
164057.0
164058.0
0.0
0.0
0.0
164133.0
164134.0
164135.0
164136.0
0.0
0.0
0.0
0.0
0.0
0.0
0.0
0.0
0.0
0.0
0.0
0.0
0.0
0.0
0.0
0.0
0.0
0.0
0.0
0.0
0.0
0.0
0.0
0.0
0.0
0.0
164833.0
0.0
0.0
0.0
0.0
0.0
164911.0
164912.0
164913.0
0.0
0.0
0.0
0.0
164990.0
164991.0
164992.0
0.0
0.0
0.0
0.0
0.0
0.0
0.0
165068.0
165069.0
165070.0
165071.0
0.0
0.0
0.0
0.0
0.0
0.0
0.0
0.0
0.0
0.0
0.0
0.0
0.0
0.0
0.0
0.0
0.0
0.0
0.0
0.0
0.0
0.0
0.0
0.0
0.0
0.0
0.0
0.0
0.0
0.0
0.0
0.0
0.0
0.0
0.0
0.0
0.0
0.0
0.0
0.0
0.0
0.0
0.0
0.0
0.0
0.0
0.0
0.0
0.0
0.0
0.0
0.0
0.0
0.0
0.0
0.0
0.0
0.0
0.0
0.0
0.0
0.0
0.0
0.0
0.0
0.0
0.0
0.0
0.0
0.0
0.0
0.0
0.0
0.0
0.0
0.0
0.0
0.0
0.0
0.0
0.0
0.0
0.0
0.0
0.0
0.0
0.0
0.0
0.0
0.0
0.0
0.0
0.0
0.0
0.0
0.0
0.0
0.0
0.0
0.0
0.0
169987.0
169988.0
0.0
0.0
0.0
0.0
0.0
0.0
0.0
170060.0
170061.0
170062.0
0.0
170064.0
170065.0
170066.0
170067.0
0.0
0.0
0.0
0.0
0.0
170138.0
0.0
170140.0
170141.0
170142.0
170143.0
170144.0
170145.0
0.0
0.0
0.0
0.0
0.0
0.0
0.0
170218.0
170219.0
170220.0
170221.0
170222.0
170223.0
0.0
0.0
0.0
0.0
0.0
0.0
0.0
0.0
170300.0
170301.0
0.0
0.0
0.0
0.0
0.0
0.0
0.0
170375.0
170378.0
170379.0
0.0
0.0
0.0
0.0
0.0
170452.0
170453.0
170454.0
170456.0
0.0
0.0
0.0
0.0
0.0
170530.0
170531.0
170532.0
170533.0
0.0
0.0
0.0
0.0
170608.0
170609.0
170610.0
0.0
0.0
0.0
170686.0
170687.0
0.0
0.0
0.0
170764.0
170765.0
0.0
0.0
0.0
0.0
170842.0
170843.0
170844.0
170845.0
170846.0
0.0
0.0
0.0
170920.0
170921.0
170922.0
170923.0
170924.0
0.0
170999.0
171000.0
171001.0
171002.0
171003.0
171077.0
171078.0
171079.0
171080.0
0.0
171155.0
171157.0
0.0
0.0
171233.0
0.0
0.0
0.0
171311.0
171312.0
0.0
0.0
0.0
171389.0
171390.0
0.0
0.0
0.0
171467.0
171468.0
0.0
0.0
171545.0
171546.0
0.0
0.0
0.0
171622.0
171623.0
171624.0
171625.0
171626.0
171627.0
171700.0
171701.0
171702.0
171703.0
171704.0
0.0
171778.0
171779.0
171780.0
171781.0
171782.0
0.0
0.0
0.0
171856.0
171857.0
171858.0
171859.0
0.0
0.0
0.0
0.0
171935.0
171936.0
0.0
0.0
0.0
172013.0
172014.0
0.0
0.0
0.0
172089.0
172090.0
172091.0
172092.0
0.0
0.0
0.0
172170.0
0.0
0.0
0.0
0.0
0.0
0.0
0.0
0.0
0.0
0.0
0.0
0.0
0.0
0.0
0.0
0.0
0.0
0.0
0.0
0.0
172945.0
172946.0
0.0
0.0
0.0
0.0
173023.0
173024.0
173025.0
173026.0
0.0
0.0
0.0
0.0
0.0
173102.0
173103.0
173104.0
0.0
0.0
0.0
0.0
0.0
0.0
0.0
0.0
0.0
0.0
0.0
0.0
0.0
0.0
0.0
0.0
0.0
0.0
0.0
0.0
0.0
0.0
0.0
0.0
0.0
0.0
0.0
0.0
0.0
0.0
0.0
0.0
0.0
0.0
0.0
0.0
0.0
0.0
0.0
0.0
0.0
0.0
0.0
0.0
0.0
0.0
0.0
0.0
0.0
0.0
0.0
0.0
0.0
0.0
0.0
0.0
0.0
0.0
0.0
0.0
0.0
0.0
0.0
0.0
0.0
0.0
0.0
0.0
0.0
0.0
0.0
0.0
0.0
0.0
0.0
0.0
0.0
0.0
0.0
0.0
0.0
0.0
0.0
0.0
0.0
0.0
0.0
0.0
0.0
0.0
0.0
0.0
0.0
0.0
0.0
178017.0
0.0
0.0
0.0
178021.0
0.0
0.0
0.0
0.0
0.0
0.0
178094.0
178095.0
178096.0
178097.0
0.0
178099.0
178100.0
178101.0
0.0
0.0
0.0
0.0
178172.0
178173.0
178174.0
178175.0
178176.0
178177.0
178178.0
178179.0
178250.0
178251.0
178253.0
178254.0
0.0
0.0
0.0
0.0
0.0
178409.0
178410.0
0.0
0.0
178486.0
178487.0
178488.0
0.0
0.0
0.0
178563.0
178564.0
178565.0
178566.0
0.0
0.0
0.0
0.0
0.0
178642.0
178643.0
178644.0
0.0
0.0
0.0
178720.0
178721.0
0.0
0.0
0.0
178798.0
178799.0
0.0
0.0
0.0
178876.0
178877.0
0.0
0.0
178954.0
178955.0
178956.0
179033.0
179034.0
179111.0
179112.0
179189.0
179190.0
179267.0
179268.0
179345.0
179346.0
179423.0
179424.0
179425.0
179501.0
179502.0
179503.0
179504.0
0.0
179579.0
179580.0
179581.0
179582.0
0.0
0.0
0.0
179657.0
179658.0
179659.0
179660.0
0.0
0.0
0.0
179735.0
179736.0
179737.0
179738.0
0.0
0.0
0.0
0.0
179813.0
179814.0
179815.0
179816.0
0.0
0.0
0.0
0.0
0.0
179890.0
179891.0
179892.0
179893.0
0.0
0.0
0.0
0.0
179968.0
179969.0
0.0
0.0
0.0
180046.0
180047.0
0.0
0.0
0.0
180124.0
180125.0
0.0
0.0
0.0
0.0
0.0
0.0
0.0
0.0
0.0
0.0
0.0
0.0
0.0
0.0
180979.0
180980.0
181057.0
181058.0
181059.0
0.0
0.0
181135.0
181136.0
181137.0
181138.0
0.0
0.0
0.0
0.0
0.0
181215.0
181216.0
0.0
0.0
0.0
0.0
0.0
0.0
181293.0
181294.0
0.0
0.0
0.0
0.0
0.0
0.0
0.0
0.0
0.0
0.0
0.0
0.0
0.0
0.0
0.0
0.0
0.0
0.0
0.0
0.0
0.0
0.0
0.0
0.0
0.0
0.0
0.0
0.0
0.0
0.0
0.0
0.0
0.0
0.0
0.0
0.0
0.0
0.0
0.0
0.0
0.0
0.0
0.0
0.0
0.0
0.0
0.0
0.0
0.0
0.0
0.0
0.0
0.0
0.0
0.0
0.0
0.0
0.0
0.0
0.0
0.0
0.0
0.0
0.0
0.0
0.0
0.0
0.0
0.0
0.0
0.0
0.0
0.0
0.0
0.0
0.0
0.0
0.0
0.0
0.0
0.0
0.0
0.0
0.0
0.0
0.0
0.0
0.0
0.0
0.0
0.0
0.0
0.0
0.0
0.0
0.0
0.0
0.0
0.0
0.0
0.0
0.0
0.0
0.0
0.0
0.0
0.0
0.0
0.0
0.0
0.0
0.0
0.0
0.0
0.0
186051.0
186052.0
0.0
0.0
186055.0
0.0
0.0
0.0
0.0
0.0
0.0
0.0
0.0
0.0
0.0
0.0
186128.0
186129.0
186130.0
186131.0
186132.0
186133.0
186134.0
0.0
0.0
0.0
0.0
0.0
0.0
0.0
0.0
0.0
186206.0
186207.0
186209.0
186210.0
186211.0
186212.0
0.0
0.0
186284.0
186285.0
0.0
0.0
186441.0
186442.0
186443.0
186444.0
0.0
0.0
186519.0
186520.0
186521.0
186522.0
0.0
0.0
0.0
186597.0
186598.0
186599.0
186600.0
0.0
0.0
0.0
0.0
186677.0
186678.0
0.0
0.0
186754.0
186755.0
0.0
0.0
0.0
186832.0
186833.0
0.0
0.0
186910.0
186911.0
186912.0
186913.0
186989.0
186990.0
186991.0
187067.0
187068.0
187069.0
187146.0
187147.0
187223.0
187224.0
187225.0
187301.0
187302.0
187379.0
187380.0
0.0
0.0
187457.0
187458.0
0.0
0.0
0.0
187535.0
187536.0
0.0
0.0
0.0
0.0
187613.0
187614.0
187615.0
0.0
0.0
0.0
0.0
187692.0
187693.0
0.0
0.0
0.0
0.0
0.0
187770.0
187771.0
0.0
0.0
0.0
0.0
0.0
187847.0
187848.0
187849.0
0.0
0.0
0.0
0.0
187924.0
187925.0
187926.0
0.0
0.0
0.0
0.0
188002.0
188003.0
0.0
0.0
0.0
188080.0
188081.0
0.0
188158.0
188159.0
0.0
0.0
0.0
0.0
0.0
0.0
0.0
0.0
188935.0
189012.0
189013.0
189091.0
189092.0
189093.0
189169.0
189170.0
189171.0
189172.0
0.0
189247.0
189248.0
189249.0
189250.0
0.0
0.0
0.0
0.0
0.0
189327.0
189328.0
0.0
0.0
0.0
0.0
0.0
0.0
0.0
0.0
0.0
0.0
0.0
0.0
0.0
0.0
0.0
0.0
0.0
0.0
0.0
0.0
0.0
0.0
0.0
0.0
0.0
0.0
0.0
0.0
0.0
0.0
0.0
0.0
0.0
0.0
0.0
0.0
0.0
0.0
0.0
0.0
0.0
0.0
0.0
0.0
0.0
0.0
0.0
0.0
0.0
0.0
0.0
0.0
0.0
0.0
0.0
0.0
0.0
0.0
0.0
0.0
0.0
0.0
0.0
0.0
0.0
0.0
0.0
0.0
0.0
0.0
0.0
0.0
0.0
0.0
0.0
0.0
0.0
0.0
0.0
0.0
0.0
0.0
0.0
0.0
0.0
0.0
0.0
0.0
0.0
0.0
0.0
0.0
0.0
0.0
0.0
0.0
0.0
0.0
0.0
0.0
0.0
0.0
0.0
0.0
0.0
0.0
0.0
0.0
0.0
0.0
0.0
0.0
0.0
194085.0
194086.0
194087.0
0.0
0.0
0.0
0.0
0.0
0.0
0.0
0.0
0.0
0.0
0.0
0.0
0.0
194162.0
194163.0
194164.0
0.0
0.0
194167.0
194168.0
0.0
0.0
0.0
0.0
0.0
0.0
0.0
0.0
0.0
0.0
194240.0
194241.0
0.0
0.0
0.0
194246.0
0.0
0.0
0.0
0.0
194318.0
194319.0
194320.0
0.0
0.0
0.0
0.0
194397.0
0.0
194478.0
0.0
0.0
0.0
194554.0
194555.0
194556.0
0.0
0.0
0.0
194632.0
194633.0
194634.0
194711.0
194712.0
194714.0
194788.0
194789.0
194790.0
194866.0
194867.0
194868.0
194945.0
194946.0
195024.0
195025.0
195102.0
195103.0
195180.0
195181.0
195257.0
195258.0
195259.0
195335.0
195336.0
195337.0
0.0
0.0
0.0
0.0
195413.0
195414.0
195415.0
0.0
0.0
0.0
0.0
195491.0
195492.0
195493.0
0.0
0.0
0.0
0.0
195569.0
195570.0
0.0
0.0
0.0
0.0
0.0
195647.0
195648.0
0.0
0.0
0.0
0.0
0.0
195725.0
195726.0
195727.0
0.0
0.0
0.0
0.0
0.0
195804.0
195805.0
0.0
0.0
0.0
0.0
0.0
195881.0
195882.0
195883.0
0.0
0.0
0.0
0.0
195959.0
195960.0
0.0
0.0
0.0
196037.0
196038.0
0.0
196114.0
196115.0
0.0
196192.0
196193.0
0.0
0.0
0.0
0.0
0.0
0.0
0.0
0.0
0.0
0.0
196969.0
197047.0
197049.0
197124.0
197125.0
197126.0
197127.0
197203.0
197204.0
197205.0
0.0
197282.0
197283.0
0.0
0.0
0.0
0.0
0.0
0.0
0.0
0.0
0.0
0.0
0.0
0.0
0.0
0.0
0.0
0.0
0.0
0.0
0.0
0.0
0.0
0.0
0.0
0.0
0.0
0.0
0.0
0.0
0.0
0.0
0.0
0.0
0.0
0.0
0.0
0.0
0.0
0.0
0.0
0.0
0.0
0.0
0.0
0.0
0.0
0.0
0.0
0.0
0.0
0.0
0.0
0.0
0.0
0.0
0.0
0.0
0.0
0.0
0.0
0.0
0.0
0.0
0.0
0.0
0.0
0.0
0.0
0.0
0.0
0.0
0.0
0.0
0.0
0.0
0.0
0.0
0.0
0.0
0.0
0.0
0.0
0.0
0.0
0.0
0.0
0.0
0.0
0.0
0.0
0.0
0.0
0.0
0.0
0.0
0.0
0.0
0.0
0.0
0.0
0.0
0.0
0.0
0.0
0.0
0.0
0.0
0.0
0.0
0.0
202197.0
202198.0
0.0
0.0
0.0
0.0
0.0
0.0
0.0
0.0
0.0
0.0
0.0
0.0
0.0
202275.0
202276.0
0.0
0.0
0.0
0.0
0.0
0.0
202353.0
202354.0
0.0
0.0
0.0
202431.0
0.0
0.0
0.0
0.0
0.0
0.0
0.0
202745.0
0.0
202823.0
202824.0
202901.0
202902.0
202979.0
202980.0
203057.0
203058.0
203136.0
0.0
0.0
0.0
203370.0
203371.0
0.0
0.0
0.0
203448.0
203449.0
0.0
0.0
0.0
203526.0
203527.0
0.0
0.0
0.0
0.0
203604.0
203605.0
0.0
0.0
0.0
0.0
0.0
203682.0
203683.0
0.0
0.0
0.0
0.0
0.0
203760.0
0.0
0.0
0.0
0.0
203838.0
203839.0
0.0
0.0
0.0
0.0
203915.0
203916.0
203917.0
0.0
0.0
203993.0
203994.0
204071.0
204072.0
0.0
204149.0
0.0
0.0
0.0
204226.0
204227.0
0.0
0.0
0.0
0.0
0.0
0.0
0.0
0.0
0.0
0.0
0.0
0.0
205080.0
205081.0
205159.0
0.0
0.0
0.0
0.0
0.0
0.0
0.0
0.0
0.0
0.0
0.0
0.0
0.0
0.0
0.0
0.0
0.0
0.0
0.0
0.0
0.0
0.0
0.0
0.0
0.0
0.0
0.0
0.0
0.0
0.0
0.0
0.0
0.0
0.0
0.0
0.0
0.0
0.0
0.0
0.0
0.0
0.0
0.0
0.0
0.0
0.0
0.0
0.0
0.0
0.0
0.0
0.0
0.0
0.0
0.0
0.0
0.0
0.0
0.0
0.0
0.0
0.0
0.0
0.0
0.0
0.0
0.0
0.0
0.0
0.0
0.0
0.0
0.0
0.0
0.0
0.0
0.0
0.0
0.0
0.0
0.0
0.0
0.0
0.0
0.0
0.0
0.0
0.0
0.0
0.0
0.0
0.0
0.0
0.0
0.0
0.0
0.0
0.0
0.0
0.0
0.0
210779.0
210857.0
210858.0
210859.0
210935.0
210936.0
210937.0
211013.0
211014.0
0.0
211091.0
0.0
0.0
0.0
211326.0
211327.0
0.0
0.0
0.0
211404.0
211405.0
0.0
0.0
0.0
0.0
211482.0
211483.0
0.0
0.0
0.0
0.0
211560.0
211561.0
0.0
0.0
0.0
0.0
211638.0
211639.0
0.0
0.0
0.0
0.0
0.0
211716.0
0.0
0.0
0.0
0.0
0.0
211794.0
0.0
0.0
0.0
0.0
0.0
211872.0
0.0
0.0
211950.0
211951.0
0.0
0.0
212028.0
212105.0
212106.0
0.0
212184.0
0.0
212261.0
212262.0
0.0
0.0
0.0
0.0
0.0
0.0
0.0
0.0
0.0
0.0
0.0
0.0
0.0
0.0
0.0
0.0
0.0
0.0
0.0
0.0
0.0
0.0
0.0
0.0
0.0
0.0
0.0
0.0
0.0
0.0
0.0
0.0
0.0
0.0
0.0
0.0
0.0
0.0
0.0
0.0
0.0
0.0
0.0
0.0
0.0
0.0
0.0
0.0
0.0
0.0
0.0
0.0
0.0
0.0
0.0
0.0
0.0
0.0
0.0
0.0
0.0
0.0
0.0
0.0
0.0
0.0
0.0
0.0
0.0
0.0
0.0
0.0
0.0
0.0
0.0
0.0
0.0
0.0
0.0
0.0
0.0
0.0
0.0
0.0
0.0
0.0
0.0
0.0
0.0
218814.0
0.0
218891.0
218892.0
218893.0
218969.0
218970.0
218971.0
219047.0
219048.0
219049.0
0.0
0.0
0.0
0.0
0.0
0.0
0.0
0.0
0.0
0.0
0.0
219360.0
219361.0
0.0
0.0
0.0
0.0
0.0
0.0
219438.0
219439.0
0.0
0.0
0.0
0.0
0.0
0.0
219516.0
219517.0
0.0
0.0
0.0
0.0
0.0
219594.0
219595.0
0.0
0.0
0.0
0.0
0.0
0.0
0.0
219750.0
219751.0
0.0
0.0
0.0
0.0
219828.0
219829.0
0.0
0.0
0.0
0.0
219906.0
219907.0
0.0
0.0
0.0
0.0
219984.0
219985.0
0.0
0.0
0.0
0.0
220062.0
0.0
0.0
220140.0
220218.0
0.0
0.0
0.0
220374.0
0.0
0.0
0.0
0.0
0.0
0.0
0.0
0.0
0.0
0.0
0.0
0.0
0.0
0.0
0.0
0.0
0.0
0.0
0.0
0.0
0.0
0.0
0.0
0.0
0.0
0.0
0.0
0.0
0.0
0.0
0.0
0.0
0.0
0.0
0.0
0.0
0.0
0.0
0.0
0.0
0.0
0.0
0.0
0.0
0.0
0.0
0.0
0.0
0.0
0.0
0.0
0.0
0.0
0.0
0.0
0.0
0.0
0.0
0.0
0.0
0.0
227005.0
0.0
0.0
0.0
227083.0
0.0
0.0
0.0
0.0
0.0
0.0
0.0
0.0
0.0
0.0
0.0
0.0
0.0
0.0
0.0
0.0
0.0
0.0
0.0
227316.0
0.0
0.0
0.0
0.0
0.0
0.0
0.0
0.0
0.0
227395.0
0.0
0.0
0.0
0.0
0.0
0.0
0.0
0.0
227473.0
0.0
0.0
0.0
0.0
0.0
0.0
0.0
0.0
227551.0
0.0
0.0
0.0
0.0
0.0
0.0
227629.0
0.0
0.0
0.0
0.0
0.0
0.0
0.0
0.0
0.0
0.0
0.0
0.0
227863.0
0.0
0.0
0.0
0.0
227940.0
227941.0
0.0
0.0
0.0
228018.0
228019.0
0.0
0.0
0.0
228096.0
228097.0
0.0
0.0
228174.0
0.0
0.0
228252.0
0.0
0.0
0.0
0.0
0.0
0.0
0.0
0.0
0.0
0.0
0.0
0.0
0.0
0.0
0.0
0.0
0.0
0.0
0.0
0.0
0.0
0.0
0.0
0.0
0.0
0.0
0.0
0.0
0.0
0.0
0.0
0.0
0.0
0.0
0.0
0.0
0.0
0.0
0.0
0.0
0.0
0.0
0.0
0.0
0.0
0.0
0.0
0.0
0.0
0.0
0.0
0.0
0.0
0.0
0.0
0.0
0.0
0.0
0.0
0.0
0.0
0.0
0.0
0.0
0.0
0.0
0.0
0.0
0.0
0.0
0.0
0.0
0.0
0.0
0.0
0.0
0.0
0.0
0.0
0.0
0.0
0.0
0.0
0.0
0.0
0.0
0.0
0.0
0.0
0.0
0.0
0.0
0.0
0.0
0.0
235585.0
0.0
0.0
0.0
0.0
0.0
0.0
0.0
235663.0
0.0
0.0
0.0
0.0
0.0
0.0
0.0
0.0
0.0
235742.0
0.0
0.0
0.0
0.0
0.0
0.0
0.0
0.0
0.0
0.0
0.0
235897.0
0.0
0.0
235975.0
0.0
0.0
236053.0
0.0
0.0
0.0
0.0
0.0
0.0
0.0
0.0
0.0
0.0
0.0
0.0
0.0
0.0
0.0
0.0
0.0
0.0
0.0
0.0
0.0
0.0
0.0
0.0
0.0
0.0
0.0
0.0
0.0
0.0
0.0
0.0
0.0
0.0
0.0
0.0
0.0
0.0
0.0
0.0
0.0
0.0
0.0
0.0
0.0
0.0
0.0
0.0
0.0
0.0
0.0
0.0
0.0
0.0
0.0
0.0
0.0
0.0
0.0
0.0
0.0
0.0
0.0
0.0
0.0
0.0
0.0
0.0
0.0
0.0
0.0
0.0
0.0
0.0
0.0
0.0
0.0
0.0
0.0
0.0
0.0
0.0
0.0
0.0
0.0
0.0
0.0
0.0
0.0
243776.0
0.0
0.0
0.0
0.0
0.0
243854.0
0.0
0.0
0.0
0.0
0.0
243931.0
0.0
0.0
0.0
244009.0
244010.0
0.0
0.0
0.0
0.0
0.0
0.0
0.0
0.0
0.0
0.0
0.0
0.0
0.0
0.0
0.0
0.0
0.0
0.0
0.0
0.0
0.0
0.0
0.0
0.0
0.0
0.0
0.0
0.0
0.0
0.0
0.0
0.0
0.0
0.0
0.0
0.0
0.0
0.0
0.0
0.0
0.0
0.0
0.0
0.0
0.0
0.0
0.0
0.0
0.0
0.0
0.0
0.0
0.0
0.0
0.0
0.0
0.0
0.0
0.0
0.0
0.0
0.0
0.0
0.0
0.0
0.0
0.0
0.0
0.0
0.0
0.0
0.0
0.0
0.0
0.0
0.0
0.0
0.0
0.0
0.0
0.0
0.0
0.0
0.0
0.0
0.0
0.0
0.0
0.0
0.0
0.0
0.0
0.0
0.0
0.0
0.0
0.0
0.0
0.0
0.0
0.0
0.0
0.0
0.0
0.0
0.0
0.0
0.0
0.0
0.0
0.0
0.0
0.0
0.0
0.0
0.0
0.0
0.0
0.0
0.0
0.0
0.0
0.0
0.0
0.0
0.0
0.0
0.0
0.0
0.0
0.0
0.0
0.0
0.0
0.0
0.0
0.0
0.0
0.0
0.0
0.0
0.0
0.0
0.0
0.0
0.0
0.0
0.0
0.0
0.0
0.0
0.0
0.0
0.0
0.0
0.0
0.0
0.0
0.0
0.0
0.0
0.0
0.0
0.0
0.0
0.0
0.0
0.0
0.0
0.0
0.0
0.0
0.0
0.0
0.0
0.0
0.0
0.0
0.0
0.0
0.0
0.0
0.0
0.0
0.0
0.0
0.0
0.0
0.0
0.0
0.0
0.0
0.0
0.0
0.0
0.0
0.0
0.0
0.0
0.0
0.0
0.0
0.0
0.0
0.0
0.0
0.0
0.0
0.0
0.0
0.0
0.0
0.0
0.0
0.0
0.0
0.0
0.0
0.0
0.0
0.0
0.0
0.0
0.0
0.0
0.0
0.0
0.0
0.0
0.0
0.0
0.0
0.0
0.0
0.0
0.0
0.0
0.0
0.0
0.0
0.0
0.0
0.0
0.0
0.0
0.0
0.0
0.0
0.0
0.0
0.0
0.0
0.0
0.0
0.0
0.0
0.0
0.0
0.0
0.0
0.0
0.0
0.0
0.0
0.0
0.0
0.0
0.0
0.0
0.0
0.0
0.0
0.0
0.0
0.0
0.0
0.0
0.0
0.0
0.0
0.0
0.0
0.0
0.0
0.0
0.0
0.0
0.0
0.0
0.0
0.0
0.0
0.0
0.0
0.0
0.0
0.0
0.0
0.0
0.0
0.0
0.0
0.0
0.0
0.0
0.0
0.0
0.0
0.0
0.0
0.0
0.0
0.0
0.0
0.0
0.0
0.0
0.0
0.0
0.0
0.0
0.0
0.0
0.0
0.0
0.0
0.0
0.0
0.0
0.0
0.0
0.0
0.0
0.0
0.0
0.0
0.0
0.0
0.0
0.0
0.0
0.0
0.0
0.0
0.0
0.0
0.0
0.0
0.0
0.0
0.0
0.0
0.0
0.0
0.0
0.0
0.0
0.0
0.0
0.0
0.0
0.0
0.0
0.0
0.0
0.0
0.0
0.0
0.0
0.0
0.0
0.0
0.0
0.0
0.0
0.0
0.0
0.0
0.0
0.0
0.0
0.0
0.0
0.0
0.0
0.0
0.0
0.0
0.0
0.0
0.0
0.0
0.0
0.0
0.0
0.0
0.0
0.0
0.0
0.0
0.0
0.0
0.0
0.0
0.0
0.0
0.0
0.0
0.0
0.0
0.0
0.0
0.0
0.0
0.0
0.0
0.0
0.0
0.0
0.0
0.0
0.0
0.0
0.0
0.0
0.0
0.0
0.0
0.0
0.0
0.0
0.0
0.0
0.0
0.0
0.0
0.0
0.0
0.0
0.0
0.0
0.0
0.0
0.0
0.0
0.0
0.0
0.0
0.0
0.0
0.0
0.0
0.0
0.0
0.0
0.0
0.0
0.0
0.0
0.0
0.0
0.0
0.0
0.0
0.0
0.0
0.0
0.0
0.0
0.0
0.0
0.0
0.0
0.0
0.0
0.0
0.0
0.0
0.0
0.0
0.0
0.0
0.0
0.0
0.0
0.0
0.0
0.0
0.0
0.0
0.0
0.0
0.0
0.0
0.0
0.0
0.0
0.0
0.0
0.0
0.0
0.0
0.0
0.0
0.0
0.0
0.0
0.0
0.0
0.0
0.0
0.0
0.0
0.0
0.0
0.0
0.0
0.0
0.0
0.0
0.0
0.0
0.0
0.0
0.0
0.0
0.0
0.0
0.0
0.0
0.0
0.0
0.0
0.0
0.0
0.0
0.0
0.0
0.0
0.0
0.0
0.0
0.0
0.0
0.0
0.0
0.0
0.0
0.0
0.0
0.0
0.0
0.0
0.0
0.0
0.0
0.0
0.0
0.0
0.0
0.0
0.0
0.0
0.0
0.0
0.0
0.0
0.0
0.0
0.0
0.0
0.0
0.0
0.0
0.0
0.0
0.0
0.0
0.0
0.0
0.0
0.0
0.0
0.0
0.0
0.0
0.0
0.0
0.0
0.0
0.0
0.0
0.0
0.0
0.0
0.0
0.0
0.0
0.0
0.0
0.0
0.0
0.0
0.0
0.0
0.0
0.0
0.0
0.0
0.0
0.0
0.0
0.0
0.0
0.0
0.0
0.0
0.0
0.0
0.0
0.0
0.0
0.0
0.0
0.0
0.0
0.0
0.0
0.0
0.0
0.0
0.0
0.0
0.0
0.0
0.0
0.0
0.0
0.0
0.0
0.0
395252.0
395253.0
0.0
395329.0
395330.0
0.0
0.0
0.0
0.0
0.0
0.0
0.0
0.0
0.0
0.0
0.0
0.0
0.0
0.0
0.0
0.0
0.0
0.0
0.0
0.0
0.0
0.0
0.0
0.0
0.0
0.0
0.0
0.0
0.0
0.0
0.0
0.0
0.0
0.0
0.0
0.0
0.0
0.0
0.0
0.0
0.0
0.0
0.0
0.0
0.0
0.0
0.0
0.0
0.0
0.0
0.0
0.0
0.0
0.0
0.0
0.0
0.0
0.0
0.0
0.0
0.0
0.0
0.0
0.0
0.0
0.0
0.0
0.0
0.0
0.0
0.0
0.0
0.0
0.0
0.0
0.0
0.0
0.0
0.0
0.0
0.0
0.0
0.0
396109.0
396110.0
396111.0
0.0
0.0
0.0
0.0
396188.0
0.0
0.0
0.0
0.0
0.0
0.0
0.0
0.0
0.0
0.0
0.0
0.0
0.0
0.0
0.0
0.0
0.0
0.0
0.0
0.0
0.0
0.0
0.0
0.0
0.0
0.0
0.0
0.0
0.0
0.0
0.0
0.0
0.0
0.0
0.0
0.0
0.0
0.0
0.0
0.0
0.0
0.0
0.0
0.0
0.0
0.0
0.0
0.0
0.0
0.0
0.0
0.0
0.0
0.0
0.0
0.0
0.0
0.0
0.0
0.0
0.0
0.0
0.0
0.0
0.0
0.0
0.0
0.0
0.0
0.0
0.0
0.0
0.0
0.0
0.0
0.0
0.0
0.0
0.0
0.0
0.0
403208.0
403209.0
403210.0
403285.0
403286.0
403287.0
0.0
0.0
0.0
0.0
403517.0
0.0
0.0
0.0
0.0
0.0
403595.0
0.0
0.0
0.0
0.0
0.0
0.0
0.0
0.0
0.0
0.0
0.0
0.0
0.0
0.0
0.0
0.0
0.0
0.0
0.0
0.0
0.0
0.0
0.0
0.0
0.0
0.0
0.0
0.0
0.0
0.0
0.0
0.0
0.0
0.0
0.0
0.0
0.0
0.0
0.0
0.0
0.0
0.0
0.0
0.0
0.0
0.0
0.0
0.0
0.0
0.0
0.0
0.0
0.0
0.0
0.0
0.0
0.0
0.0
0.0
0.0
0.0
404143.0
404144.0
404145.0
0.0
0.0
0.0
0.0
0.0
0.0
404221.0
404222.0
404223.0
0.0
0.0
0.0
0.0
0.0
404299.0
404300.0
404301.0
0.0
0.0
0.0
0.0
0.0
0.0
404378.0
404379.0
0.0
0.0
0.0
0.0
404457.0
0.0
0.0
0.0
0.0
0.0
0.0
0.0
0.0
0.0
0.0
0.0
0.0
0.0
0.0
0.0
0.0
0.0
0.0
0.0
0.0
0.0
0.0
0.0
0.0
0.0
0.0
0.0
0.0
0.0
0.0
0.0
0.0
0.0
0.0
0.0
0.0
0.0
0.0
0.0
0.0
0.0
0.0
0.0
0.0
0.0
0.0
0.0
0.0
0.0
0.0
0.0
0.0
0.0
0.0
0.0
0.0
0.0
0.0
0.0
0.0
0.0
0.0
0.0
0.0
0.0
0.0
0.0
0.0
0.0
0.0
0.0
0.0
0.0
0.0
0.0
0.0
0.0
0.0
0.0
0.0
0.0
0.0
0.0
0.0
0.0
0.0
0.0
0.0
0.0
0.0
0.0
0.0
0.0
0.0
0.0
0.0
0.0
0.0
0.0
0.0
0.0
0.0
0.0
0.0
0.0
0.0
0.0
0.0
0.0
0.0
0.0
0.0
0.0
411163.0
411164.0
0.0
0.0
0.0
0.0
0.0
0.0
0.0
0.0
0.0
411241.0
411242.0
411243.0
411244.0
0.0
0.0
411319.0
411396.0
411397.0
411474.0
411475.0
411552.0
411553.0
0.0
411629.0
411630.0
0.0
411708.0
411709.0
0.0
0.0
0.0
0.0
0.0
0.0
0.0
0.0
0.0
0.0
0.0
0.0
0.0
0.0
0.0
0.0
0.0
0.0
0.0
0.0
0.0
0.0
412099.0
0.0
0.0
0.0
0.0
0.0
0.0
0.0
0.0
412177.0
0.0
0.0
0.0
0.0
0.0
0.0
412255.0
412256.0
412257.0
412258.0
0.0
0.0
0.0
0.0
412333.0
412334.0
412335.0
412336.0
0.0
0.0
0.0
0.0
0.0
412412.0
412413.0
412414.0
0.0
0.0
412489.0
412490.0
0.0
412492.0
0.0
0.0
412567.0
0.0
0.0
0.0
412645.0
0.0
0.0
0.0
0.0
0.0
412724.0
0.0
0.0
412802.0
0.0
0.0
0.0
0.0
0.0
0.0
0.0
0.0
0.0
0.0
0.0
0.0
0.0
0.0
0.0
0.0
0.0
0.0
0.0
0.0
0.0
0.0
0.0
0.0
0.0
0.0
0.0
0.0
0.0
0.0
0.0
0.0
0.0
0.0
0.0
0.0
0.0
0.0
0.0
0.0
0.0
0.0
0.0
0.0
0.0
0.0
0.0
0.0
0.0
0.0
0.0
0.0
0.0
0.0
0.0
0.0
0.0
0.0
0.0
0.0
0.0
0.0
0.0
0.0
0.0
0.0
0.0
0.0
0.0
0.0
0.0
0.0
0.0
0.0
0.0
0.0
0.0
0.0
0.0
0.0
0.0
0.0
0.0
0.0
0.0
0.0
0.0
0.0
0.0
0.0
0.0
0.0
0.0
0.0
0.0
0.0
0.0
0.0
0.0
0.0
0.0
0.0
0.0
0.0
0.0
0.0
0.0
0.0
0.0
0.0
419037.0
419038.0
0.0
0.0
0.0
0.0
0.0
0.0
0.0
0.0
0.0
0.0
0.0
0.0
419116.0
419117.0
0.0
0.0
0.0
0.0
0.0
0.0
0.0
0.0
0.0
0.0
0.0
0.0
419193.0
419194.0
419195.0
419197.0
419199.0
419200.0
0.0
0.0
0.0
0.0
0.0
0.0
0.0
0.0
0.0
419271.0
419272.0
419273.0
419274.0
419275.0
419276.0
419277.0
419278.0
0.0
419350.0
419351.0
419352.0
419353.0
419428.0
419429.0
419430.0
419431.0
419507.0
419508.0
419509.0
0.0
419586.0
419587.0
0.0
419664.0
419665.0
0.0
419742.0
419743.0
0.0
0.0
419819.0
419820.0
0.0
0.0
0.0
0.0
419898.0
419899.0
0.0
0.0
0.0
419976.0
419977.0
0.0
0.0
0.0
420054.0
420055.0
0.0
0.0
0.0
0.0
0.0
0.0
420133.0
0.0
0.0
0.0
0.0
0.0
0.0
0.0
420211.0
420212.0
0.0
0.0
0.0
0.0
420289.0
420290.0
0.0
0.0
0.0
0.0
0.0
420367.0
420368.0
420370.0
0.0
0.0
420445.0
420446.0
420447.0
420448.0
0.0
0.0
0.0
420523.0
420524.0
0.0
0.0
0.0
0.0
420600.0
420601.0
0.0
0.0
0.0
0.0
420679.0
0.0
0.0
0.0
0.0
0.0
0.0
420758.0
0.0
0.0
0.0
0.0
0.0
0.0
0.0
0.0
0.0
0.0
0.0
0.0
0.0
0.0
0.0
0.0
0.0
0.0
0.0
0.0
0.0
0.0
0.0
0.0
0.0
0.0
0.0
0.0
0.0
0.0
0.0
0.0
0.0
0.0
0.0
0.0
0.0
0.0
0.0
0.0
0.0
0.0
0.0
0.0
0.0
0.0
0.0
0.0
0.0
0.0
0.0
0.0
0.0
0.0
0.0
0.0
0.0
0.0
0.0
0.0
0.0
0.0
0.0
0.0
0.0
0.0
0.0
0.0
0.0
0.0
0.0
0.0
0.0
0.0
0.0
0.0
0.0
0.0
0.0
0.0
0.0
0.0
0.0
0.0
0.0
0.0
0.0
0.0
0.0
0.0
0.0
0.0
0.0
0.0
0.0
0.0
0.0
0.0
0.0
0.0
0.0
0.0
0.0
0.0
0.0
0.0
0.0
0.0
427071.0
427072.0
0.0
0.0
0.0
0.0
0.0
0.0
0.0
0.0
0.0
0.0
0.0
427149.0
427150.0
427151.0
0.0
0.0
0.0
0.0
0.0
0.0
0.0
0.0
0.0
0.0
427227.0
427228.0
427229.0
427230.0
427231.0
0.0
0.0
427305.0
427306.0
427307.0
427308.0
427309.0
427311.0
427384.0
427385.0
427386.0
427387.0
427462.0
427463.0
427464.0
427465.0
427540.0
427541.0
427542.0
427543.0
427619.0
427620.0
427621.0
427698.0
427699.0
0.0
0.0
427775.0
427776.0
427777.0
0.0
0.0
0.0
427853.0
427854.0
427855.0
0.0
0.0
0.0
427931.0
427932.0
427933.0
0.0
0.0
0.0
428010.0
428011.0
0.0
0.0
0.0
428088.0
428089.0
0.0
0.0
0.0
0.0
428166.0
428167.0
0.0
0.0
0.0
0.0
0.0
428244.0
428245.0
0.0
0.0
0.0
0.0
428322.0
428323.0
428324.0
0.0
0.0
0.0
0.0
0.0
0.0
428401.0
428402.0
0.0
0.0
0.0
0.0
0.0
428478.0
428479.0
0.0
0.0
0.0
428556.0
428557.0
0.0
0.0
0.0
0.0
0.0
428634.0
428635.0
0.0
0.0
0.0
0.0
0.0
0.0
0.0
0.0
0.0
0.0
0.0
0.0
0.0
0.0
0.0
0.0
0.0
0.0
0.0
0.0
0.0
0.0
0.0
0.0
0.0
0.0
0.0
0.0
429257.0
429258.0
429335.0
0.0
0.0
0.0
0.0
0.0
0.0
0.0
0.0
0.0
0.0
0.0
0.0
0.0
0.0
0.0
0.0
0.0
0.0
0.0
0.0
0.0
0.0
0.0
0.0
0.0
0.0
0.0
0.0
0.0
0.0
0.0
0.0
0.0
0.0
0.0
0.0
0.0
0.0
0.0
0.0
0.0
0.0
0.0
0.0
0.0
0.0
0.0
0.0
0.0
0.0
0.0
0.0
0.0
0.0
0.0
434718.0
0.0
0.0
0.0
0.0
0.0
0.0
0.0
0.0
0.0
0.0
0.0
0.0
0.0
0.0
0.0
0.0
0.0
0.0
0.0
0.0
0.0
0.0
0.0
0.0
0.0
0.0
0.0
0.0
0.0
0.0
0.0
0.0
0.0
0.0
0.0
0.0
0.0
0.0
0.0
0.0
0.0
0.0
0.0
0.0
0.0
0.0
0.0
0.0
0.0
0.0
0.0
435106.0
0.0
0.0
0.0
0.0
0.0
0.0
0.0
435183.0
435185.0
0.0
0.0
0.0
0.0
435261.0
435262.0
435263.0
435264.0
435265.0
435339.0
435340.0
435342.0
435343.0
435418.0
435419.0
435496.0
435497.0
0.0
0.0
0.0
0.0
435574.0
435575.0
435576.0
435577.0
0.0
435652.0
435653.0
435654.0
435655.0
435731.0
435732.0
435733.0
0.0
0.0
435810.0
435811.0
0.0
0.0
435887.0
435888.0
0.0
0.0
0.0
435965.0
435966.0
0.0
0.0
0.0
436044.0
436045.0
0.0
0.0
0.0
436122.0
0.0
0.0
0.0
436200.0
0.0
0.0
0.0
436278.0
436279.0
0.0
0.0
0.0
0.0
0.0
436356.0
436357.0
0.0
0.0
0.0
0.0
0.0
436434.0
436435.0
0.0
0.0
0.0
0.0
0.0
436512.0
436513.0
0.0
0.0
0.0
0.0
0.0
436590.0
436591.0
0.0
0.0
0.0
0.0
0.0
436668.0
436669.0
0.0
0.0
0.0
0.0
0.0
436745.0
0.0
0.0
0.0
0.0
0.0
0.0
0.0
0.0
0.0
0.0
0.0
436979.0
436980.0
0.0
0.0
0.0
437057.0
0.0
0.0
437135.0
0.0
437213.0
437291.0
437369.0
0.0
0.0
0.0
0.0
0.0
0.0
0.0
0.0
0.0
0.0
0.0
0.0
0.0
0.0
0.0
0.0
0.0
0.0
0.0
0.0
0.0
0.0
0.0
0.0
0.0
0.0
0.0
0.0
0.0
442673.0
442674.0
442675.0
0.0
0.0
0.0
0.0
0.0
0.0
0.0
0.0
0.0
0.0
0.0
0.0
442754.0
0.0
0.0
0.0
0.0
0.0
0.0
0.0
442828.0
442829.0
442830.0
0.0
0.0
0.0
0.0
0.0
0.0
0.0
0.0
0.0
0.0
0.0
442907.0
0.0
0.0
0.0
0.0
0.0
0.0
0.0
0.0
0.0
0.0
0.0
0.0
0.0
0.0
0.0
0.0
0.0
0.0
0.0
0.0
0.0
0.0
0.0
0.0
0.0
0.0
0.0
0.0
0.0
0.0
0.0
0.0
0.0
0.0
0.0
0.0
443217.0
443218.0
443295.0
443296.0
443299.0
443373.0
443374.0
443451.0
443452.0
443453.0
0.0
0.0
0.0
0.0
0.0
443530.0
443531.0
443532.0
0.0
0.0
0.0
0.0
0.0
443608.0
443609.0
443610.0
443611.0
0.0
0.0
0.0
0.0
0.0
443686.0
443687.0
443688.0
443689.0
0.0
0.0
0.0
0.0
443764.0
443765.0
443766.0
443767.0
443768.0
0.0
0.0
0.0
443844.0
443845.0
443846.0
0.0
0.0
0.0
443921.0
443922.0
443923.0
0.0
0.0
0.0
0.0
0.0
0.0
443999.0
444000.0
0.0
0.0
444077.0
444078.0
0.0
0.0
0.0
444155.0
444156.0
0.0
0.0
0.0
444234.0
0.0
0.0
0.0
444312.0
444313.0
0.0
0.0
0.0
444390.0
444391.0
0.0
0.0
0.0
444468.0
444469.0
0.0
0.0
0.0
0.0
444546.0
444547.0
0.0
0.0
0.0
0.0
0.0
444623.0
444624.0
444625.0
0.0
0.0
0.0
0.0
0.0
444701.0
444702.0
0.0
0.0
0.0
0.0
0.0
0.0
444779.0
444780.0
0.0
0.0
0.0
0.0
444857.0
444858.0
0.0
0.0
444935.0
444936.0
0.0
0.0
445013.0
0.0
0.0
445091.0
445092.0
0.0
0.0
445169.0
445246.0
445247.0
445324.0
445325.0
446257.0
446647.0
446648.0
446725.0
446726.0
446804.0
0.0
0.0
0.0
0.0
0.0
0.0
0.0
450631.0
450632.0
450633.0
0.0
0.0
0.0
0.0
0.0
0.0
0.0
450708.0
450709.0
450710.0
450711.0
0.0
0.0
0.0
0.0
0.0
0.0
0.0
0.0
0.0
0.0
0.0
450785.0
450786.0
450787.0
450788.0
450789.0
0.0
0.0
0.0
0.0
0.0
0.0
0.0
0.0
0.0
0.0
0.0
0.0
0.0
450862.0
450863.0
450864.0
450866.0
450867.0
0.0
0.0
0.0
0.0
0.0
0.0
0.0
0.0
0.0
0.0
0.0
0.0
0.0
0.0
450941.0
450942.0
450944.0
450945.0
0.0
0.0
0.0
0.0
0.0
0.0
0.0
0.0
0.0
0.0
451019.0
451020.0
0.0
0.0
0.0
0.0
0.0
0.0
0.0
0.0
0.0
0.0
0.0
0.0
0.0
0.0
0.0
0.0
0.0
0.0
0.0
0.0
0.0
0.0
0.0
0.0
0.0
0.0
0.0
0.0
0.0
0.0
0.0
0.0
451329.0
0.0
451407.0
451408.0
0.0
0.0
0.0
451485.0
451486.0
0.0
451488.0
0.0
0.0
0.0
0.0
0.0
0.0
0.0
0.0
0.0
451565.0
451566.0
0.0
0.0
0.0
0.0
0.0
0.0
0.0
0.0
451642.0
451643.0
451644.0
0.0
0.0
0.0
0.0
0.0
0.0
451720.0
451721.0
451722.0
451723.0
0.0
0.0
0.0
0.0
451798.0
451799.0
451800.0
451801.0
451802.0
0.0
0.0
0.0
0.0
0.0
451876.0
451877.0
451878.0
451879.0
451880.0
0.0
0.0
0.0
0.0
0.0
0.0
0.0
451956.0
451957.0
0.0
0.0
0.0
0.0
0.0
0.0
0.0
452034.0
452035.0
0.0
0.0
0.0
0.0
452111.0
452112.0
452189.0
452190.0
0.0
0.0
452267.0
452268.0
0.0
0.0
452345.0
452346.0
0.0
0.0
452423.0
452424.0
452425.0
0.0
0.0
452502.0
452503.0
0.0
0.0
452579.0
452580.0
452581.0
0.0
0.0
0.0
452657.0
452658.0
452659.0
0.0
0.0
0.0
0.0
452735.0
452736.0
0.0
0.0
0.0
0.0
0.0
452813.0
452814.0
0.0
0.0
0.0
0.0
0.0
452891.0
452892.0
0.0
0.0
0.0
452969.0
0.0
0.0
453046.0
453047.0
0.0
0.0
0.0
453124.0
453125.0
453202.0
453203.0
453280.0
453281.0
454291.0
454292.0
454370.0
454371.0
454372.0
454448.0
454449.0
454450.0
454525.0
454526.0
454527.0
454528.0
454604.0
454605.0
454680.0
454681.0
454682.0
454683.0
454758.0
454759.0
454760.0
454761.0
454838.0
0.0
0.0
0.0
0.0
0.0
0.0
0.0
0.0
0.0
0.0
0.0
458743.0
458744.0
458745.0
0.0
0.0
0.0
0.0
0.0
0.0
0.0
0.0
0.0
0.0
0.0
0.0
458820.0
458821.0
458822.0
458823.0
0.0
0.0
0.0
0.0
0.0
0.0
0.0
0.0
0.0
0.0
0.0
458897.0
458898.0
458899.0
458900.0
458901.0
0.0
0.0
0.0
0.0
0.0
0.0
0.0
0.0
0.0
0.0
0.0
0.0
458974.0
458975.0
458976.0
458977.0
458978.0
458979.0
0.0
0.0
0.0
0.0
0.0
0.0
0.0
0.0
0.0
0.0
0.0
459052.0
459053.0
459054.0
0.0
459057.0
0.0
0.0
0.0
0.0
0.0
0.0
0.0
0.0
0.0
0.0
0.0
0.0
0.0
0.0
0.0
0.0
0.0
0.0
0.0
0.0
0.0
0.0
0.0
0.0
0.0
0.0
0.0
0.0
0.0
0.0
0.0
0.0
0.0
0.0
0.0
0.0
0.0
0.0
0.0
0.0
0.0
0.0
0.0
0.0
0.0
459522.0
0.0
0.0
0.0
0.0
0.0
0.0
0.0
0.0
0.0
0.0
0.0
0.0
0.0
0.0
459599.0
459600.0
0.0
0.0
0.0
0.0
0.0
0.0
0.0
0.0
0.0
0.0
459677.0
459678.0
0.0
0.0
0.0
0.0
0.0
0.0
0.0
0.0
0.0
0.0
0.0
0.0
0.0
459754.0
459755.0
459756.0
0.0
0.0
0.0
0.0
0.0
0.0
0.0
0.0
0.0
459832.0
459833.0
459834.0
459835.0
459836.0
0.0
0.0
0.0
0.0
0.0
0.0
0.0
0.0
0.0
0.0
459910.0
459911.0
459912.0
459913.0
459914.0
0.0
0.0
0.0
0.0
0.0
0.0
0.0
0.0
0.0
0.0
459990.0
0.0
0.0
0.0
0.0
0.0
0.0
0.0
0.0
0.0
0.0
0.0
0.0
0.0
0.0
0.0
0.0
0.0
0.0
0.0
0.0
0.0
0.0
0.0
460223.0
0.0
460301.0
460302.0
460379.0
460380.0
0.0
0.0
460457.0
460458.0
460459.0
0.0
0.0
460536.0
460537.0
0.0
0.0
460613.0
460614.0
460615.0
0.0
0.0
460691.0
460692.0
460693.0
0.0
0.0
0.0
460769.0
460770.0
0.0
0.0
0.0
0.0
460847.0
460848.0
0.0
0.0
0.0
0.0
460924.0
460925.0
0.0
0.0
0.0
0.0
461002.0
461003.0
0.0
0.0
0.0
0.0
461080.0
461081.0
0.0
0.0
0.0
461158.0
461159.0
461236.0
461237.0
461314.0
461392.0
462248.0
462251.0
462325.0
462326.0
462329.0
462403.0
462404.0
462405.0
462407.0
462482.0
462484.0
462559.0
462560.0
462561.0
462562.0
462636.0
462637.0
462638.0
462639.0
462640.0
462714.0
462715.0
462716.0
462717.0
462792.0
462793.0
462794.0
0.0
0.0
0.0
0.0
0.0
0.0
0.0
0.0
0.0
0.0
0.0
0.0
0.0
466855.0
466856.0
466857.0
0.0
0.0
0.0
0.0
0.0
0.0
0.0
0.0
0.0
0.0
0.0
0.0
0.0
466932.0
466933.0
466934.0
466935.0
0.0
0.0
0.0
0.0
0.0
0.0
0.0
0.0
0.0
0.0
0.0
0.0
0.0
0.0
0.0
0.0
467010.0
467011.0
467012.0
467013.0
0.0
0.0
0.0
0.0
0.0
0.0
0.0
0.0
0.0
0.0
0.0
0.0
0.0
0.0
0.0
0.0
0.0
0.0
467090.0
467091.0
0.0
0.0
0.0
0.0
0.0
0.0
0.0
0.0
0.0
0.0
0.0
0.0
0.0
0.0
0.0
0.0
467169.0
467170.0
0.0
0.0
0.0
0.0
0.0
0.0
0.0
0.0
0.0
0.0
0.0
0.0
0.0
0.0
0.0
467247.0
467248.0
0.0
0.0
0.0
0.0
0.0
0.0
0.0
0.0
0.0
0.0
0.0
0.0
0.0
467325.0
0.0
0.0
0.0
0.0
0.0
0.0
0.0
0.0
0.0
0.0
0.0
0.0
0.0
0.0
0.0
0.0
0.0
0.0
0.0
0.0
0.0
0.0
0.0
0.0
0.0
0.0
0.0
0.0
0.0
0.0
0.0
0.0
0.0
0.0
0.0
0.0
0.0
0.0
0.0
0.0
0.0
0.0
467632.0
467633.0
467634.0
0.0
0.0
0.0
0.0
0.0
0.0
0.0
0.0
0.0
0.0
467710.0
467711.0
467712.0
467713.0
0.0
0.0
0.0
0.0
0.0
0.0
0.0
0.0
0.0
0.0
0.0
0.0
467788.0
467789.0
467790.0
0.0
0.0
0.0
0.0
0.0
0.0
0.0
0.0
0.0
0.0
467867.0
467868.0
0.0
0.0
0.0
0.0
0.0
0.0
0.0
0.0
0.0
467944.0
467945.0
467946.0
0.0
0.0
0.0
0.0
0.0
0.0
0.0
0.0
0.0
0.0
0.0
0.0
468022.0
468023.0
468024.0
0.0
0.0
0.0
0.0
0.0
0.0
0.0
0.0
0.0
0.0
0.0
0.0
468101.0
0.0
0.0
0.0
0.0
0.0
0.0
0.0
0.0
0.0
0.0
0.0
0.0
0.0
0.0
0.0
0.0
0.0
0.0
0.0
0.0
468413.0
468414.0
468491.0
468492.0
468493.0
468569.0
468570.0
468571.0
0.0
468647.0
468648.0
468649.0
0.0
0.0
468725.0
468726.0
468727.0
0.0
0.0
468802.0
468803.0
0.0
0.0
0.0
0.0
0.0
468881.0
0.0
0.0
0.0
468958.0
468959.0
0.0
0.0
0.0
0.0
469036.0
469037.0
0.0
0.0
0.0
0.0
469114.0
469115.0
0.0
469192.0
469193.0
469270.0
469347.0
469348.0
469969.0
470046.0
470047.0
470125.0
470130.0
470207.0
470208.0
470282.0
470284.0
470285.0
470286.0
470360.0
470361.0
470362.0
470363.0
470364.0
470438.0
470439.0
470440.0
470441.0
470516.0
470517.0
470518.0
470519.0
470593.0
470594.0
470595.0
470596.0
470597.0
470670.0
470671.0
470672.0
470673.0
470674.0
470748.0
470749.0
470750.0
470751.0
470825.0
470826.0
470827.0
470828.0
0.0
0.0
0.0
0.0
0.0
0.0
0.0
0.0
0.0
0.0
474967.0
474968.0
0.0
0.0
0.0
0.0
0.0
0.0
0.0
0.0
0.0
0.0
0.0
0.0
0.0
0.0
475045.0
475046.0
475047.0
0.0
0.0
0.0
0.0
0.0
0.0
0.0
0.0
0.0
0.0
0.0
0.0
0.0
0.0
0.0
0.0
0.0
475122.0
475123.0
475124.0
475125.0
0.0
0.0
0.0
0.0
0.0
0.0
0.0
0.0
0.0
0.0
0.0
0.0
0.0
0.0
0.0
475201.0
475202.0
475203.0
0.0
0.0
0.0
0.0
0.0
0.0
0.0
0.0
0.0
0.0
0.0
0.0
0.0
0.0
0.0
0.0
0.0
0.0
475280.0
475281.0
0.0
0.0
0.0
0.0
0.0
0.0
0.0
0.0
0.0
0.0
475359.0
0.0
0.0
0.0
0.0
0.0
0.0
0.0
0.0
0.0
0.0
0.0
0.0
0.0
0.0
0.0
0.0
0.0
0.0
0.0
0.0
0.0
0.0
0.0
0.0
0.0
0.0
0.0
0.0
0.0
0.0
0.0
0.0
0.0
0.0
0.0
0.0
0.0
0.0
0.0
0.0
0.0
0.0
0.0
0.0
0.0
0.0
0.0
0.0
0.0
0.0
0.0
0.0
0.0
0.0
0.0
0.0
0.0
0.0
0.0
0.0
0.0
0.0
0.0
0.0
0.0
0.0
0.0
0.0
0.0
0.0
0.0
0.0
0.0
0.0
475745.0
475746.0
0.0
0.0
0.0
0.0
0.0
0.0
0.0
0.0
0.0
0.0
0.0
0.0
0.0
0.0
0.0
475823.0
475824.0
475825.0
0.0
0.0
0.0
0.0
0.0
0.0
0.0
0.0
0.0
0.0
0.0
475900.0
475901.0
475902.0
0.0
0.0
0.0
0.0
0.0
0.0
0.0
0.0
0.0
0.0
0.0
0.0
0.0
0.0
0.0
0.0
0.0
0.0
0.0
0.0
0.0
0.0
0.0
0.0
0.0
0.0
0.0
476058.0
476059.0
0.0
0.0
0.0
0.0
0.0
0.0
0.0
0.0
476135.0
0.0
0.0
0.0
0.0
0.0
0.0
0.0
0.0
0.0
0.0
0.0
0.0
476213.0
0.0
0.0
0.0
0.0
0.0
0.0
0.0
0.0
476291.0
0.0
0.0
0.0
0.0
0.0
0.0
0.0
476447.0
476448.0
0.0
476525.0
476526.0
476603.0
476604.0
476605.0
476606.0
476681.0
476682.0
476683.0
476684.0
476758.0
476759.0
476760.0
476761.0
476762.0
476836.0
476837.0
476838.0
0.0
0.0
0.0
476915.0
0.0
0.0
0.0
0.0
0.0
0.0
0.0
477070.0
477071.0
0.0
0.0
0.0
477148.0
477149.0
0.0
477225.0
477226.0
477303.0
477304.0
477381.0
0.0
477925.0
478003.0
478004.0
478080.0
478081.0
478082.0
478158.0
478159.0
478164.0
478165.0
478236.0
478237.0
478241.0
478242.0
478314.0
478315.0
478318.0
478319.0
478320.0
478393.0
478395.0
478396.0
478397.0
478398.0
478473.0
478474.0
478475.0
478476.0
478551.0
478552.0
478553.0
478628.0
478629.0
478630.0
478631.0
478705.0
478706.0
478707.0
478708.0
478783.0
478784.0
478785.0
478786.0
478861.0
478862.0
0.0
0.0
0.0
0.0
0.0
0.0
483080.0
0.0
0.0
0.0
0.0
0.0
0.0
0.0
0.0
0.0
0.0
0.0
0.0
0.0
483157.0
483158.0
0.0
0.0
0.0
0.0
0.0
0.0
0.0
0.0
0.0
0.0
0.0
0.0
0.0
0.0
0.0
0.0
0.0
0.0
483235.0
483236.0
0.0
0.0
0.0
0.0
0.0
0.0
0.0
0.0
0.0
0.0
0.0
0.0
0.0
0.0
0.0
0.0
483313.0
483314.0
483315.0
0.0
0.0
0.0
0.0
0.0
0.0
0.0
0.0
0.0
0.0
0.0
0.0
483392.0
483393.0
0.0
0.0
0.0
0.0
0.0
0.0
0.0
0.0
0.0
0.0
0.0
0.0
0.0
483471.0
0.0
0.0
0.0
0.0
0.0
0.0
0.0
0.0
0.0
0.0
0.0
0.0
0.0
0.0
0.0
0.0
0.0
0.0
0.0
0.0
0.0
0.0
0.0
0.0
0.0
0.0
0.0
0.0
0.0
0.0
0.0
0.0
0.0
0.0
0.0
0.0
0.0
0.0
0.0
0.0
0.0
0.0
0.0
0.0
0.0
0.0
0.0
0.0
0.0
0.0
0.0
0.0
0.0
0.0
0.0
0.0
0.0
0.0
0.0
0.0
0.0
0.0
0.0
0.0
0.0
0.0
0.0
0.0
483780.0
0.0
0.0
0.0
0.0
0.0
0.0
0.0
0.0
0.0
0.0
0.0
0.0
0.0
0.0
0.0
0.0
0.0
483858.0
483859.0
0.0
0.0
0.0
0.0
0.0
0.0
0.0
0.0
0.0
0.0
0.0
0.0
0.0
0.0
0.0
0.0
0.0
0.0
0.0
0.0
0.0
0.0
0.0
0.0
0.0
0.0
0.0
0.0
0.0
0.0
0.0
0.0
0.0
0.0
0.0
0.0
0.0
0.0
0.0
0.0
0.0
0.0
0.0
0.0
0.0
0.0
0.0
0.0
0.0
0.0
0.0
0.0
0.0
0.0
0.0
0.0
0.0
0.0
0.0
0.0
0.0
0.0
0.0
0.0
0.0
0.0
0.0
0.0
0.0
0.0
0.0
0.0
0.0
0.0
0.0
0.0
0.0
0.0
0.0
0.0
0.0
484324.0
484325.0
0.0
0.0
0.0
0.0
0.0
0.0
0.0
484402.0
484403.0
0.0
0.0
0.0
0.0
0.0
0.0
0.0
0.0
0.0
0.0
0.0
484638.0
484639.0
0.0
484717.0
484718.0
484792.0
484793.0
484794.0
484795.0
484796.0
484870.0
484871.0
484872.0
484873.0
484874.0
484948.0
484949.0
0.0
0.0
0.0
0.0
0.0
0.0
0.0
0.0
485260.0
0.0
0.0
485337.0
0.0
0.0
0.0
0.0
0.0
0.0
485806.0
485883.0
485960.0
485961.0
486037.0
486038.0
486039.0
486115.0
486116.0
486117.0
486118.0
486192.0
486193.0
486194.0
486195.0
486197.0
486198.0
486270.0
486271.0
486272.0
486273.0
486275.0
486276.0
486348.0
486349.0
486350.0
486351.0
486427.0
486428.0
486429.0
486430.0
486506.0
486509.0
0.0
0.0
0.0
0.0
0.0
0.0
0.0
0.0
0.0
0.0
0.0
0.0
0.0
491269.0
491270.0
0.0
0.0
0.0
0.0
0.0
0.0
0.0
0.0
0.0
0.0
0.0
0.0
0.0
0.0
0.0
0.0
0.0
0.0
491348.0
0.0
0.0
0.0
0.0
0.0
0.0
0.0
0.0
0.0
0.0
0.0
0.0
0.0
0.0
0.0
0.0
0.0
0.0
491426.0
491427.0
0.0
0.0
0.0
0.0
0.0
0.0
0.0
0.0
0.0
0.0
0.0
0.0
0.0
491505.0
0.0
0.0
0.0
0.0
0.0
0.0
0.0
0.0
0.0
0.0
0.0
0.0
0.0
0.0
0.0
0.0
0.0
0.0
0.0
0.0
0.0
0.0
0.0
0.0
0.0
0.0
0.0
0.0
0.0
0.0
0.0
0.0
0.0
0.0
0.0
0.0
0.0
0.0
0.0
0.0
0.0
0.0
0.0
0.0
0.0
0.0
0.0
0.0
0.0
0.0
0.0
0.0
0.0
0.0
0.0
0.0
0.0
0.0
0.0
0.0
0.0
0.0
0.0
0.0
0.0
0.0
0.0
0.0
0.0
0.0
0.0
0.0
0.0
0.0
0.0
0.0
0.0
0.0
0.0
0.0
0.0
0.0
0.0
0.0
0.0
0.0
0.0
0.0
0.0
0.0
0.0
0.0
0.0
0.0
0.0
0.0
0.0
0.0
0.0
0.0
0.0
0.0
0.0
0.0
0.0
0.0
0.0
0.0
0.0
0.0
0.0
0.0
0.0
0.0
0.0
0.0
0.0
0.0
0.0
0.0
0.0
0.0
0.0
0.0
0.0
0.0
0.0
0.0
0.0
0.0
0.0
0.0
0.0
0.0
0.0
0.0
0.0
0.0
0.0
0.0
0.0
0.0
0.0
0.0
0.0
0.0
0.0
0.0
0.0
0.0
0.0
0.0
0.0
0.0
0.0
0.0
0.0
0.0
0.0
0.0
0.0
0.0
0.0
0.0
0.0
0.0
0.0
0.0
0.0
0.0
0.0
0.0
0.0
0.0
0.0
0.0
0.0
0.0
0.0
0.0
0.0
0.0
0.0
0.0
0.0
0.0
0.0
0.0
0.0
0.0
0.0
0.0
0.0
0.0
0.0
0.0
0.0
0.0
0.0
492751.0
492752.0
492827.0
0.0
492829.0
492830.0
492904.0
492905.0
492906.0
492907.0
492908.0
492982.0
492983.0
492984.0
492985.0
492986.0
0.0
0.0
0.0
0.0
0.0
0.0
0.0
0.0
0.0
0.0
0.0
0.0
0.0
0.0
0.0
0.0
0.0
0.0
0.0
0.0
0.0
0.0
0.0
0.0
0.0
0.0
0.0
0.0
0.0
0.0
0.0
0.0
0.0
493839.0
493840.0
493917.0
493918.0
493919.0
493995.0
493996.0
493997.0
494071.0
494073.0
494074.0
494075.0
494149.0
494150.0
494151.0
494152.0
494227.0
494228.0
494229.0
494230.0
494304.0
494305.0
494306.0
494307.0
494308.0
494381.0
494382.0
494383.0
494384.0
494385.0
494386.0
494460.0
494461.0
494462.0
494463.0
494464.0
494540.0
494541.0
0.0
0.0
0.0
0.0
0.0
0.0
0.0
0.0
0.0
0.0
0.0
0.0
0.0
0.0
499382.0
0.0
0.0
0.0
0.0
0.0
0.0
0.0
0.0
0.0
0.0
0.0
0.0
0.0
0.0
0.0
0.0
0.0
0.0
0.0
499460.0
499461.0
0.0
0.0
0.0
0.0
0.0
0.0
0.0
0.0
0.0
0.0
0.0
0.0
0.0
0.0
0.0
0.0
0.0
0.0
0.0
0.0
0.0
0.0
0.0
0.0
0.0
0.0
0.0
0.0
0.0
0.0
0.0
0.0
0.0
0.0
0.0
0.0
0.0
0.0
0.0
0.0
0.0
0.0
0.0
0.0
0.0
0.0
0.0
0.0
0.0
0.0
0.0
0.0
0.0
0.0
0.0
0.0
0.0
0.0
0.0
0.0
0.0
0.0
0.0
0.0
0.0
0.0
0.0
0.0
0.0
0.0
0.0
0.0
0.0
0.0
0.0
0.0
0.0
0.0
0.0
0.0
0.0
0.0
0.0
0.0
0.0
0.0
0.0
0.0
0.0
0.0
0.0
0.0
0.0
0.0
0.0
0.0
0.0
0.0
0.0
0.0
0.0
0.0
0.0
0.0
0.0
0.0
0.0
0.0
0.0
0.0
0.0
0.0
0.0
0.0
0.0
0.0
0.0
0.0
0.0
0.0
0.0
0.0
0.0
0.0
0.0
0.0
0.0
0.0
0.0
0.0
0.0
0.0
0.0
0.0
0.0
0.0
0.0
0.0
0.0
0.0
0.0
0.0
0.0
0.0
0.0
0.0
0.0
0.0
0.0
0.0
0.0
0.0
0.0
0.0
0.0
0.0
0.0
0.0
0.0
0.0
0.0
0.0
0.0
0.0
0.0
0.0
0.0
0.0
0.0
0.0
0.0
0.0
0.0
0.0
0.0
0.0
0.0
0.0
0.0
0.0
0.0
0.0
0.0
0.0
0.0
0.0
0.0
0.0
0.0
0.0
0.0
0.0
0.0
0.0
0.0
0.0
0.0
0.0
0.0
0.0
0.0
0.0
0.0
0.0
0.0
0.0
0.0
0.0
0.0
0.0
0.0
0.0
0.0
0.0
500863.0
500939.0
500940.0
500941.0
500942.0
501016.0
501017.0
501018.0
501019.0
501020.0
501093.0
501094.0
501095.0
501096.0
501097.0
501171.0
501172.0
0.0
501249.0
501250.0
0.0
0.0
0.0
501327.0
0.0
0.0
0.0
0.0
501405.0
0.0
0.0
0.0
0.0
0.0
0.0
0.0
0.0
0.0
0.0
0.0
0.0
0.0
0.0
0.0
0.0
0.0
0.0
0.0
0.0
0.0
0.0
0.0
0.0
0.0
0.0
501954.0
502029.0
502030.0
502031.0
502032.0
502105.0
502107.0
502108.0
502109.0
502110.0
502183.0
502184.0
502185.0
502186.0
502187.0
502261.0
502262.0
502263.0
502264.0
502265.0
502337.0
502338.0
502339.0
502340.0
502341.0
502342.0
502343.0
502417.0
502418.0
502419.0
502420.0
502495.0
502496.0
502497.0
502498.0
502573.0
502574.0
502575.0
0.0
0.0
0.0
0.0
0.0
0.0
0.0
0.0
0.0
0.0
0.0
0.0
0.0
0.0
0.0
0.0
0.0
0.0
0.0
0.0
0.0
0.0
0.0
0.0
0.0
0.0
0.0
0.0
0.0
0.0
0.0
0.0
0.0
0.0
0.0
0.0
0.0
0.0
0.0
0.0
0.0
0.0
0.0
0.0
0.0
0.0
0.0
0.0
0.0
0.0
0.0
0.0
0.0
0.0
0.0
0.0
0.0
0.0
0.0
0.0
0.0
0.0
0.0
0.0
0.0
0.0
0.0
0.0
0.0
0.0
0.0
0.0
0.0
0.0
0.0
0.0
0.0
0.0
0.0
0.0
0.0
0.0
0.0
0.0
0.0
0.0
0.0
0.0
0.0
0.0
0.0
0.0
0.0
0.0
0.0
0.0
0.0
0.0
0.0
0.0
0.0
0.0
0.0
0.0
0.0
0.0
0.0
0.0
0.0
0.0
0.0
0.0
0.0
0.0
0.0
0.0
0.0
0.0
0.0
0.0
0.0
0.0
0.0
0.0
0.0
0.0
0.0
0.0
0.0
0.0
0.0
0.0
0.0
0.0
0.0
0.0
0.0
0.0
0.0
0.0
0.0
0.0
0.0
0.0
0.0
0.0
0.0
0.0
0.0
0.0
0.0
0.0
0.0
0.0
0.0
0.0
0.0
0.0
0.0
0.0
0.0
0.0
0.0
0.0
0.0
0.0
0.0
0.0
0.0
0.0
0.0
0.0
0.0
0.0
0.0
0.0
0.0
0.0
0.0
0.0
0.0
0.0
0.0
0.0
0.0
0.0
0.0
0.0
0.0
0.0
0.0
0.0
0.0
0.0
0.0
0.0
0.0
0.0
0.0
0.0
0.0
0.0
0.0
508973.0
508974.0
508975.0
509050.0
509051.0
509052.0
509053.0
509128.0
509129.0
509130.0
509131.0
509205.0
509206.0
509207.0
509208.0
509283.0
509284.0
509285.0
509361.0
509362.0
0.0
0.0
0.0
509439.0
0.0
0.0
0.0
0.0
0.0
0.0
0.0
0.0
0.0
0.0
0.0
0.0
0.0
0.0
0.0
0.0
0.0
0.0
0.0
0.0
0.0
0.0
0.0
0.0
510063.0
510066.0
510139.0
510140.0
510142.0
510143.0
510144.0
510217.0
510218.0
510219.0
510220.0
510221.0
510294.0
510297.0
510298.0
510299.0
510371.0
510374.0
510375.0
510376.0
510452.0
510453.0
510454.0
510531.0
0.0
0.0
0.0
0.0
0.0
0.0
0.0
0.0
0.0
0.0
0.0
0.0
0.0
0.0
0.0
0.0
0.0
0.0
0.0
0.0
0.0
0.0
0.0
0.0
0.0
0.0
0.0
0.0
0.0
0.0
0.0
0.0
0.0
0.0
0.0
0.0
0.0
0.0
0.0
0.0
0.0
0.0
0.0
0.0
0.0
0.0
0.0
0.0
0.0
0.0
0.0
0.0
0.0
0.0
0.0
0.0
0.0
0.0
0.0
0.0
0.0
0.0
0.0
0.0
0.0
0.0
0.0
0.0
0.0
0.0
0.0
0.0
0.0
0.0
0.0
0.0
0.0
0.0
0.0
0.0
0.0
0.0
0.0
0.0
0.0
0.0
0.0
0.0
0.0
0.0
0.0
0.0
0.0
0.0
0.0
0.0
0.0
0.0
0.0
0.0
0.0
0.0
0.0
0.0
0.0
0.0
0.0
0.0
0.0
0.0
0.0
0.0
0.0
0.0
0.0
0.0
0.0
0.0
0.0
0.0
0.0
0.0
0.0
0.0
0.0
0.0
0.0
0.0
0.0
0.0
0.0
0.0
0.0
0.0
0.0
0.0
0.0
0.0
0.0
0.0
0.0
0.0
0.0
0.0
0.0
0.0
0.0
0.0
0.0
517083.0
517084.0
517085.0
517086.0
517162.0
517163.0
517164.0
517165.0
517240.0
517241.0
517242.0
517317.0
517318.0
517319.0
517394.0
517395.0
517396.0
0.0
0.0
517472.0
517473.0
517474.0
0.0
0.0
0.0
0.0
0.0
0.0
0.0
0.0
0.0
0.0
0.0
518176.0
518177.0
518255.0
0.0
0.0
0.0
0.0
0.0
0.0
0.0
0.0
0.0
0.0
0.0
0.0
0.0
0.0
0.0
0.0
0.0
0.0
0.0
0.0
0.0
0.0
0.0
0.0
0.0
0.0
0.0
0.0
0.0
0.0
0.0
0.0
0.0
0.0
0.0
0.0
0.0
0.0
0.0
0.0
0.0
0.0
0.0
0.0
0.0
0.0
0.0
0.0
0.0
0.0
0.0
0.0
0.0
0.0
0.0
0.0
0.0
0.0
0.0
0.0
0.0
0.0
0.0
0.0
0.0
0.0
0.0
0.0
0.0
0.0
0.0
0.0
0.0
0.0
0.0
0.0
525118.0
525195.0
525196.0
525197.0
525274.0
525275.0
525351.0
525352.0
525353.0
0.0
0.0
525507.0
525508.0
0.0
0.0
0.0
0.0
0.0
0.0
0.0
0.0
0.0
0.0
0.0
0.0
0.0
0.0
0.0
0.0
0.0
0.0
0.0
0.0
0.0
0.0
0.0
0.0
0.0
0.0
0.0
0.0
0.0
0.0
0.0
0.0
0.0
0.0
0.0
0.0
0.0
0.0
0.0
0.0
0.0
0.0
0.0
0.0
0.0
0.0
0.0
0.0
0.0
0.0
533384.0
533385.0
533462.0
0.0
0.0
0.0
0.0
0.0
0.0
0.0
0.0
0.0
0.0
0.0
0.0
0.0
0.0
0.0
0.0
0.0
0.0
0.0
0.0
0.0
0.0
0.0
0.0
0.0
0.0
0.0
0.0
0.0
0.0
0.0
0.0
0.0
0.0
0.0
0.0
0.0
0.0
0.0
0.0
0.0
0.0
0.0
0.0
0.0
0.0
0.0
0.0
0.0
0.0
0.0
0.0
0.0
0.0
0.0
0.0
0.0
0.0
0.0
0.0
0.0
0.0
0.0
0.0
0.0
0.0
