74440.0
74441.0
0.0
0.0
0.0
0.0
0.0
74671.0
0.0
0.0
74748.0
74749.0
74825.0
74826.0
0.0
0.0
0.0
0.0
82394.0
82395.0
0.0
0.0
0.0
0.0
82472.0
82473.0
82474.0
82475.0
0.0
0.0
0.0
0.0
82550.0
82551.0
82552.0
82553.0
0.0
0.0
0.0
82628.0
82629.0
82630.0
82631.0
0.0
0.0
82705.0
82706.0
82707.0
82708.0
82709.0
0.0
0.0
82782.0
82783.0
82784.0
82859.0
82860.0
82861.0
82937.0
82938.0
0.0
0.0
0.0
0.0
0.0
0.0
0.0
0.0
0.0
0.0
0.0
0.0
0.0
0.0
0.0
0.0
0.0
0.0
0.0
0.0
0.0
0.0
0.0
0.0
0.0
0.0
0.0
0.0
0.0
0.0
0.0
0.0
90506.0
90507.0
0.0
0.0
0.0
0.0
0.0
0.0
0.0
90583.0
90584.0
90585.0
90586.0
90587.0
0.0
0.0
0.0
0.0
90661.0
90662.0
90663.0
90664.0
90665.0
90739.0
90740.0
90741.0
90742.0
90743.0
0.0
90816.0
90817.0
90818.0
90819.0
90893.0
90894.0
90895.0
90896.0
90970.0
90971.0
90972.0
0.0
0.0
0.0
0.0
0.0
0.0
0.0
0.0
0.0
0.0
0.0
0.0
0.0
0.0
0.0
0.0
0.0
0.0
98226.0
0.0
0.0
0.0
0.0
0.0
0.0
0.0
0.0
0.0
0.0
98303.0
0.0
0.0
0.0
0.0
98310.0
0.0
0.0
0.0
0.0
0.0
0.0
0.0
0.0
0.0
98381.0
98382.0
0.0
98387.0
98388.0
98389.0
0.0
0.0
0.0
0.0
0.0
0.0
0.0
98459.0
98460.0
98461.0
98465.0
0.0
0.0
0.0
0.0
0.0
0.0
0.0
98537.0
98538.0
98539.0
98540.0
98542.0
0.0
0.0
0.0
0.0
0.0
98617.0
98618.0
0.0
0.0
0.0
0.0
98695.0
98696.0
98699.0
0.0
0.0
0.0
98773.0
98774.0
0.0
0.0
98851.0
98852.0
98927.0
98928.0
98929.0
98930.0
99004.0
99005.0
99006.0
99007.0
99008.0
0.0
0.0
0.0
0.0
0.0
0.0
0.0
0.0
0.0
0.0
0.0
0.0
0.0
0.0
0.0
0.0
0.0
0.0
0.0
0.0
0.0
0.0
0.0
0.0
0.0
0.0
0.0
0.0
0.0
0.0
0.0
0.0
0.0
0.0
0.0
0.0
0.0
0.0
0.0
0.0
0.0
0.0
0.0
0.0
0.0
0.0
0.0
0.0
0.0
0.0
0.0
0.0
0.0
0.0
0.0
0.0
0.0
0.0
0.0
0.0
0.0
0.0
0.0
0.0
0.0
0.0
0.0
0.0
106336.0
106337.0
0.0
0.0
0.0
0.0
0.0
0.0
106344.0
106345.0
0.0
0.0
0.0
0.0
0.0
106414.0
106415.0
106416.0
0.0
0.0
0.0
0.0
106421.0
106422.0
106423.0
0.0
0.0
0.0
0.0
106493.0
106494.0
106495.0
106496.0
106497.0
106498.0
106499.0
106500.0
0.0
0.0
0.0
0.0
106571.0
106572.0
106573.0
106574.0
106575.0
106577.0
0.0
0.0
0.0
0.0
106649.0
106650.0
106651.0
106652.0
106653.0
106655.0
0.0
0.0
0.0
0.0
0.0
106729.0
106730.0
0.0
0.0
0.0
0.0
106807.0
106808.0
106809.0
0.0
106883.0
106884.0
106885.0
106886.0
106887.0
106960.0
106961.0
106962.0
106963.0
106964.0
106965.0
107038.0
107039.0
107040.0
107041.0
107042.0
107043.0
107044.0
107119.0
107120.0
107121.0
0.0
0.0
0.0
0.0
0.0
0.0
0.0
0.0
0.0
0.0
0.0
0.0
0.0
0.0
0.0
0.0
0.0
0.0
0.0
0.0
0.0
0.0
0.0
0.0
0.0
0.0
0.0
0.0
0.0
0.0
0.0
0.0
0.0
0.0
0.0
0.0
0.0
0.0
0.0
0.0
0.0
0.0
0.0
0.0
0.0
0.0
0.0
0.0
0.0
0.0
0.0
0.0
0.0
0.0
0.0
0.0
0.0
0.0
0.0
0.0
0.0
0.0
0.0
0.0
0.0
0.0
0.0
0.0
0.0
0.0
0.0
0.0
0.0
0.0
0.0
0.0
0.0
0.0
0.0
0.0
0.0
0.0
0.0
0.0
0.0
114370.0
0.0
0.0
0.0
0.0
0.0
114378.0
0.0
0.0
0.0
0.0
0.0
0.0
0.0
0.0
0.0
0.0
114448.0
114449.0
0.0
0.0
0.0
114456.0
114457.0
0.0
0.0
0.0
0.0
0.0
0.0
0.0
114527.0
114529.0
114530.0
114533.0
114534.0
114535.0
114536.0
0.0
0.0
0.0
114605.0
114606.0
114607.0
114608.0
114609.0
114611.0
114612.0
114613.0
114614.0
0.0
0.0
0.0
114682.0
114683.0
114684.0
114685.0
114686.0
114687.0
114689.0
114690.0
114691.0
114692.0
0.0
0.0
0.0
0.0
0.0
0.0
114761.0
114762.0
114763.0
114764.0
114765.0
114768.0
0.0
0.0
0.0
0.0
0.0
0.0
114842.0
114843.0
0.0
0.0
0.0
0.0
0.0
114917.0
114918.0
114919.0
114920.0
114921.0
114922.0
0.0
114994.0
114995.0
114996.0
114997.0
114998.0
114999.0
115000.0
115072.0
115073.0
115074.0
115075.0
115076.0
115077.0
115078.0
0.0
115154.0
115155.0
115156.0
0.0
0.0
0.0
0.0
0.0
0.0
0.0
0.0
0.0
0.0
0.0
0.0
0.0
0.0
0.0
0.0
0.0
0.0
0.0
0.0
0.0
0.0
0.0
0.0
0.0
0.0
0.0
0.0
0.0
0.0
0.0
0.0
0.0
0.0
0.0
0.0
0.0
0.0
0.0
0.0
0.0
0.0
0.0
0.0
0.0
0.0
0.0
0.0
0.0
0.0
0.0
0.0
0.0
0.0
0.0
0.0
0.0
0.0
0.0
0.0
0.0
0.0
0.0
0.0
0.0
0.0
0.0
0.0
0.0
0.0
0.0
0.0
0.0
0.0
0.0
0.0
0.0
0.0
0.0
0.0
0.0
0.0
0.0
0.0
0.0
0.0
0.0
0.0
0.0
0.0
0.0
0.0
0.0
0.0
0.0
0.0
0.0
0.0
0.0
0.0
0.0
0.0
0.0
0.0
0.0
0.0
0.0
0.0
0.0
0.0
0.0
0.0
0.0
0.0
0.0
0.0
0.0
122403.0
122404.0
0.0
0.0
0.0
0.0
0.0
0.0
0.0
0.0
0.0
0.0
0.0
0.0
0.0
0.0
0.0
122481.0
122482.0
122483.0
122486.0
0.0
0.0
0.0
122490.0
122491.0
0.0
0.0
0.0
0.0
0.0
0.0
0.0
122560.0
122561.0
122563.0
122564.0
122565.0
122566.0
122567.0
122568.0
122569.0
122570.0
0.0
0.0
0.0
0.0
122639.0
122641.0
122644.0
122645.0
122648.0
0.0
0.0
122716.0
122717.0
122718.0
122719.0
122720.0
122721.0
122722.0
122723.0
122724.0
122725.0
122726.0
0.0
0.0
0.0
0.0
122795.0
122796.0
122797.0
122798.0
122799.0
122800.0
122801.0
122802.0
122803.0
122804.0
0.0
0.0
0.0
0.0
122874.0
122877.0
122878.0
0.0
0.0
0.0
0.0
0.0
122952.0
122953.0
122954.0
122955.0
122956.0
123029.0
123030.0
123031.0
123032.0
123033.0
123034.0
123035.0
123107.0
123108.0
123110.0
123111.0
123112.0
123113.0
123185.0
123188.0
123189.0
123190.0
123340.0
123417.0
123418.0
123495.0
123496.0
123497.0
123573.0
123574.0
0.0
0.0
0.0
0.0
0.0
0.0
0.0
0.0
0.0
0.0
0.0
0.0
0.0
0.0
0.0
0.0
0.0
0.0
0.0
0.0
0.0
0.0
0.0
0.0
0.0
0.0
0.0
0.0
0.0
0.0
0.0
0.0
0.0
0.0
0.0
0.0
0.0
0.0
0.0
0.0
0.0
0.0
0.0
0.0
0.0
0.0
0.0
0.0
0.0
0.0
0.0
0.0
0.0
0.0
0.0
0.0
0.0
0.0
0.0
0.0
0.0
0.0
0.0
0.0
0.0
0.0
0.0
0.0
0.0
0.0
0.0
0.0
0.0
0.0
0.0
0.0
0.0
0.0
0.0
0.0
0.0
0.0
0.0
0.0
0.0
0.0
0.0
0.0
0.0
0.0
0.0
0.0
0.0
0.0
0.0
0.0
0.0
0.0
0.0
0.0
0.0
0.0
0.0
0.0
0.0
0.0
0.0
0.0
0.0
0.0
0.0
0.0
0.0
0.0
0.0
0.0
0.0
0.0
0.0
0.0
0.0
0.0
0.0
0.0
0.0
0.0
0.0
0.0
0.0
0.0
0.0
0.0
0.0
0.0
0.0
0.0
0.0
0.0
0.0
0.0
0.0
0.0
0.0
0.0
0.0
0.0
0.0
0.0
0.0
0.0
0.0
0.0
0.0
130438.0
0.0
0.0
0.0
0.0
0.0
0.0
0.0
0.0
0.0
0.0
0.0
0.0
0.0
130515.0
130516.0
130520.0
130521.0
0.0
130523.0
130524.0
130525.0
0.0
0.0
0.0
0.0
0.0
0.0
0.0
0.0
130593.0
130594.0
130595.0
130596.0
130597.0
130598.0
130599.0
0.0
130601.0
130602.0
130603.0
130604.0
0.0
0.0
0.0
130671.0
130672.0
130673.0
130674.0
130676.0
130678.0
130679.0
130680.0
0.0
130682.0
130683.0
0.0
0.0
130751.0
130752.0
130753.0
130754.0
130755.0
130756.0
130757.0
130758.0
130760.0
0.0
0.0
0.0
130829.0
130830.0
130831.0
130832.0
130833.0
130834.0
130835.0
130836.0
130837.0
130838.0
0.0
0.0
0.0
0.0
130908.0
130909.0
130910.0
130911.0
130912.0
130913.0
130915.0
130916.0
0.0
0.0
130986.0
130987.0
130990.0
130991.0
131063.0
131064.0
131065.0
131066.0
131067.0
131068.0
131069.0
131070.0
131140.0
131141.0
131142.0
131143.0
131144.0
131145.0
131146.0
131147.0
131219.0
131220.0
131221.0
131222.0
131223.0
131224.0
131225.0
131298.0
131299.0
131300.0
131301.0
131373.0
131374.0
131375.0
131376.0
131377.0
131378.0
131379.0
131451.0
131452.0
131453.0
131455.0
131456.0
131529.0
131530.0
131531.0
131606.0
131607.0
131608.0
131609.0
131685.0
131686.0
131687.0
131763.0
131764.0
131765.0
0.0
0.0
0.0
0.0
0.0
0.0
0.0
0.0
0.0
0.0
0.0
0.0
0.0
0.0
0.0
0.0
0.0
0.0
0.0
0.0
0.0
0.0
0.0
0.0
0.0
0.0
0.0
0.0
0.0
0.0
0.0
0.0
0.0
0.0
0.0
0.0
0.0
0.0
0.0
0.0
0.0
0.0
0.0
0.0
0.0
0.0
0.0
0.0
0.0
0.0
0.0
0.0
0.0
0.0
0.0
0.0
0.0
0.0
0.0
0.0
0.0
0.0
0.0
0.0
0.0
0.0
0.0
0.0
0.0
0.0
0.0
0.0
0.0
0.0
0.0
0.0
0.0
0.0
0.0
0.0
0.0
0.0
0.0
0.0
0.0
0.0
0.0
0.0
0.0
0.0
0.0
0.0
0.0
0.0
0.0
0.0
0.0
0.0
0.0
0.0
0.0
0.0
0.0
0.0
0.0
0.0
0.0
0.0
0.0
0.0
0.0
0.0
0.0
0.0
0.0
0.0
0.0
0.0
138081.0
0.0
0.0
0.0
0.0
0.0
0.0
0.0
0.0
0.0
0.0
0.0
0.0
0.0
0.0
0.0
0.0
0.0
0.0
0.0
0.0
0.0
0.0
0.0
0.0
0.0
0.0
0.0
0.0
0.0
0.0
0.0
0.0
0.0
0.0
0.0
0.0
0.0
0.0
0.0
0.0
0.0
0.0
0.0
0.0
0.0
0.0
0.0
0.0
0.0
0.0
0.0
0.0
0.0
0.0
0.0
0.0
0.0
0.0
0.0
0.0
0.0
0.0
0.0
0.0
0.0
0.0
0.0
0.0
0.0
0.0
0.0
0.0
0.0
0.0
0.0
0.0
138481.0
138482.0
0.0
0.0
0.0
0.0
0.0
138558.0
138559.0
0.0
0.0
0.0
0.0
0.0
0.0
0.0
138628.0
138629.0
138630.0
138632.0
138633.0
138634.0
138635.0
138636.0
138637.0
138638.0
0.0
0.0
0.0
0.0
138705.0
138706.0
138707.0
138708.0
138710.0
138711.0
138713.0
138714.0
0.0
138716.0
138717.0
0.0
0.0
138785.0
138786.0
138788.0
138789.0
138790.0
138791.0
138792.0
138793.0
138794.0
138795.0
0.0
0.0
138863.0
138864.0
138865.0
138866.0
138867.0
138868.0
138869.0
138870.0
138871.0
138872.0
138873.0
0.0
0.0
0.0
138942.0
138943.0
138944.0
138945.0
138946.0
138947.0
138948.0
138949.0
0.0
0.0
139021.0
139022.0
139023.0
139024.0
139025.0
139097.0
139098.0
139099.0
139100.0
139101.0
139102.0
139103.0
139104.0
139174.0
139175.0
139176.0
139177.0
139178.0
139179.0
139180.0
139181.0
139253.0
139254.0
139255.0
139256.0
139257.0
139258.0
139259.0
0.0
0.0
139332.0
139333.0
139334.0
139335.0
139407.0
139408.0
0.0
139410.0
139411.0
139412.0
139413.0
139485.0
139486.0
139487.0
0.0
139489.0
139490.0
139491.0
139563.0
139564.0
139566.0
139567.0
139568.0
139641.0
139642.0
139718.0
139719.0
139720.0
139797.0
139798.0
139875.0
139876.0
139877.0
139953.0
139954.0
0.0
0.0
0.0
0.0
0.0
0.0
0.0
0.0
0.0
0.0
0.0
0.0
0.0
0.0
0.0
0.0
0.0
0.0
140734.0
140735.0
0.0
140811.0
140812.0
140813.0
0.0
0.0
0.0
140890.0
0.0
0.0
0.0
141042.0
0.0
0.0
0.0
0.0
0.0
0.0
0.0
0.0
0.0
0.0
0.0
0.0
0.0
0.0
0.0
0.0
0.0
0.0
0.0
0.0
0.0
0.0
0.0
0.0
0.0
0.0
0.0
0.0
0.0
0.0
0.0
0.0
0.0
0.0
0.0
0.0
0.0
0.0
0.0
0.0
0.0
0.0
0.0
0.0
0.0
0.0
0.0
0.0
0.0
0.0
0.0
0.0
0.0
0.0
0.0
0.0
0.0
0.0
0.0
0.0
0.0
0.0
0.0
0.0
0.0
0.0
0.0
0.0
0.0
0.0
0.0
146037.0
0.0
0.0
0.0
0.0
0.0
0.0
0.0
0.0
0.0
0.0
0.0
0.0
0.0
146114.0
146115.0
146116.0
0.0
0.0
0.0
0.0
0.0
0.0
0.0
0.0
0.0
0.0
0.0
0.0
0.0
146192.0
146193.0
146194.0
146195.0
0.0
0.0
0.0
0.0
0.0
0.0
0.0
0.0
0.0
0.0
0.0
0.0
0.0
0.0
0.0
0.0
0.0
0.0
0.0
0.0
0.0
0.0
0.0
0.0
0.0
0.0
0.0
0.0
0.0
0.0
0.0
0.0
0.0
0.0
0.0
0.0
0.0
0.0
0.0
0.0
0.0
0.0
0.0
0.0
146437.0
146438.0
146439.0
0.0
0.0
0.0
0.0
0.0
0.0
0.0
0.0
0.0
0.0
0.0
146514.0
146515.0
146516.0
146517.0
0.0
0.0
0.0
0.0
0.0
146592.0
146593.0
146594.0
146595.0
0.0
0.0
0.0
0.0
0.0
146662.0
146663.0
146664.0
146665.0
146667.0
146668.0
146669.0
146670.0
146671.0
146672.0
146673.0
146674.0
0.0
0.0
146739.0
146740.0
146741.0
146742.0
146743.0
146745.0
146746.0
146747.0
146748.0
146749.0
146750.0
146751.0
0.0
0.0
146820.0
146821.0
146823.0
146824.0
146825.0
146826.0
146827.0
146828.0
146829.0
0.0
0.0
0.0
146898.0
146899.0
146900.0
146901.0
146902.0
146903.0
146904.0
146905.0
146906.0
146907.0
0.0
0.0
146976.0
146977.0
146978.0
146979.0
146980.0
146981.0
146982.0
146983.0
147055.0
147056.0
147057.0
147058.0
147059.0
147134.0
147135.0
147136.0
147137.0
147208.0
147209.0
147210.0
147211.0
147212.0
147213.0
147214.0
147215.0
0.0
147288.0
147289.0
147290.0
147291.0
147292.0
147293.0
147364.0
0.0
147366.0
147367.0
147368.0
147369.0
147442.0
147443.0
0.0
147445.0
147446.0
147447.0
147520.0
147521.0
147522.0
147523.0
147524.0
147597.0
147598.0
147600.0
0.0
0.0
147675.0
147676.0
0.0
0.0
147752.0
147753.0
147754.0
147830.0
147831.0
147832.0
147909.0
147910.0
147987.0
147988.0
148065.0
148066.0
148143.0
148144.0
0.0
148299.0
0.0
0.0
0.0
0.0
0.0
0.0
0.0
0.0
0.0
148768.0
148769.0
148844.0
148845.0
148846.0
148847.0
0.0
148922.0
148923.0
148924.0
148925.0
148998.0
148999.0
149000.0
0.0
149076.0
0.0
149078.0
0.0
149154.0
149155.0
149156.0
149233.0
153455.0
153532.0
153533.0
0.0
0.0
0.0
0.0
0.0
0.0
0.0
0.0
0.0
0.0
0.0
0.0
0.0
0.0
0.0
0.0
0.0
0.0
0.0
0.0
0.0
0.0
0.0
0.0
0.0
0.0
0.0
0.0
0.0
0.0
0.0
0.0
0.0
0.0
0.0
0.0
0.0
0.0
0.0
0.0
0.0
0.0
0.0
0.0
0.0
0.0
0.0
0.0
0.0
0.0
0.0
154070.0
154071.0
0.0
0.0
0.0
0.0
0.0
0.0
0.0
0.0
0.0
0.0
0.0
0.0
154148.0
154149.0
154150.0
154151.0
154152.0
0.0
154155.0
0.0
0.0
0.0
0.0
0.0
0.0
0.0
0.0
0.0
154226.0
154227.0
154228.0
154229.0
0.0
0.0
0.0
154233.0
0.0
0.0
0.0
0.0
0.0
0.0
0.0
0.0
154304.0
154305.0
0.0
0.0
0.0
0.0
0.0
0.0
0.0
0.0
0.0
0.0
0.0
0.0
0.0
0.0
0.0
0.0
0.0
0.0
0.0
0.0
0.0
0.0
0.0
0.0
0.0
0.0
0.0
0.0
154471.0
154472.0
0.0
0.0
0.0
0.0
0.0
0.0
0.0
0.0
154548.0
154549.0
154550.0
154551.0
154552.0
0.0
0.0
0.0
0.0
0.0
154627.0
154628.0
154629.0
154630.0
0.0
0.0
0.0
0.0
154696.0
154697.0
154698.0
154699.0
154702.0
154703.0
154705.0
154706.0
154707.0
154708.0
0.0
0.0
0.0
154774.0
154775.0
154776.0
154777.0
154779.0
154780.0
154781.0
154782.0
154783.0
154784.0
154785.0
0.0
0.0
0.0
154853.0
154854.0
154855.0
154857.0
154858.0
154859.0
154860.0
154861.0
154862.0
154863.0
0.0
0.0
0.0
154932.0
154933.0
154934.0
154935.0
154936.0
154937.0
154938.0
154939.0
0.0
0.0
0.0
155010.0
155011.0
155012.0
155014.0
155015.0
0.0
155088.0
155089.0
155090.0
155091.0
155092.0
155093.0
0.0
155166.0
155167.0
155168.0
155169.0
155170.0
155171.0
0.0
155244.0
155245.0
155246.0
155247.0
155248.0
155249.0
155322.0
155323.0
155324.0
155325.0
155326.0
155327.0
0.0
155401.0
155402.0
155403.0
155404.0
155476.0
155477.0
0.0
0.0
0.0
155554.0
155555.0
155556.0
0.0
0.0
155631.0
155632.0
155634.0
155635.0
0.0
155709.0
155710.0
155711.0
0.0
0.0
155787.0
155788.0
155789.0
0.0
155865.0
0.0
0.0
0.0
155943.0
155944.0
0.0
0.0
156021.0
156022.0
156023.0
0.0
156099.0
156100.0
0.0
156177.0
156178.0
0.0
0.0
156254.0
156255.0
156256.0
0.0
0.0
0.0
156332.0
156333.0
156334.0
0.0
0.0
0.0
156647.0
156648.0
156649.0
156650.0
156724.0
156725.0
156726.0
156727.0
156728.0
156801.0
156802.0
156803.0
156804.0
156805.0
0.0
156878.0
156879.0
156880.0
156881.0
156882.0
156883.0
156955.0
156956.0
156957.0
156958.0
156959.0
156960.0
157032.0
157033.0
157034.0
157035.0
157036.0
157037.0
157109.0
157110.0
157111.0
157112.0
157187.0
157188.0
157189.0
157190.0
157265.0
157266.0
157267.0
161411.0
0.0
0.0
161487.0
161488.0
161489.0
0.0
0.0
0.0
0.0
0.0
0.0
0.0
161564.0
161565.0
161566.0
161567.0
0.0
0.0
0.0
0.0
0.0
0.0
161641.0
0.0
161643.0
161644.0
161645.0
0.0
0.0
0.0
0.0
0.0
0.0
0.0
0.0
0.0
0.0
0.0
0.0
0.0
161720.0
161721.0
161722.0
0.0
0.0
0.0
0.0
0.0
0.0
0.0
0.0
0.0
0.0
0.0
0.0
0.0
0.0
0.0
0.0
0.0
0.0
0.0
0.0
0.0
0.0
0.0
0.0
0.0
0.0
0.0
0.0
0.0
0.0
0.0
161951.0
0.0
0.0
0.0
0.0
162027.0
0.0
0.0
162030.0
162031.0
162032.0
0.0
0.0
0.0
0.0
0.0
162104.0
162105.0
162106.0
162108.0
0.0
162110.0
162111.0
0.0
0.0
0.0
0.0
0.0
0.0
0.0
0.0
162182.0
162183.0
162184.0
162185.0
162186.0
162187.0
162188.0
162189.0
0.0
0.0
0.0
0.0
0.0
0.0
0.0
0.0
162260.0
162263.0
162264.0
0.0
162266.0
162267.0
0.0
0.0
0.0
0.0
0.0
0.0
0.0
162338.0
162339.0
0.0
0.0
0.0
0.0
0.0
0.0
162416.0
162417.0
0.0
0.0
0.0
0.0
0.0
0.0
0.0
0.0
0.0
0.0
0.0
162494.0
0.0
0.0
0.0
0.0
0.0
0.0
0.0
0.0
0.0
0.0
0.0
0.0
0.0
0.0
0.0
162583.0
162584.0
162585.0
0.0
0.0
0.0
0.0
162653.0
162661.0
162662.0
162663.0
162664.0
0.0
0.0
0.0
0.0
162730.0
162731.0
162732.0
162733.0
162740.0
162741.0
0.0
0.0
0.0
162808.0
162809.0
162810.0
162811.0
162812.0
162814.0
162815.0
162816.0
162818.0
162819.0
0.0
0.0
0.0
0.0
0.0
162887.0
162888.0
162889.0
162890.0
162892.0
162893.0
162894.0
0.0
0.0
0.0
162966.0
162967.0
162968.0
162969.0
162970.0
162971.0
0.0
0.0
163044.0
163045.0
163046.0
163047.0
0.0
0.0
163123.0
163124.0
163125.0
0.0
0.0
163201.0
163202.0
163203.0
163204.0
163205.0
0.0
0.0
163279.0
163280.0
163281.0
163282.0
163283.0
0.0
0.0
0.0
163358.0
163359.0
163360.0
0.0
0.0
163437.0
163438.0
163510.0
163511.0
0.0
0.0
0.0
163588.0
163589.0
163590.0
163591.0
0.0
0.0
163666.0
163667.0
163668.0
163669.0
0.0
0.0
163744.0
163745.0
163746.0
0.0
0.0
163822.0
163823.0
163824.0
0.0
0.0
0.0
0.0
0.0
0.0
163977.0
163978.0
0.0
0.0
0.0
0.0
164055.0
164056.0
0.0
0.0
0.0
0.0
0.0
164133.0
164134.0
0.0
0.0
0.0
0.0
0.0
0.0
164211.0
0.0
0.0
0.0
164288.0
164289.0
0.0
0.0
0.0
164366.0
164367.0
164368.0
164444.0
164445.0
164682.0
164683.0
164684.0
164758.0
164759.0
164760.0
164761.0
164762.0
0.0
164835.0
164836.0
164837.0
164838.0
164839.0
0.0
164912.0
164913.0
164915.0
164916.0
164917.0
164989.0
164990.0
164991.0
164992.0
164993.0
164994.0
165062.0
165063.0
165065.0
165066.0
165067.0
165068.0
165069.0
165070.0
165071.0
165072.0
165140.0
165141.0
165142.0
165144.0
165145.0
165220.0
165221.0
165222.0
165223.0
165298.0
165299.0
165300.0
165301.0
165377.0
165378.0
169366.0
169367.0
0.0
169444.0
169445.0
0.0
0.0
0.0
0.0
0.0
0.0
169519.0
169520.0
169521.0
169522.0
169523.0
0.0
0.0
0.0
0.0
0.0
0.0
0.0
169596.0
169597.0
169598.0
169599.0
169601.0
0.0
0.0
0.0
0.0
0.0
0.0
169673.0
169674.0
169676.0
169677.0
169678.0
169679.0
0.0
0.0
0.0
0.0
0.0
0.0
0.0
169752.0
0.0
169754.0
169755.0
169756.0
169757.0
0.0
0.0
0.0
0.0
0.0
0.0
169828.0
0.0
0.0
0.0
0.0
0.0
0.0
0.0
0.0
0.0
0.0
0.0
169906.0
169907.0
0.0
0.0
0.0
0.0
0.0
0.0
0.0
0.0
0.0
169984.0
169985.0
169986.0
169987.0
169988.0
0.0
0.0
0.0
0.0
0.0
0.0
0.0
170060.0
170061.0
170062.0
170063.0
170064.0
170065.0
170066.0
170067.0
0.0
0.0
0.0
0.0
0.0
170138.0
170139.0
170140.0
170141.0
170142.0
170143.0
170144.0
170145.0
0.0
0.0
0.0
0.0
0.0
0.0
170216.0
170218.0
170219.0
170220.0
170221.0
170222.0
170223.0
0.0
0.0
0.0
0.0
0.0
0.0
170294.0
170295.0
170300.0
170301.0
0.0
0.0
0.0
0.0
0.0
170372.0
170373.0
0.0
0.0
0.0
0.0
0.0
0.0
170450.0
170451.0
0.0
0.0
0.0
0.0
0.0
0.0
0.0
0.0
0.0
0.0
0.0
0.0
0.0
0.0
0.0
0.0
0.0
0.0
0.0
0.0
0.0
0.0
0.0
170686.0
170687.0
0.0
0.0
0.0
170764.0
170765.0
0.0
0.0
0.0
0.0
170842.0
170843.0
170844.0
170845.0
170846.0
0.0
0.0
0.0
170920.0
170921.0
170922.0
170923.0
170924.0
0.0
0.0
171000.0
171001.0
171002.0
171003.0
0.0
0.0
171079.0
171080.0
171081.0
0.0
171157.0
171158.0
171159.0
0.0
171236.0
171237.0
171238.0
0.0
0.0
171314.0
171315.0
171316.0
0.0
0.0
0.0
0.0
171393.0
0.0
0.0
0.0
0.0
171545.0
171546.0
0.0
0.0
0.0
171622.0
171623.0
171624.0
0.0
0.0
0.0
171700.0
171701.0
0.0
0.0
0.0
0.0
171778.0
171779.0
0.0
0.0
0.0
0.0
0.0
0.0
171856.0
0.0
0.0
0.0
0.0
0.0
0.0
0.0
0.0
0.0
0.0
0.0
0.0
0.0
0.0
172016.0
0.0
0.0
172089.0
0.0
0.0
0.0
172094.0
0.0
0.0
0.0
0.0
0.0
0.0
0.0
172245.0
0.0
0.0
0.0
172323.0
0.0
0.0
172400.0
172401.0
172478.0
172479.0
172717.0
172718.0
172795.0
172796.0
172873.0
0.0
0.0
172949.0
172950.0
173021.0
173022.0
0.0
0.0
0.0
0.0
173027.0
173028.0
173097.0
173099.0
173100.0
0.0
173103.0
173104.0
173105.0
173174.0
173175.0
173176.0
173177.0
173253.0
173254.0
173255.0
173256.0
173332.0
173333.0
173334.0
173410.0
173411.0
173412.0
177322.0
177323.0
177399.0
177400.0
177401.0
0.0
0.0
0.0
0.0
0.0
177477.0
177478.0
177479.0
0.0
0.0
0.0
0.0
0.0
0.0
0.0
177553.0
177554.0
177555.0
177556.0
0.0
0.0
0.0
0.0
0.0
177630.0
177631.0
177632.0
0.0
0.0
0.0
0.0
0.0
0.0
0.0
177707.0
177708.0
177709.0
177710.0
177713.0
0.0
0.0
0.0
0.0
0.0
0.0
177785.0
177786.0
177787.0
0.0
0.0
0.0
0.0
0.0
0.0
177863.0
177864.0
0.0
0.0
0.0
0.0
0.0
0.0
0.0
0.0
0.0
177940.0
177941.0
0.0
0.0
0.0
0.0
0.0
0.0
0.0
0.0
178017.0
178018.0
178019.0
178020.0
178021.0
0.0
0.0
0.0
0.0
0.0
0.0
178094.0
178095.0
178096.0
178097.0
178098.0
178099.0
178100.0
178101.0
0.0
0.0
0.0
0.0
178172.0
178173.0
178174.0
178175.0
178176.0
178177.0
178178.0
178179.0
178250.0
178251.0
178253.0
178254.0
0.0
178328.0
178329.0
178406.0
178407.0
0.0
0.0
178484.0
178485.0
0.0
0.0
0.0
0.0
0.0
0.0
0.0
0.0
0.0
0.0
0.0
0.0
0.0
0.0
0.0
0.0
0.0
0.0
0.0
0.0
0.0
0.0
0.0
0.0
0.0
0.0
178798.0
178799.0
0.0
0.0
0.0
178876.0
178877.0
0.0
0.0
0.0
0.0
0.0
0.0
0.0
0.0
0.0
0.0
0.0
0.0
0.0
0.0
0.0
0.0
0.0
0.0
0.0
0.0
0.0
0.0
0.0
0.0
0.0
0.0
0.0
0.0
0.0
0.0
179657.0
0.0
0.0
0.0
0.0
0.0
0.0
179735.0
0.0
0.0
0.0
0.0
0.0
0.0
0.0
0.0
0.0
0.0
0.0
0.0
0.0
0.0
0.0
0.0
0.0
0.0
0.0
0.0
0.0
0.0
0.0
0.0
0.0
0.0
0.0
0.0
0.0
0.0
0.0
180050.0
180051.0
0.0
0.0
0.0
180127.0
180128.0
0.0
0.0
0.0
0.0
180206.0
180282.0
0.0
0.0
0.0
180435.0
180512.0
180513.0
0.0
0.0
0.0
0.0
0.0
181132.0
181133.0
0.0
0.0
0.0
0.0
181208.0
181209.0
181210.0
181211.0
181212.0
0.0
0.0
181285.0
181286.0
181287.0
181288.0
181289.0
181290.0
0.0
0.0
181363.0
181364.0
181365.0
181366.0
181367.0
181368.0
181443.0
181444.0
181445.0
185356.0
0.0
0.0
185432.0
185433.0
185434.0
0.0
0.0
0.0
0.0
0.0
0.0
185508.0
185509.0
185510.0
185511.0
185512.0
0.0
0.0
0.0
0.0
0.0
0.0
0.0
185585.0
185586.0
185587.0
185588.0
185589.0
185590.0
0.0
0.0
0.0
0.0
0.0
0.0
185662.0
185663.0
185664.0
185665.0
185666.0
185667.0
0.0
0.0
0.0
0.0
0.0
0.0
0.0
185741.0
185742.0
185743.0
185744.0
185745.0
0.0
0.0
0.0
0.0
0.0
0.0
0.0
0.0
0.0
185819.0
185820.0
185821.0
185822.0
185823.0
0.0
0.0
0.0
0.0
0.0
0.0
0.0
0.0
0.0
185897.0
185898.0
185899.0
185900.0
0.0
0.0
0.0
0.0
0.0
0.0
0.0
0.0
0.0
0.0
185975.0
185976.0
185977.0
0.0
0.0
0.0
0.0
0.0
0.0
0.0
0.0
0.0
0.0
0.0
0.0
186051.0
186052.0
186053.0
186054.0
186055.0
0.0
0.0
0.0
0.0
0.0
0.0
0.0
0.0
0.0
0.0
0.0
0.0
186129.0
186130.0
186131.0
186132.0
186133.0
186134.0
0.0
0.0
0.0
0.0
0.0
0.0
0.0
0.0
0.0
186206.0
186207.0
186209.0
186210.0
186211.0
186212.0
0.0
0.0
186284.0
186285.0
186363.0
186364.0
186441.0
0.0
0.0
0.0
0.0
0.0
0.0
0.0
0.0
0.0
0.0
0.0
0.0
0.0
0.0
0.0
0.0
0.0
0.0
0.0
0.0
0.0
0.0
0.0
0.0
0.0
0.0
0.0
0.0
0.0
0.0
0.0
0.0
0.0
0.0
0.0
0.0
0.0
0.0
0.0
0.0
0.0
0.0
0.0
0.0
0.0
0.0
0.0
0.0
0.0
0.0
0.0
0.0
0.0
0.0
0.0
0.0
0.0
0.0
0.0
0.0
0.0
0.0
0.0
0.0
0.0
0.0
0.0
0.0
0.0
0.0
0.0
0.0
0.0
0.0
0.0
0.0
0.0
0.0
0.0
0.0
0.0
0.0
0.0
0.0
0.0
0.0
0.0
0.0
0.0
0.0
0.0
0.0
0.0
0.0
0.0
0.0
187928.0
0.0
0.0
0.0
0.0
0.0
188006.0
0.0
0.0
0.0
0.0
188084.0
0.0
0.0
188161.0
188162.0
188238.0
188239.0
188316.0
188394.0
188547.0
188624.0
0.0
0.0
0.0
0.0
0.0
0.0
0.0
0.0
0.0
0.0
189244.0
0.0
0.0
0.0
0.0
189319.0
189320.0
189321.0
189322.0
189323.0
0.0
0.0
189397.0
189398.0
189399.0
189400.0
189401.0
189476.0
189477.0
189478.0
189555.0
0.0
0.0
0.0
0.0
0.0
0.0
193543.0
193544.0
193545.0
193546.0
0.0
0.0
0.0
0.0
0.0
0.0
193620.0
193621.0
193622.0
193623.0
193624.0
0.0
0.0
0.0
0.0
0.0
0.0
0.0
193699.0
193700.0
193701.0
193702.0
0.0
0.0
0.0
0.0
0.0
0.0
0.0
0.0
0.0
0.0
193777.0
193778.0
193779.0
193780.0
0.0
0.0
0.0
0.0
0.0
0.0
0.0
0.0
0.0
0.0
193854.0
193855.0
193856.0
193857.0
193858.0
0.0
0.0
0.0
0.0
0.0
0.0
0.0
0.0
0.0
0.0
0.0
193929.0
193930.0
193931.0
193932.0
193933.0
193934.0
193935.0
0.0
0.0
0.0
0.0
0.0
0.0
0.0
0.0
0.0
0.0
194008.0
194009.0
194010.0
194011.0
194012.0
0.0
0.0
0.0
0.0
0.0
0.0
0.0
0.0
0.0
0.0
194085.0
194086.0
194087.0
194088.0
194089.0
194090.0
0.0
0.0
0.0
0.0
0.0
0.0
0.0
0.0
0.0
0.0
194162.0
194163.0
194164.0
194165.0
194166.0
194167.0
194168.0
0.0
0.0
0.0
0.0
0.0
0.0
0.0
0.0
0.0
0.0
194240.0
194241.0
194243.0
194244.0
194245.0
194246.0
0.0
0.0
0.0
0.0
194318.0
194319.0
194320.0
194323.0
0.0
0.0
0.0
194397.0
194398.0
0.0
0.0
0.0
0.0
0.0
0.0
0.0
0.0
0.0
0.0
0.0
0.0
0.0
0.0
0.0
0.0
0.0
0.0
0.0
0.0
0.0
0.0
0.0
0.0
0.0
0.0
0.0
0.0
0.0
0.0
0.0
0.0
0.0
0.0
0.0
0.0
0.0
0.0
0.0
0.0
0.0
0.0
0.0
0.0
0.0
0.0
0.0
0.0
0.0
0.0
0.0
0.0
0.0
0.0
0.0
0.0
0.0
0.0
0.0
0.0
0.0
0.0
0.0
0.0
0.0
0.0
0.0
0.0
0.0
0.0
0.0
0.0
0.0
0.0
0.0
0.0
0.0
0.0
0.0
0.0
0.0
0.0
0.0
0.0
0.0
0.0
0.0
0.0
0.0
0.0
195959.0
0.0
0.0
0.0
0.0
196037.0
196038.0
196040.0
0.0
196115.0
196118.0
0.0
196193.0
196195.0
196196.0
196270.0
196271.0
196272.0
196273.0
196349.0
196350.0
196427.0
196428.0
0.0
0.0
0.0
0.0
0.0
0.0
0.0
0.0
0.0
0.0
197277.0
0.0
0.0
197355.0
197356.0
197432.0
197433.0
197434.0
197510.0
197511.0
0.0
0.0
0.0
0.0
0.0
0.0
0.0
201656.0
201657.0
201658.0
0.0
0.0
0.0
0.0
0.0
0.0
0.0
201734.0
201735.0
201736.0
0.0
0.0
0.0
0.0
0.0
0.0
0.0
0.0
0.0
201811.0
201812.0
201813.0
201814.0
0.0
0.0
0.0
0.0
0.0
0.0
0.0
0.0
0.0
0.0
0.0
201888.0
201889.0
201890.0
201891.0
201892.0
0.0
0.0
0.0
0.0
0.0
0.0
0.0
201964.0
201965.0
201966.0
201967.0
201968.0
201969.0
201970.0
0.0
0.0
0.0
0.0
0.0
0.0
0.0
0.0
202041.0
202042.0
202043.0
202044.0
202045.0
202046.0
202047.0
0.0
0.0
0.0
0.0
0.0
0.0
0.0
0.0
0.0
202120.0
202121.0
202122.0
202123.0
202124.0
202125.0
0.0
0.0
0.0
0.0
0.0
0.0
0.0
0.0
0.0
202197.0
202198.0
202199.0
202200.0
202201.0
202202.0
202203.0
0.0
0.0
0.0
0.0
0.0
0.0
0.0
0.0
202275.0
202276.0
202278.0
202279.0
202280.0
0.0
0.0
0.0
202353.0
202354.0
0.0
0.0
0.0
202431.0
0.0
0.0
0.0
0.0
0.0
0.0
0.0
0.0
0.0
0.0
0.0
0.0
0.0
0.0
0.0
0.0
0.0
0.0
0.0
0.0
0.0
0.0
0.0
0.0
0.0
0.0
0.0
0.0
0.0
0.0
0.0
0.0
0.0
0.0
0.0
0.0
0.0
0.0
0.0
0.0
0.0
0.0
0.0
0.0
0.0
0.0
0.0
0.0
0.0
0.0
0.0
0.0
0.0
0.0
0.0
0.0
0.0
0.0
0.0
0.0
0.0
0.0
0.0
0.0
0.0
0.0
0.0
203993.0
203994.0
204071.0
204072.0
204074.0
204149.0
204150.0
204151.0
204152.0
204226.0
204227.0
204228.0
204229.0
204230.0
204304.0
204305.0
204306.0
204307.0
204382.0
204383.0
204384.0
204461.0
204462.0
0.0
0.0
0.0
205389.0
205544.0
0.0
0.0
0.0
0.0
0.0
0.0
0.0
0.0
0.0
0.0
0.0
209848.0
0.0
0.0
0.0
0.0
0.0
0.0
0.0
0.0
0.0
209922.0
209923.0
209924.0
209925.0
209926.0
0.0
0.0
0.0
0.0
0.0
0.0
0.0
209999.0
210000.0
210001.0
210002.0
210003.0
210004.0
0.0
0.0
0.0
0.0
0.0
0.0
0.0
0.0
0.0
0.0
210076.0
210077.0
210078.0
210079.0
210080.0
210081.0
210082.0
0.0
0.0
0.0
0.0
0.0
0.0
0.0
0.0
210154.0
210155.0
210156.0
210157.0
210158.0
210159.0
0.0
0.0
0.0
0.0
0.0
0.0
0.0
0.0
210231.0
210232.0
210233.0
210234.0
210235.0
210236.0
210237.0
0.0
0.0
210309.0
210310.0
210311.0
210312.0
0.0
210387.0
210388.0
0.0
210465.0
0.0
0.0
0.0
0.0
0.0
0.0
0.0
0.0
0.0
0.0
0.0
0.0
0.0
0.0
0.0
0.0
0.0
0.0
0.0
0.0
0.0
0.0
0.0
0.0
0.0
0.0
0.0
0.0
0.0
0.0
0.0
0.0
0.0
0.0
0.0
0.0
0.0
0.0
0.0
0.0
0.0
0.0
0.0
0.0
0.0
0.0
0.0
0.0
0.0
0.0
0.0
0.0
0.0
0.0
0.0
0.0
0.0
0.0
0.0
0.0
0.0
0.0
0.0
0.0
0.0
0.0
212028.0
212105.0
212106.0
212183.0
212184.0
212185.0
212261.0
212262.0
212263.0
212264.0
212338.0
212339.0
212340.0
212341.0
212417.0
0.0
0.0
0.0
0.0
0.0
0.0
0.0
0.0
0.0
0.0
0.0
0.0
0.0
0.0
0.0
0.0
0.0
0.0
0.0
0.0
0.0
0.0
0.0
0.0
0.0
217955.0
217956.0
217957.0
217958.0
217959.0
0.0
0.0
0.0
0.0
0.0
0.0
218033.0
218034.0
218035.0
218036.0
218037.0
218038.0
0.0
0.0
0.0
0.0
0.0
0.0
0.0
0.0
218111.0
218112.0
218113.0
218114.0
218115.0
218116.0
0.0
0.0
0.0
0.0
0.0
0.0
0.0
218188.0
218189.0
218190.0
218191.0
218192.0
218193.0
0.0
0.0
218265.0
218266.0
218267.0
218268.0
218269.0
218343.0
218344.0
218345.0
218346.0
218421.0
218422.0
0.0
0.0
0.0
0.0
0.0
0.0
0.0
0.0
0.0
0.0
0.0
0.0
0.0
0.0
0.0
0.0
0.0
0.0
0.0
0.0
0.0
0.0
0.0
0.0
0.0
0.0
0.0
0.0
0.0
0.0
0.0
0.0
0.0
0.0
0.0
0.0
0.0
0.0
0.0
0.0
0.0
0.0
0.0
0.0
0.0
0.0
0.0
0.0
0.0
0.0
0.0
0.0
0.0
0.0
0.0
0.0
0.0
0.0
0.0
0.0
0.0
0.0
0.0
0.0
0.0
0.0
0.0
0.0
0.0
0.0
0.0
0.0
0.0
0.0
0.0
0.0
0.0
0.0
220062.0
0.0
0.0
220140.0
220218.0
220219.0
220296.0
220297.0
220374.0
220375.0
0.0
0.0
0.0
0.0
0.0
0.0
0.0
0.0
0.0
0.0
0.0
0.0
0.0
0.0
0.0
0.0
0.0
0.0
0.0
225990.0
225991.0
225992.0
0.0
0.0
0.0
0.0
0.0
226067.0
226068.0
226069.0
226070.0
226071.0
0.0
0.0
0.0
0.0
226145.0
226146.0
226147.0
226148.0
226149.0
0.0
0.0
0.0
226223.0
226224.0
226225.0
226300.0
226301.0
226302.0
226303.0
226378.0
226379.0
226380.0
226455.0
226456.0
0.0
0.0
0.0
0.0
0.0
0.0
0.0
0.0
0.0
0.0
0.0
0.0
0.0
0.0
0.0
0.0
0.0
0.0
0.0
0.0
0.0
0.0
0.0
0.0
0.0
0.0
0.0
0.0
0.0
0.0
0.0
0.0
0.0
0.0
0.0
0.0
0.0
0.0
0.0
0.0
0.0
0.0
0.0
0.0
0.0
0.0
0.0
0.0
0.0
0.0
0.0
0.0
0.0
0.0
0.0
0.0
0.0
0.0
0.0
0.0
0.0
0.0
0.0
0.0
0.0
0.0
0.0
0.0
0.0
0.0
0.0
0.0
0.0
0.0
0.0
0.0
0.0
0.0
0.0
0.0
0.0
0.0
0.0
0.0
0.0
0.0
0.0
0.0
0.0
0.0
0.0
0.0
0.0
0.0
0.0
0.0
0.0
0.0
228252.0
228330.0
228331.0
228408.0
0.0
0.0
0.0
0.0
0.0
234103.0
0.0
0.0
234334.0
234335.0
234336.0
234412.0
234413.0
234414.0
234489.0
0.0
0.0
0.0
0.0
0.0
0.0
0.0
0.0
0.0
0.0
0.0
0.0
0.0
0.0
0.0
0.0
0.0
0.0
0.0
0.0
0.0
0.0
0.0
0.0
0.0
0.0
0.0
0.0
0.0
0.0
0.0
0.0
0.0
0.0
0.0
0.0
0.0
0.0
0.0
0.0
0.0
0.0
0.0
0.0
0.0
0.0
0.0
0.0
0.0
0.0
0.0
0.0
0.0
0.0
0.0
0.0
0.0
0.0
0.0
0.0
0.0
0.0
0.0
0.0
0.0
0.0
0.0
0.0
0.0
0.0
0.0
0.0
0.0
0.0
0.0
0.0
0.0
0.0
0.0
0.0
0.0
0.0
0.0
0.0
0.0
0.0
0.0
0.0
0.0
0.0
0.0
0.0
0.0
0.0
0.0
0.0
0.0
0.0
0.0
0.0
0.0
0.0
0.0
0.0
0.0
0.0
0.0
0.0
0.0
0.0
0.0
0.0
0.0
0.0
0.0
0.0
0.0
0.0
0.0
0.0
0.0
0.0
0.0
0.0
0.0
0.0
0.0
0.0
0.0
0.0
0.0
0.0
0.0
0.0
0.0
0.0
0.0
0.0
0.0
0.0
0.0
0.0
0.0
0.0
0.0
0.0
0.0
0.0
0.0
0.0
0.0
0.0
0.0
0.0
0.0
0.0
0.0
0.0
0.0
0.0
0.0
0.0
0.0
0.0
0.0
0.0
0.0
0.0
0.0
0.0
0.0
0.0
0.0
0.0
0.0
0.0
0.0
0.0
0.0
0.0
0.0
0.0
0.0
0.0
0.0
0.0
0.0
0.0
0.0
0.0
0.0
0.0
0.0
0.0
0.0
0.0
0.0
0.0
0.0
0.0
0.0
0.0
0.0
0.0
0.0
0.0
0.0
0.0
0.0
0.0
0.0
0.0
0.0
0.0
0.0
0.0
0.0
0.0
0.0
0.0
0.0
0.0
0.0
0.0
0.0
0.0
0.0
0.0
0.0
0.0
0.0
0.0
0.0
0.0
0.0
0.0
0.0
0.0
0.0
0.0
0.0
0.0
0.0
0.0
0.0
0.0
0.0
0.0
0.0
0.0
0.0
0.0
0.0
0.0
0.0
0.0
0.0
0.0
0.0
0.0
0.0
0.0
0.0
0.0
0.0
0.0
0.0
0.0
0.0
0.0
0.0
0.0
0.0
0.0
0.0
0.0
0.0
0.0
0.0
0.0
0.0
0.0
0.0
0.0
0.0
0.0
0.0
0.0
0.0
0.0
0.0
0.0
0.0
0.0
0.0
0.0
0.0
0.0
0.0
0.0
0.0
0.0
0.0
0.0
0.0
0.0
0.0
0.0
0.0
0.0
0.0
0.0
0.0
0.0
0.0
0.0
0.0
0.0
0.0
0.0
0.0
0.0
0.0
0.0
0.0
0.0
0.0
0.0
0.0
0.0
0.0
0.0
0.0
0.0
0.0
0.0
0.0
0.0
0.0
0.0
0.0
0.0
0.0
0.0
0.0
0.0
0.0
0.0
0.0
0.0
0.0
0.0
0.0
0.0
0.0
0.0
0.0
0.0
0.0
0.0
0.0
0.0
0.0
0.0
0.0
0.0
0.0
0.0
0.0
0.0
0.0
0.0
0.0
0.0
0.0
0.0
0.0
0.0
0.0
0.0
0.0
0.0
0.0
0.0
0.0
0.0
0.0
0.0
0.0
0.0
0.0
0.0
0.0
0.0
0.0
0.0
0.0
0.0
0.0
0.0
0.0
0.0
0.0
0.0
0.0
0.0
0.0
0.0
0.0
0.0
0.0
0.0
0.0
0.0
0.0
0.0
0.0
0.0
0.0
0.0
0.0
0.0
0.0
0.0
0.0
0.0
0.0
0.0
0.0
0.0
0.0
0.0
0.0
0.0
0.0
0.0
0.0
0.0
0.0
0.0
0.0
0.0
0.0
0.0
0.0
0.0
0.0
0.0
0.0
0.0
0.0
0.0
0.0
0.0
0.0
0.0
0.0
0.0
0.0
0.0
0.0
0.0
0.0
0.0
0.0
0.0
0.0
0.0
0.0
0.0
0.0
0.0
0.0
0.0
0.0
0.0
0.0
0.0
0.0
0.0
0.0
0.0
0.0
0.0
0.0
0.0
0.0
0.0
0.0
0.0
0.0
0.0
0.0
0.0
0.0
0.0
0.0
0.0
0.0
0.0
0.0
0.0
0.0
0.0
0.0
0.0
0.0
0.0
0.0
0.0
0.0
0.0
0.0
0.0
0.0
0.0
0.0
0.0
0.0
0.0
0.0
0.0
0.0
0.0
0.0
0.0
0.0
0.0
0.0
0.0
0.0
0.0
0.0
0.0
0.0
0.0
0.0
0.0
0.0
0.0
0.0
0.0
0.0
0.0
0.0
0.0
0.0
0.0
0.0
0.0
0.0
0.0
0.0
0.0
0.0
0.0
0.0
0.0
0.0
0.0
0.0
0.0
0.0
0.0
0.0
0.0
0.0
0.0
0.0
0.0
0.0
0.0
0.0
0.0
0.0
0.0
0.0
0.0
0.0
0.0
0.0
0.0
0.0
0.0
0.0
0.0
0.0
0.0
0.0
0.0
0.0
0.0
0.0
0.0
0.0
0.0
0.0
0.0
0.0
0.0
0.0
0.0
0.0
0.0
0.0
0.0
0.0
0.0
0.0
0.0
0.0
0.0
0.0
0.0
0.0
0.0
0.0
0.0
0.0
0.0
0.0
0.0
0.0
0.0
0.0
0.0
0.0
0.0
0.0
0.0
0.0
0.0
0.0
0.0
0.0
0.0
0.0
0.0
0.0
0.0
0.0
0.0
0.0
0.0
0.0
0.0
0.0
0.0
0.0
0.0
0.0
0.0
0.0
0.0
0.0
0.0
0.0
0.0
0.0
0.0
0.0
0.0
0.0
0.0
0.0
0.0
0.0
0.0
0.0
0.0
0.0
0.0
0.0
0.0
0.0
0.0
0.0
0.0
0.0
0.0
0.0
0.0
0.0
0.0
0.0
0.0
0.0
0.0
0.0
0.0
0.0
0.0
0.0
0.0
0.0
0.0
0.0
0.0
0.0
0.0
0.0
0.0
0.0
0.0
0.0
0.0
0.0
0.0
0.0
0.0
0.0
0.0
0.0
0.0
0.0
0.0
0.0
0.0
0.0
0.0
0.0
0.0
0.0
0.0
0.0
0.0
0.0
0.0
0.0
0.0
0.0
0.0
0.0
0.0
0.0
0.0
0.0
0.0
0.0
0.0
0.0
0.0
0.0
0.0
0.0
0.0
0.0
0.0
0.0
0.0
0.0
0.0
0.0
0.0
0.0
0.0
0.0
0.0
0.0
0.0
0.0
0.0
0.0
0.0
0.0
0.0
0.0
0.0
0.0
0.0
0.0
0.0
0.0
0.0
0.0
0.0
0.0
0.0
0.0
0.0
0.0
0.0
0.0
0.0
0.0
0.0
0.0
0.0
0.0
0.0
0.0
0.0
0.0
0.0
0.0
0.0
0.0
0.0
0.0
0.0
0.0
0.0
0.0
0.0
0.0
0.0
0.0
0.0
0.0
0.0
0.0
0.0
0.0
0.0
0.0
0.0
0.0
0.0
0.0
0.0
0.0
0.0
0.0
0.0
0.0
0.0
0.0
0.0
0.0
0.0
0.0
0.0
0.0
0.0
0.0
0.0
0.0
0.0
0.0
0.0
0.0
0.0
0.0
0.0
0.0
0.0
0.0
0.0
0.0
0.0
0.0
0.0
0.0
0.0
0.0
0.0
0.0
0.0
0.0
0.0
0.0
0.0
0.0
0.0
0.0
0.0
0.0
0.0
0.0
0.0
0.0
0.0
0.0
0.0
0.0
0.0
0.0
0.0
0.0
0.0
0.0
0.0
0.0
0.0
0.0
0.0
0.0
0.0
0.0
0.0
0.0
0.0
0.0
0.0
0.0
0.0
0.0
0.0
0.0
0.0
0.0
0.0
0.0
0.0
0.0
0.0
0.0
0.0
0.0
0.0
0.0
0.0
0.0
0.0
0.0
0.0
0.0
0.0
0.0
0.0
0.0
0.0
0.0
0.0
0.0
0.0
0.0
0.0
0.0
0.0
0.0
0.0
0.0
0.0
0.0
0.0
0.0
0.0
0.0
0.0
0.0
0.0
0.0
0.0
0.0
0.0
0.0
0.0
0.0
0.0
0.0
0.0
0.0
0.0
0.0
0.0
0.0
0.0
0.0
0.0
0.0
0.0
0.0
0.0
0.0
0.0
0.0
0.0
0.0
0.0
0.0
0.0
0.0
0.0
0.0
0.0
0.0
0.0
0.0
0.0
0.0
0.0
0.0
0.0
0.0
0.0
0.0
0.0
0.0
0.0
0.0
0.0
0.0
0.0
0.0
0.0
402588.0
0.0
0.0
0.0
0.0
0.0
0.0
0.0
0.0
0.0
0.0
0.0
0.0
0.0
0.0
0.0
0.0
0.0
0.0
0.0
0.0
0.0
0.0
0.0
0.0
0.0
0.0
0.0
0.0
0.0
0.0
0.0
0.0
0.0
0.0
0.0
0.0
0.0
0.0
0.0
0.0
0.0
0.0
0.0
0.0
0.0
0.0
0.0
0.0
0.0
0.0
0.0
0.0
0.0
0.0
0.0
0.0
0.0
0.0
0.0
0.0
0.0
0.0
0.0
0.0
0.0
0.0
0.0
0.0
0.0
0.0
0.0
0.0
0.0
0.0
0.0
0.0
0.0
0.0
0.0
0.0
0.0
0.0
0.0
0.0
0.0
0.0
0.0
0.0
0.0
0.0
0.0
0.0
0.0
0.0
0.0
0.0
0.0
0.0
0.0
0.0
0.0
0.0
0.0
0.0
0.0
0.0
0.0
0.0
0.0
0.0
0.0
0.0
0.0
0.0
0.0
0.0
0.0
0.0
0.0
0.0
0.0
0.0
0.0
0.0
0.0
0.0
0.0
0.0
0.0
0.0
0.0
0.0
0.0
0.0
0.0
0.0
0.0
0.0
0.0
0.0
0.0
0.0
0.0
0.0
0.0
0.0
404378.0
404379.0
0.0
0.0
0.0
0.0
404457.0
0.0
0.0
0.0
0.0
0.0
0.0
0.0
0.0
0.0
0.0
0.0
0.0
0.0
0.0
0.0
0.0
0.0
0.0
0.0
0.0
0.0
0.0
0.0
0.0
410229.0
410306.0
410308.0
410309.0
0.0
410383.0
410384.0
410385.0
410386.0
410387.0
410388.0
0.0
0.0
410459.0
410461.0
410462.0
410465.0
410466.0
0.0
0.0
410543.0
410544.0
410545.0
410546.0
0.0
0.0
0.0
410620.0
410621.0
410622.0
0.0
0.0
0.0
410699.0
0.0
0.0
0.0
0.0
0.0
0.0
0.0
0.0
0.0
0.0
0.0
0.0
0.0
0.0
0.0
0.0
0.0
0.0
0.0
0.0
0.0
0.0
0.0
0.0
0.0
0.0
0.0
0.0
0.0
0.0
0.0
0.0
0.0
0.0
0.0
0.0
0.0
0.0
0.0
0.0
0.0
0.0
0.0
0.0
0.0
0.0
0.0
0.0
0.0
0.0
0.0
0.0
0.0
0.0
0.0
0.0
0.0
0.0
0.0
0.0
0.0
0.0
0.0
0.0
0.0
0.0
0.0
0.0
0.0
0.0
0.0
0.0
0.0
0.0
0.0
0.0
0.0
0.0
0.0
0.0
0.0
0.0
0.0
0.0
0.0
0.0
0.0
0.0
0.0
0.0
0.0
0.0
0.0
0.0
0.0
0.0
0.0
0.0
0.0
0.0
0.0
0.0
0.0
0.0
0.0
0.0
0.0
0.0
0.0
0.0
0.0
0.0
0.0
0.0
0.0
0.0
0.0
0.0
0.0
0.0
0.0
0.0
0.0
0.0
0.0
0.0
0.0
0.0
0.0
0.0
0.0
0.0
0.0
0.0
0.0
0.0
0.0
0.0
0.0
0.0
412412.0
412413.0
0.0
0.0
0.0
412489.0
412490.0
412491.0
0.0
0.0
0.0
412567.0
412568.0
0.0
0.0
412645.0
412646.0
0.0
0.0
0.0
412723.0
0.0
0.0
0.0
412802.0
0.0
0.0
0.0
0.0
0.0
0.0
0.0
418185.0
418261.0
418262.0
418263.0
418339.0
418340.0
418341.0
418342.0
418343.0
0.0
0.0
0.0
0.0
418416.0
418417.0
418418.0
418419.0
418420.0
418421.0
418422.0
0.0
0.0
0.0
0.0
0.0
418493.0
418494.0
418495.0
418496.0
418497.0
418498.0
418499.0
418500.0
418501.0
0.0
0.0
0.0
0.0
0.0
418576.0
418577.0
418578.0
418579.0
418580.0
0.0
0.0
0.0
0.0
0.0
0.0
0.0
0.0
418654.0
0.0
0.0
0.0
0.0
0.0
0.0
0.0
0.0
0.0
0.0
418732.0
0.0
0.0
0.0
0.0
0.0
0.0
0.0
0.0
0.0
0.0
418810.0
418811.0
0.0
0.0
0.0
0.0
0.0
0.0
0.0
0.0
0.0
0.0
0.0
0.0
0.0
0.0
0.0
0.0
0.0
0.0
0.0
0.0
0.0
0.0
0.0
0.0
0.0
0.0
0.0
0.0
0.0
0.0
0.0
0.0
0.0
0.0
0.0
0.0
0.0
0.0
0.0
0.0
0.0
0.0
0.0
0.0
0.0
0.0
0.0
0.0
0.0
0.0
0.0
0.0
0.0
0.0
0.0
0.0
0.0
0.0
0.0
0.0
0.0
0.0
0.0
0.0
0.0
0.0
0.0
0.0
0.0
0.0
0.0
0.0
0.0
0.0
0.0
0.0
0.0
0.0
0.0
0.0
0.0
0.0
0.0
0.0
0.0
0.0
0.0
0.0
0.0
0.0
0.0
0.0
0.0
0.0
0.0
0.0
0.0
0.0
0.0
0.0
0.0
0.0
0.0
0.0
0.0
0.0
0.0
0.0
0.0
0.0
0.0
0.0
0.0
0.0
0.0
0.0
0.0
0.0
0.0
0.0
0.0
0.0
0.0
0.0
0.0
0.0
0.0
0.0
0.0
0.0
0.0
0.0
0.0
0.0
0.0
0.0
0.0
0.0
0.0
0.0
0.0
0.0
0.0
0.0
0.0
0.0
0.0
0.0
0.0
0.0
0.0
0.0
420446.0
0.0
0.0
0.0
0.0
0.0
0.0
420524.0
420525.0
420526.0
0.0
0.0
420600.0
420601.0
420602.0
420603.0
0.0
0.0
420679.0
420680.0
0.0
0.0
0.0
420756.0
420757.0
420758.0
0.0
420834.0
420836.0
0.0
0.0
0.0
0.0
426297.0
0.0
0.0
0.0
426374.0
0.0
0.0
0.0
0.0
0.0
426450.0
426451.0
426452.0
426453.0
426454.0
0.0
0.0
0.0
0.0
0.0
0.0
0.0
0.0
0.0
0.0
426527.0
426528.0
426529.0
426530.0
426531.0
426532.0
0.0
0.0
0.0
0.0
0.0
0.0
0.0
426610.0
426613.0
0.0
0.0
0.0
0.0
0.0
0.0
426687.0
426688.0
0.0
0.0
0.0
0.0
0.0
0.0
0.0
0.0
0.0
0.0
426765.0
426766.0
0.0
0.0
0.0
0.0
0.0
0.0
0.0
0.0
0.0
426844.0
426845.0
0.0
0.0
0.0
0.0
0.0
0.0
0.0
0.0
0.0
0.0
0.0
0.0
0.0
0.0
0.0
0.0
0.0
0.0
0.0
0.0
0.0
0.0
0.0
0.0
0.0
0.0
0.0
0.0
0.0
0.0
0.0
0.0
0.0
0.0
0.0
0.0
0.0
0.0
0.0
0.0
0.0
0.0
0.0
0.0
0.0
0.0
0.0
0.0
0.0
0.0
0.0
0.0
0.0
0.0
0.0
0.0
0.0
0.0
0.0
0.0
0.0
0.0
0.0
0.0
0.0
0.0
0.0
0.0
0.0
0.0
0.0
0.0
0.0
0.0
0.0
0.0
0.0
0.0
0.0
0.0
0.0
0.0
0.0
0.0
0.0
0.0
0.0
0.0
0.0
0.0
0.0
0.0
0.0
0.0
0.0
0.0
0.0
0.0
0.0
0.0
0.0
0.0
0.0
0.0
0.0
0.0
0.0
0.0
0.0
0.0
0.0
0.0
0.0
0.0
0.0
0.0
0.0
0.0
0.0
0.0
0.0
0.0
0.0
0.0
0.0
0.0
0.0
0.0
0.0
0.0
0.0
0.0
0.0
0.0
0.0
0.0
0.0
0.0
0.0
0.0
0.0
0.0
0.0
0.0
0.0
0.0
0.0
0.0
0.0
0.0
0.0
0.0
0.0
428559.0
428560.0
0.0
0.0
0.0
428634.0
428635.0
428636.0
428637.0
0.0
0.0
0.0
428712.0
428713.0
428714.0
0.0
0.0
0.0
428790.0
428791.0
428792.0
428868.0
428869.0
428870.0
0.0
0.0
428946.0
428947.0
428948.0
0.0
0.0
0.0
0.0
429103.0
0.0
0.0
0.0
0.0
0.0
0.0
0.0
0.0
0.0
0.0
0.0
0.0
0.0
0.0
0.0
434485.0
434486.0
434487.0
0.0
0.0
0.0
0.0
0.0
0.0
0.0
0.0
0.0
0.0
0.0
434562.0
434563.0
434564.0
434565.0
434566.0
0.0
0.0
0.0
0.0
0.0
0.0
0.0
0.0
0.0
0.0
0.0
434640.0
434641.0
434642.0
434643.0
434644.0
0.0
0.0
0.0
0.0
0.0
0.0
0.0
0.0
0.0
0.0
434720.0
434721.0
0.0
0.0
0.0
0.0
0.0
0.0
0.0
0.0
0.0
434798.0
434799.0
0.0
0.0
0.0
0.0
0.0
0.0
0.0
0.0
0.0
434876.0
434877.0
434878.0
0.0
0.0
0.0
0.0
0.0
0.0
0.0
434955.0
434956.0
434957.0
0.0
0.0
0.0
0.0
0.0
0.0
0.0
0.0
0.0
0.0
0.0
0.0
0.0
0.0
0.0
0.0
0.0
0.0
0.0
0.0
0.0
0.0
0.0
0.0
0.0
0.0
0.0
0.0
0.0
0.0
0.0
0.0
0.0
0.0
0.0
0.0
0.0
0.0
0.0
435418.0
0.0
0.0
0.0
0.0
0.0
0.0
0.0
0.0
0.0
0.0
0.0
0.0
0.0
0.0
0.0
0.0
0.0
0.0
0.0
0.0
0.0
0.0
0.0
0.0
0.0
0.0
0.0
0.0
0.0
0.0
0.0
0.0
0.0
0.0
0.0
0.0
0.0
0.0
0.0
0.0
0.0
0.0
0.0
0.0
0.0
0.0
0.0
0.0
0.0
0.0
0.0
0.0
0.0
0.0
0.0
0.0
0.0
0.0
0.0
0.0
0.0
0.0
0.0
0.0
0.0
0.0
0.0
0.0
0.0
0.0
0.0
0.0
0.0
0.0
0.0
0.0
0.0
0.0
436592.0
436593.0
0.0
0.0
0.0
0.0
0.0
436670.0
436671.0
0.0
0.0
0.0
0.0
436746.0
436748.0
0.0
0.0
0.0
436824.0
436826.0
436902.0
436903.0
436904.0
0.0
0.0
436980.0
436981.0
436982.0
0.0
437057.0
437058.0
437059.0
0.0
437137.0
0.0
0.0
0.0
0.0
0.0
0.0
0.0
0.0
0.0
0.0
0.0
0.0
0.0
0.0
0.0
0.0
0.0
0.0
442597.0
442598.0
442599.0
0.0
0.0
0.0
0.0
0.0
0.0
0.0
0.0
0.0
0.0
0.0
442673.0
442674.0
442675.0
442676.0
442677.0
0.0
0.0
0.0
0.0
0.0
0.0
0.0
0.0
0.0
442752.0
442754.0
442755.0
0.0
0.0
0.0
0.0
0.0
0.0
0.0
0.0
442830.0
442832.0
0.0
0.0
0.0
0.0
0.0
0.0
0.0
0.0
0.0
0.0
0.0
442910.0
442911.0
0.0
0.0
0.0
0.0
0.0
0.0
0.0
0.0
0.0
442989.0
442990.0
442991.0
0.0
0.0
0.0
0.0
0.0
0.0
0.0
0.0
443068.0
443069.0
0.0
0.0
0.0
0.0
0.0
0.0
0.0
0.0
0.0
0.0
0.0
0.0
0.0
0.0
0.0
0.0
0.0
0.0
443374.0
443451.0
443452.0
443453.0
0.0
0.0
0.0
0.0
0.0
443530.0
443531.0
443532.0
0.0
0.0
0.0
0.0
0.0
0.0
0.0
0.0
0.0
0.0
0.0
0.0
0.0
0.0
0.0
0.0
0.0
0.0
0.0
0.0
0.0
0.0
0.0
0.0
0.0
0.0
0.0
0.0
0.0
0.0
0.0
0.0
0.0
0.0
0.0
0.0
0.0
0.0
0.0
0.0
0.0
0.0
0.0
0.0
0.0
0.0
0.0
0.0
0.0
0.0
0.0
0.0
0.0
0.0
0.0
0.0
0.0
0.0
0.0
0.0
0.0
0.0
0.0
0.0
0.0
0.0
0.0
0.0
0.0
0.0
0.0
0.0
0.0
0.0
0.0
0.0
0.0
0.0
0.0
0.0
0.0
0.0
0.0
0.0
0.0
0.0
0.0
0.0
0.0
0.0
0.0
0.0
0.0
0.0
0.0
0.0
444704.0
444705.0
0.0
0.0
0.0
0.0
0.0
0.0
444782.0
0.0
0.0
0.0
0.0
0.0
444860.0
0.0
0.0
0.0
444937.0
444938.0
0.0
445015.0
445016.0
0.0
0.0
445093.0
0.0
0.0
0.0
0.0
0.0
0.0
0.0
0.0
0.0
0.0
0.0
0.0
0.0
0.0
0.0
0.0
0.0
0.0
0.0
450631.0
450632.0
450633.0
0.0
0.0
0.0
0.0
0.0
0.0
0.0
450708.0
450709.0
450710.0
450711.0
0.0
0.0
0.0
0.0
0.0
0.0
0.0
0.0
0.0
0.0
0.0
0.0
0.0
450787.0
450788.0
450789.0
0.0
0.0
0.0
0.0
0.0
0.0
0.0
0.0
0.0
0.0
0.0
0.0
0.0
0.0
0.0
0.0
450866.0
450867.0
0.0
0.0
0.0
0.0
0.0
0.0
0.0
0.0
0.0
0.0
0.0
0.0
0.0
0.0
0.0
450942.0
450944.0
450945.0
0.0
0.0
0.0
0.0
0.0
0.0
0.0
0.0
0.0
0.0
0.0
0.0
451023.0
451024.0
0.0
0.0
0.0
0.0
0.0
0.0
0.0
0.0
0.0
0.0
0.0
451101.0
451102.0
451103.0
0.0
0.0
0.0
0.0
0.0
0.0
0.0
0.0
0.0
0.0
0.0
0.0
0.0
0.0
0.0
0.0
0.0
451331.0
451407.0
451408.0
0.0
0.0
0.0
451485.0
451486.0
451487.0
451488.0
0.0
0.0
0.0
0.0
0.0
0.0
0.0
0.0
451564.0
451565.0
451566.0
0.0
0.0
0.0
0.0
0.0
0.0
0.0
0.0
0.0
0.0
451644.0
0.0
0.0
0.0
0.0
0.0
0.0
0.0
0.0
0.0
0.0
0.0
0.0
0.0
0.0
0.0
0.0
0.0
0.0
0.0
0.0
0.0
0.0
0.0
0.0
0.0
0.0
0.0
0.0
0.0
0.0
0.0
0.0
0.0
0.0
0.0
0.0
0.0
0.0
0.0
0.0
0.0
0.0
0.0
0.0
0.0
0.0
0.0
0.0
0.0
0.0
0.0
0.0
0.0
0.0
0.0
0.0
0.0
0.0
0.0
0.0
0.0
0.0
0.0
0.0
0.0
0.0
0.0
0.0
0.0
0.0
0.0
0.0
0.0
0.0
0.0
0.0
0.0
0.0
0.0
0.0
0.0
0.0
0.0
0.0
0.0
0.0
0.0
0.0
0.0
452738.0
452739.0
0.0
0.0
0.0
0.0
0.0
452816.0
452817.0
0.0
0.0
0.0
0.0
0.0
452894.0
0.0
0.0
0.0
452971.0
452972.0
0.0
0.0
453049.0
453050.0
0.0
0.0
0.0
0.0
0.0
0.0
0.0
0.0
0.0
0.0
0.0
0.0
0.0
0.0
0.0
0.0
0.0
0.0
0.0
0.0
0.0
0.0
0.0
0.0
0.0
0.0
0.0
0.0
0.0
0.0
0.0
0.0
0.0
0.0
0.0
0.0
0.0
0.0
0.0
0.0
0.0
458743.0
458744.0
458745.0
0.0
0.0
0.0
0.0
0.0
0.0
0.0
0.0
0.0
0.0
0.0
0.0
458820.0
458821.0
458822.0
458823.0
0.0
0.0
0.0
0.0
0.0
0.0
0.0
0.0
0.0
0.0
0.0
0.0
458898.0
458899.0
458900.0
458901.0
0.0
0.0
0.0
0.0
0.0
0.0
0.0
0.0
0.0
0.0
0.0
0.0
0.0
0.0
458976.0
458977.0
458978.0
458979.0
0.0
0.0
0.0
0.0
0.0
0.0
0.0
0.0
0.0
0.0
0.0
0.0
0.0
0.0
459055.0
459057.0
0.0
0.0
0.0
0.0
0.0
0.0
0.0
0.0
0.0
0.0
0.0
459137.0
0.0
0.0
0.0
0.0
0.0
459209.0
459210.0
459214.0
459215.0
0.0
0.0
0.0
0.0
0.0
459287.0
459288.0
0.0
459363.0
459364.0
459365.0
459441.0
459442.0
0.0
0.0
0.0
0.0
0.0
0.0
0.0
0.0
459519.0
459520.0
459521.0
459522.0
0.0
0.0
0.0
0.0
0.0
0.0
0.0
0.0
0.0
0.0
0.0
0.0
459597.0
459598.0
459599.0
459600.0
0.0
0.0
0.0
0.0
0.0
0.0
0.0
0.0
0.0
0.0
0.0
459678.0
0.0
0.0
0.0
0.0
0.0
0.0
0.0
0.0
0.0
0.0
0.0
0.0
0.0
0.0
0.0
0.0
0.0
0.0
0.0
0.0
0.0
0.0
0.0
0.0
0.0
0.0
0.0
0.0
0.0
0.0
0.0
0.0
0.0
0.0
0.0
0.0
0.0
0.0
0.0
0.0
0.0
0.0
0.0
0.0
0.0
0.0
0.0
0.0
0.0
0.0
0.0
0.0
0.0
0.0
0.0
0.0
0.0
0.0
0.0
0.0
0.0
0.0
0.0
0.0
0.0
0.0
0.0
0.0
0.0
0.0
0.0
0.0
0.0
0.0
0.0
0.0
0.0
0.0
0.0
0.0
0.0
0.0
0.0
0.0
0.0
0.0
0.0
0.0
0.0
0.0
0.0
0.0
0.0
0.0
0.0
0.0
0.0
0.0
0.0
0.0
0.0
0.0
0.0
0.0
0.0
0.0
0.0
0.0
0.0
0.0
0.0
0.0
0.0
0.0
0.0
460850.0
460851.0
0.0
0.0
0.0
0.0
460928.0
460929.0
0.0
0.0
0.0
0.0
461005.0
461006.0
0.0
0.0
0.0
0.0
461083.0
461084.0
0.0
0.0
0.0
0.0
0.0
0.0
0.0
0.0
0.0
0.0
0.0
0.0
0.0
0.0
0.0
0.0
0.0
0.0
0.0
0.0
0.0
0.0
0.0
0.0
0.0
0.0
0.0
0.0
0.0
0.0
0.0
0.0
0.0
0.0
0.0
0.0
0.0
0.0
0.0
0.0
0.0
0.0
0.0
0.0
0.0
0.0
0.0
0.0
466856.0
466857.0
0.0
0.0
0.0
0.0
0.0
0.0
0.0
0.0
0.0
0.0
0.0
0.0
0.0
466932.0
466933.0
466934.0
466935.0
0.0
0.0
0.0
0.0
0.0
0.0
0.0
0.0
0.0
0.0
0.0
0.0
0.0
0.0
0.0
0.0
467010.0
467011.0
467012.0
467013.0
0.0
0.0
0.0
0.0
0.0
0.0
0.0
0.0
0.0
0.0
0.0
0.0
0.0
0.0
0.0
0.0
467088.0
467089.0
467090.0
467091.0
0.0
0.0
0.0
0.0
0.0
0.0
0.0
0.0
0.0
0.0
0.0
0.0
0.0
0.0
0.0
467167.0
0.0
0.0
0.0
0.0
0.0
0.0
0.0
0.0
0.0
0.0
0.0
0.0
0.0
0.0
0.0
467242.0
467243.0
0.0
0.0
0.0
0.0
0.0
0.0
0.0
0.0
0.0
0.0
0.0
467319.0
467320.0
467321.0
467322.0
0.0
0.0
0.0
0.0
0.0
0.0
0.0
467397.0
467398.0
467399.0
0.0
0.0
0.0
0.0
467475.0
467476.0
0.0
0.0
0.0
0.0
0.0
0.0
0.0
0.0
0.0
0.0
0.0
0.0
467553.0
467554.0
0.0
0.0
0.0
0.0
0.0
0.0
0.0
0.0
0.0
0.0
0.0
0.0
467631.0
467632.0
467633.0
467634.0
0.0
0.0
0.0
0.0
0.0
0.0
0.0
0.0
0.0
467709.0
467710.0
467711.0
467712.0
467713.0
0.0
0.0
0.0
0.0
0.0
0.0
0.0
0.0
0.0
0.0
0.0
0.0
0.0
0.0
467790.0
0.0
0.0
0.0
0.0
0.0
0.0
0.0
0.0
0.0
0.0
0.0
0.0
0.0
0.0
0.0
0.0
0.0
0.0
0.0
0.0
0.0
0.0
0.0
0.0
0.0
0.0
0.0
0.0
0.0
0.0
0.0
0.0
0.0
0.0
0.0
0.0
0.0
0.0
0.0
0.0
0.0
0.0
0.0
0.0
0.0
0.0
0.0
0.0
0.0
0.0
0.0
0.0
0.0
0.0
0.0
0.0
0.0
0.0
0.0
0.0
0.0
0.0
0.0
468181.0
0.0
0.0
0.0
0.0
468259.0
468260.0
0.0
0.0
0.0
0.0
0.0
0.0
0.0
0.0
0.0
0.0
0.0
0.0
0.0
0.0
0.0
0.0
0.0
0.0
0.0
0.0
0.0
0.0
0.0
0.0
0.0
0.0
0.0
0.0
0.0
0.0
0.0
0.0
0.0
0.0
468962.0
0.0
0.0
0.0
0.0
0.0
0.0
0.0
0.0
0.0
0.0
0.0
0.0
0.0
0.0
0.0
0.0
0.0
0.0
0.0
0.0
0.0
0.0
0.0
0.0
0.0
0.0
0.0
0.0
0.0
0.0
0.0
0.0
0.0
0.0
0.0
0.0
0.0
0.0
0.0
0.0
0.0
0.0
0.0
0.0
0.0
0.0
0.0
0.0
0.0
0.0
0.0
0.0
0.0
0.0
0.0
0.0
0.0
0.0
0.0
0.0
0.0
0.0
0.0
0.0
0.0
0.0
0.0
0.0
0.0
474967.0
474968.0
0.0
0.0
0.0
0.0
0.0
0.0
0.0
0.0
0.0
0.0
0.0
0.0
0.0
0.0
475045.0
475046.0
475047.0
0.0
0.0
0.0
0.0
0.0
0.0
0.0
0.0
0.0
0.0
0.0
0.0
0.0
0.0
0.0
0.0
0.0
0.0
475123.0
475124.0
475125.0
0.0
0.0
0.0
0.0
0.0
0.0
0.0
0.0
0.0
0.0
0.0
0.0
0.0
0.0
475198.0
0.0
0.0
0.0
0.0
0.0
0.0
0.0
0.0
0.0
0.0
0.0
0.0
0.0
0.0
0.0
0.0
0.0
0.0
475275.0
475276.0
475277.0
0.0
0.0
0.0
0.0
0.0
0.0
0.0
0.0
0.0
0.0
475353.0
475354.0
0.0
0.0
0.0
0.0
0.0
0.0
0.0
0.0
0.0
0.0
475431.0
475432.0
0.0
0.0
0.0
0.0
0.0
0.0
0.0
0.0
0.0
0.0
0.0
0.0
0.0
475509.0
475510.0
0.0
0.0
0.0
0.0
0.0
0.0
0.0
0.0
0.0
0.0
0.0
0.0
0.0
0.0
0.0
475587.0
475588.0
0.0
0.0
0.0
0.0
0.0
0.0
0.0
0.0
0.0
0.0
0.0
0.0
0.0
475665.0
475666.0
475667.0
0.0
0.0
0.0
0.0
0.0
0.0
0.0
0.0
0.0
0.0
0.0
0.0
0.0
475743.0
475744.0
475745.0
475746.0
0.0
0.0
0.0
0.0
0.0
0.0
0.0
0.0
0.0
0.0
0.0
0.0
0.0
0.0
0.0
0.0
475824.0
475825.0
0.0
0.0
0.0
0.0
0.0
0.0
0.0
0.0
0.0
0.0
0.0
0.0
0.0
0.0
0.0
0.0
0.0
0.0
0.0
0.0
0.0
0.0
0.0
0.0
0.0
0.0
0.0
475979.0
0.0
0.0
0.0
0.0
0.0
0.0
0.0
0.0
0.0
0.0
0.0
476056.0
0.0
0.0
0.0
0.0
0.0
0.0
0.0
0.0
0.0
0.0
0.0
0.0
0.0
476137.0
476138.0
0.0
0.0
0.0
0.0
0.0
0.0
0.0
0.0
0.0
0.0
0.0
476215.0
476216.0
0.0
0.0
0.0
0.0
0.0
0.0
0.0
476293.0
476294.0
0.0
0.0
476371.0
476372.0
0.0
0.0
476450.0
0.0
0.0
0.0
0.0
0.0
0.0
0.0
0.0
0.0
0.0
0.0
0.0
0.0
0.0
0.0
0.0
0.0
0.0
0.0
0.0
0.0
0.0
0.0
0.0
0.0
0.0
0.0
0.0
0.0
0.0
0.0
0.0
0.0
0.0
0.0
0.0
0.0
0.0
0.0
0.0
0.0
0.0
0.0
0.0
0.0
0.0
0.0
0.0
0.0
0.0
0.0
0.0
0.0
0.0
0.0
0.0
0.0
0.0
0.0
0.0
0.0
0.0
0.0
0.0
0.0
0.0
0.0
0.0
0.0
0.0
0.0
0.0
0.0
0.0
0.0
0.0
0.0
0.0
0.0
0.0
0.0
0.0
0.0
0.0
0.0
0.0
0.0
0.0
0.0
0.0
0.0
0.0
0.0
0.0
483080.0
0.0
0.0
0.0
0.0
0.0
0.0
0.0
0.0
0.0
0.0
0.0
0.0
0.0
0.0
483158.0
0.0
0.0
0.0
0.0
0.0
0.0
0.0
0.0
0.0
0.0
0.0
0.0
0.0
0.0
0.0
0.0
0.0
0.0
0.0
0.0
0.0
0.0
0.0
0.0
0.0
0.0
0.0
0.0
0.0
0.0
0.0
0.0
0.0
483310.0
0.0
0.0
0.0
0.0
0.0
0.0
0.0
0.0
0.0
0.0
0.0
0.0
0.0
0.0
483387.0
483388.0
0.0
0.0
0.0
0.0
0.0
0.0
0.0
0.0
0.0
0.0
483465.0
483466.0
0.0
0.0
0.0
0.0
0.0
0.0
0.0
0.0
0.0
0.0
0.0
0.0
0.0
0.0
0.0
483543.0
483544.0
0.0
0.0
0.0
0.0
0.0
0.0
0.0
0.0
0.0
0.0
0.0
0.0
0.0
0.0
0.0
0.0
0.0
0.0
0.0
483621.0
483622.0
0.0
0.0
0.0
0.0
0.0
0.0
0.0
0.0
0.0
0.0
0.0
0.0
0.0
0.0
0.0
0.0
0.0
483699.0
483700.0
483701.0
0.0
0.0
0.0
0.0
0.0
0.0
0.0
0.0
0.0
0.0
0.0
0.0
483777.0
483778.0
483779.0
483780.0
0.0
0.0
0.0
0.0
0.0
0.0
0.0
0.0
0.0
0.0
0.0
0.0
0.0
0.0
0.0
483856.0
483857.0
483858.0
483859.0
0.0
0.0
0.0
0.0
0.0
0.0
0.0
0.0
0.0
483934.0
483935.0
483936.0
0.0
0.0
0.0
0.0
0.0
0.0
0.0
0.0
0.0
0.0
484012.0
484013.0
0.0
0.0
0.0
0.0
0.0
0.0
0.0
0.0
0.0
0.0
0.0
0.0
0.0
484090.0
484091.0
0.0
0.0
0.0
0.0
0.0
0.0
0.0
0.0
0.0
0.0
0.0
0.0
0.0
0.0
0.0
484171.0
484172.0
0.0
0.0
0.0
0.0
0.0
0.0
0.0
0.0
0.0
0.0
0.0
0.0
0.0
484249.0
484250.0
0.0
0.0
0.0
0.0
0.0
0.0
0.0
0.0
0.0
0.0
0.0
0.0
484326.0
484327.0
484328.0
0.0
0.0
0.0
0.0
0.0
0.0
484404.0
484405.0
484406.0
0.0
0.0
0.0
484483.0
484484.0
0.0
0.0
0.0
0.0
0.0
0.0
0.0
0.0
0.0
0.0
0.0
0.0
0.0
0.0
0.0
0.0
0.0
0.0
0.0
0.0
0.0
0.0
0.0
0.0
0.0
0.0
0.0
0.0
0.0
0.0
0.0
0.0
0.0
0.0
0.0
0.0
0.0
0.0
0.0
0.0
0.0
0.0
0.0
0.0
0.0
0.0
0.0
0.0
0.0
0.0
0.0
0.0
0.0
0.0
0.0
0.0
0.0
0.0
0.0
0.0
0.0
0.0
0.0
0.0
0.0
0.0
0.0
0.0
0.0
0.0
0.0
0.0
0.0
0.0
0.0
0.0
0.0
0.0
0.0
0.0
0.0
0.0
0.0
0.0
0.0
0.0
0.0
0.0
0.0
0.0
0.0
0.0
0.0
0.0
0.0
0.0
0.0
0.0
0.0
0.0
0.0
0.0
0.0
0.0
0.0
0.0
0.0
0.0
0.0
0.0
0.0
0.0
0.0
0.0
0.0
0.0
0.0
0.0
0.0
0.0
0.0
0.0
0.0
0.0
0.0
0.0
0.0
0.0
0.0
0.0
0.0
0.0
0.0
0.0
0.0
0.0
0.0
0.0
0.0
0.0
0.0
0.0
0.0
0.0
0.0
0.0
0.0
0.0
0.0
0.0
491577.0
0.0
0.0
0.0
0.0
0.0
0.0
0.0
0.0
0.0
0.0
0.0
0.0
0.0
0.0
0.0
0.0
0.0
0.0
0.0
491655.0
0.0
0.0
0.0
0.0
0.0
0.0
0.0
0.0
0.0
0.0
0.0
0.0
0.0
0.0
0.0
0.0
0.0
491733.0
491734.0
491735.0
0.0
0.0
0.0
0.0
0.0
0.0
0.0
0.0
0.0
0.0
0.0
0.0
0.0
0.0
0.0
491811.0
491812.0
491813.0
491814.0
0.0
0.0
0.0
0.0
0.0
0.0
0.0
0.0
0.0
0.0
0.0
0.0
0.0
491890.0
491891.0
491892.0
491893.0
0.0
0.0
0.0
0.0
0.0
0.0
0.0
0.0
0.0
0.0
0.0
491968.0
491969.0
491970.0
0.0
0.0
0.0
0.0
0.0
0.0
0.0
0.0
0.0
0.0
0.0
492046.0
492047.0
0.0
0.0
0.0
0.0
0.0
0.0
0.0
0.0
0.0
0.0
0.0
492124.0
492125.0
492126.0
0.0
0.0
0.0
0.0
0.0
0.0
0.0
0.0
0.0
0.0
0.0
0.0
0.0
492202.0
492203.0
492204.0
492205.0
0.0
0.0
0.0
0.0
0.0
0.0
0.0
0.0
0.0
0.0
0.0
492281.0
492282.0
492283.0
0.0
0.0
0.0
0.0
0.0
0.0
0.0
0.0
0.0
0.0
492359.0
492360.0
492361.0
492362.0
0.0
0.0
0.0
0.0
0.0
492436.0
492437.0
492438.0
492439.0
492440.0
0.0
0.0
492516.0
492517.0
492518.0
0.0
0.0
0.0
492595.0
0.0
0.0
0.0
0.0
0.0
0.0
0.0
0.0
0.0
0.0
0.0
0.0
0.0
0.0
0.0
0.0
0.0
0.0
0.0
0.0
0.0
0.0
0.0
0.0
0.0
0.0
0.0
0.0
0.0
0.0
0.0
0.0
0.0
0.0
0.0
0.0
0.0
0.0
0.0
0.0
0.0
0.0
0.0
0.0
0.0
0.0
0.0
0.0
0.0
0.0
0.0
0.0
0.0
0.0
0.0
0.0
0.0
0.0
0.0
0.0
0.0
0.0
0.0
0.0
0.0
0.0
0.0
0.0
0.0
0.0
0.0
0.0
0.0
0.0
0.0
0.0
0.0
0.0
0.0
0.0
0.0
0.0
0.0
0.0
0.0
0.0
0.0
0.0
0.0
0.0
0.0
0.0
0.0
0.0
0.0
0.0
0.0
0.0
0.0
0.0
0.0
0.0
0.0
0.0
0.0
0.0
0.0
0.0
0.0
0.0
0.0
0.0
0.0
0.0
0.0
0.0
0.0
0.0
0.0
0.0
0.0
0.0
0.0
0.0
0.0
0.0
0.0
0.0
0.0
0.0
0.0
0.0
0.0
0.0
0.0
0.0
0.0
0.0
0.0
0.0
0.0
0.0
0.0
0.0
0.0
0.0
0.0
0.0
0.0
0.0
0.0
0.0
0.0
0.0
0.0
0.0
0.0
0.0
0.0
0.0
0.0
0.0
0.0
0.0
0.0
0.0
0.0
0.0
0.0
0.0
0.0
0.0
0.0
0.0
0.0
0.0
499690.0
0.0
0.0
0.0
0.0
0.0
0.0
0.0
0.0
0.0
0.0
0.0
0.0
0.0
0.0
0.0
0.0
499767.0
499768.0
499769.0
0.0
0.0
0.0
0.0
0.0
0.0
0.0
0.0
0.0
0.0
0.0
0.0
0.0
0.0
0.0
499846.0
499847.0
499848.0
499849.0
0.0
0.0
0.0
0.0
0.0
0.0
0.0
0.0
0.0
0.0
0.0
0.0
499925.0
499926.0
499927.0
0.0
0.0
0.0
0.0
0.0
0.0
0.0
500002.0
500003.0
500004.0
0.0
0.0
0.0
0.0
0.0
0.0
0.0
0.0
0.0
0.0
0.0
0.0
500080.0
500081.0
0.0
0.0
0.0
0.0
0.0
0.0
0.0
0.0
0.0
0.0
0.0
0.0
0.0
500158.0
500159.0
0.0
0.0
0.0
0.0
0.0
0.0
0.0
0.0
0.0
0.0
0.0
0.0
0.0
0.0
500236.0
500237.0
500238.0
0.0
0.0
0.0
0.0
0.0
0.0
0.0
0.0
0.0
0.0
0.0
0.0
500314.0
500315.0
500316.0
500317.0
0.0
0.0
0.0
0.0
0.0
0.0
0.0
0.0
0.0
0.0
0.0
0.0
500393.0
500394.0
500395.0
0.0
0.0
0.0
0.0
500471.0
500472.0
500473.0
500474.0
0.0
0.0
500550.0
500551.0
500552.0
0.0
0.0
500628.0
500629.0
500630.0
0.0
0.0
0.0
0.0
0.0
0.0
0.0
0.0
0.0
0.0
0.0
0.0
0.0
0.0
0.0
0.0
0.0
0.0
0.0
0.0
0.0
0.0
0.0
0.0
0.0
0.0
0.0
0.0
0.0
0.0
0.0
0.0
0.0
0.0
0.0
0.0
0.0
0.0
0.0
0.0
0.0
0.0
0.0
0.0
0.0
0.0
0.0
0.0
0.0
0.0
0.0
0.0
0.0
0.0
0.0
0.0
0.0
0.0
0.0
0.0
0.0
0.0
0.0
0.0
0.0
0.0
0.0
0.0
0.0
0.0
0.0
0.0
0.0
0.0
0.0
0.0
0.0
0.0
0.0
0.0
0.0
0.0
0.0
0.0
0.0
0.0
0.0
0.0
0.0
0.0
0.0
0.0
0.0
0.0
0.0
0.0
0.0
0.0
0.0
0.0
0.0
0.0
0.0
0.0
0.0
0.0
0.0
0.0
0.0
0.0
0.0
0.0
0.0
0.0
0.0
0.0
0.0
0.0
0.0
0.0
0.0
0.0
0.0
0.0
0.0
0.0
0.0
0.0
0.0
0.0
0.0
0.0
0.0
0.0
0.0
0.0
0.0
0.0
0.0
0.0
0.0
0.0
0.0
0.0
0.0
0.0
0.0
0.0
0.0
0.0
0.0
0.0
0.0
0.0
0.0
0.0
507724.0
507725.0
0.0
0.0
0.0
0.0
0.0
0.0
0.0
0.0
0.0
0.0
0.0
0.0
507802.0
507803.0
507804.0
507805.0
0.0
0.0
0.0
0.0
0.0
0.0
0.0
0.0
0.0
0.0
507880.0
507881.0
507882.0
507883.0
0.0
0.0
0.0
0.0
0.0
0.0
0.0
0.0
507959.0
507960.0
507961.0
0.0
0.0
0.0
0.0
0.0
0.0
0.0
0.0
0.0
508036.0
508037.0
508038.0
0.0
0.0
0.0
0.0
0.0
0.0
0.0
0.0
0.0
0.0
508114.0
508115.0
0.0
0.0
0.0
0.0
0.0
0.0
0.0
0.0
0.0
0.0
508192.0
508193.0
0.0
0.0
0.0
0.0
0.0
0.0
0.0
0.0
0.0
0.0
508270.0
508271.0
0.0
0.0
0.0
0.0
0.0
0.0
0.0
0.0
0.0
0.0
0.0
0.0
0.0
0.0
0.0
0.0
0.0
0.0
0.0
0.0
0.0
508426.0
508427.0
508428.0
508429.0
0.0
0.0
0.0
508504.0
508505.0
508506.0
508507.0
508508.0
0.0
508584.0
508585.0
508586.0
0.0
0.0
508663.0
508664.0
0.0
0.0
0.0
0.0
0.0
0.0
0.0
0.0
0.0
0.0
0.0
0.0
0.0
0.0
0.0
0.0
0.0
0.0
0.0
0.0
0.0
0.0
0.0
0.0
0.0
0.0
0.0
0.0
0.0
0.0
0.0
0.0
0.0
0.0
0.0
0.0
0.0
0.0
0.0
0.0
0.0
0.0
0.0
0.0
0.0
0.0
0.0
0.0
0.0
0.0
0.0
0.0
0.0
0.0
0.0
0.0
0.0
0.0
0.0
0.0
0.0
0.0
0.0
0.0
0.0
0.0
0.0
0.0
0.0
0.0
0.0
0.0
0.0
0.0
0.0
0.0
0.0
0.0
0.0
0.0
0.0
0.0
0.0
0.0
0.0
0.0
0.0
0.0
0.0
0.0
0.0
0.0
0.0
0.0
0.0
0.0
0.0
0.0
0.0
0.0
0.0
0.0
0.0
0.0
0.0
0.0
0.0
0.0
0.0
0.0
0.0
0.0
0.0
0.0
0.0
0.0
0.0
0.0
0.0
0.0
0.0
0.0
0.0
0.0
515837.0
515838.0
515839.0
0.0
0.0
0.0
0.0
0.0
0.0
0.0
0.0
0.0
515916.0
515917.0
0.0
0.0
0.0
0.0
0.0
0.0
0.0
515993.0
515994.0
515995.0
0.0
0.0
0.0
0.0
0.0
0.0
516070.0
516071.0
516072.0
0.0
0.0
0.0
0.0
0.0
0.0
0.0
0.0
516148.0
516149.0
0.0
0.0
0.0
0.0
0.0
0.0
516226.0
516227.0
0.0
0.0
0.0
0.0
0.0
0.0
516304.0
516305.0
0.0
0.0
0.0
0.0
0.0
0.0
0.0
516382.0
516383.0
0.0
0.0
0.0
0.0
0.0
0.0
0.0
516460.0
516461.0
0.0
0.0
0.0
516538.0
516539.0
516540.0
516541.0
516616.0
516617.0
516618.0
516619.0
516620.0
0.0
0.0
516698.0
0.0
0.0
0.0
0.0
0.0
0.0
0.0
0.0
0.0
0.0
0.0
0.0
0.0
0.0
0.0
0.0
0.0
0.0
0.0
0.0
0.0
0.0
0.0
0.0
0.0
0.0
0.0
0.0
0.0
0.0
0.0
0.0
0.0
0.0
0.0
0.0
0.0
0.0
0.0
0.0
0.0
0.0
0.0
0.0
0.0
0.0
0.0
0.0
0.0
0.0
0.0
0.0
0.0
0.0
0.0
0.0
0.0
0.0
0.0
523873.0
0.0
0.0
0.0
0.0
0.0
523951.0
523952.0
0.0
0.0
524027.0
524028.0
524029.0
0.0
0.0
524105.0
0.0
0.0
0.0
0.0
524182.0
524183.0
524184.0
524260.0
524261.0
0.0
0.0
0.0
524338.0
524339.0
0.0
0.0
0.0
0.0
0.0
0.0
524416.0
524417.0
0.0
0.0
0.0
0.0
0.0
0.0
0.0
0.0
0.0
524573.0
524650.0
524651.0
0.0
0.0
0.0
0.0
0.0
0.0
0.0
0.0
0.0
0.0
0.0
0.0
0.0
0.0
0.0
0.0
0.0
0.0
0.0
0.0
0.0
0.0
0.0
0.0
0.0
0.0
0.0
0.0
0.0
0.0
0.0
0.0
0.0
0.0
0.0
0.0
0.0
0.0
532063.0
0.0
0.0
0.0
0.0
532217.0
532218.0
0.0
532295.0
532296.0
532373.0
0.0
0.0
0.0
0.0
0.0
0.0
0.0
0.0
0.0
0.0
0.0
0.0
0.0
0.0
0.0
0.0
0.0
0.0
0.0
0.0
0.0
0.0
0.0
0.0
0.0
0.0
0.0
0.0
0.0
0.0
0.0
0.0
0.0
0.0
0.0
0.0
0.0
0.0
0.0
0.0
0.0
0.0
540252.0
0.0
540330.0
0.0
0.0
0.0
0.0
0.0
0.0
0.0
0.0
0.0
0.0
0.0
0.0
0.0
0.0
0.0
0.0
0.0
0.0
0.0
0.0
0.0
0.0
0.0
0.0
0.0
0.0
0.0
0.0
0.0
0.0
0.0
0.0
0.0
0.0
0.0
0.0
0.0
0.0
0.0
0.0
0.0
0.0
0.0
0.0
0.0
0.0
0.0
0.0
0.0
0.0
0.0
0.0
0.0
0.0
0.0
0.0
0.0
0.0
0.0
0.0
0.0
0.0
