0.0
0.0
0.0
0.0
0.0
0.0
0.0
0.0
0.0
0.0
0.0
0.0
0.0
0.0
0.0
0.0
0.0
0.0
0.0
0.0
0.0
0.0
105695.0
105696.0
0.0
0.0
105779.0
105780.0
0.0
0.0
0.0
0.0
0.0
0.0
0.0
0.0
0.0
0.0
0.0
0.0
0.0
0.0
114826.0
0.0
0.0
0.0
0.0
0.0
0.0
0.0
0.0
0.0
114905.0
114908.0
114909.0
0.0
0.0
0.0
0.0
0.0
0.0
0.0
0.0
0.0
114987.0
114988.0
114991.0
114992.0
0.0
0.0
0.0
0.0
0.0
0.0
115071.0
115074.0
115075.0
0.0
0.0
115156.0
115157.0
115158.0
115159.0
0.0
0.0
115239.0
115241.0
115242.0
115243.0
0.0
0.0
115321.0
115322.0
115324.0
115325.0
115326.0
0.0
115400.0
115408.0
115482.0
115483.0
115489.0
115491.0
115565.0
115566.0
115648.0
0.0
0.0
0.0
0.0
0.0
0.0
0.0
0.0
0.0
0.0
0.0
0.0
0.0
0.0
0.0
0.0
0.0
0.0
0.0
0.0
0.0
0.0
0.0
0.0
0.0
0.0
0.0
0.0
124201.0
124202.0
124204.0
124205.0
0.0
0.0
0.0
0.0
0.0
0.0
0.0
0.0
0.0
0.0
124281.0
124282.0
124283.0
124284.0
124285.0
124286.0
124287.0
124288.0
0.0
0.0
0.0
0.0
0.0
0.0
0.0
124364.0
124365.0
124366.0
124367.0
124369.0
124370.0
124371.0
0.0
0.0
0.0
0.0
0.0
0.0
124447.0
124448.0
124449.0
124450.0
124451.0
124453.0
124454.0
0.0
0.0
124529.0
124530.0
124531.0
124532.0
124533.0
124534.0
124536.0
124537.0
124538.0
0.0
0.0
124614.0
124615.0
124616.0
124617.0
124618.0
124619.0
124620.0
124621.0
0.0
0.0
0.0
124696.0
124699.0
124700.0
124701.0
124703.0
124704.0
0.0
0.0
0.0
124782.0
124783.0
124784.0
124786.0
124787.0
0.0
124861.0
124862.0
124863.0
124868.0
124869.0
124870.0
124944.0
124945.0
124946.0
124947.0
124951.0
124952.0
125026.0
125027.0
125028.0
125029.0
125030.0
125109.0
125110.0
125112.0
125113.0
125196.0
0.0
0.0
0.0
0.0
0.0
0.0
0.0
0.0
0.0
0.0
0.0
0.0
0.0
0.0
0.0
0.0
0.0
0.0
0.0
0.0
0.0
0.0
0.0
0.0
0.0
0.0
0.0
0.0
0.0
0.0
0.0
0.0
0.0
0.0
0.0
0.0
0.0
0.0
0.0
0.0
0.0
0.0
0.0
0.0
0.0
0.0
0.0
0.0
0.0
0.0
0.0
0.0
0.0
0.0
0.0
133577.0
133578.0
133579.0
133580.0
133581.0
133582.0
133583.0
0.0
0.0
0.0
0.0
0.0
0.0
0.0
0.0
0.0
0.0
0.0
133659.0
133660.0
133661.0
133662.0
133663.0
133664.0
133665.0
133666.0
0.0
0.0
0.0
0.0
0.0
0.0
0.0
0.0
0.0
0.0
133742.0
133743.0
133744.0
133745.0
133747.0
133748.0
133749.0
0.0
0.0
0.0
0.0
0.0
0.0
0.0
0.0
0.0
133825.0
133826.0
133827.0
133828.0
133829.0
0.0
133831.0
133832.0
133833.0
0.0
0.0
0.0
0.0
0.0
133908.0
133909.0
133910.0
133911.0
133912.0
133913.0
0.0
133915.0
133916.0
0.0
0.0
0.0
133991.0
133992.0
133993.0
133994.0
133995.0
133997.0
133998.0
133999.0
0.0
0.0
0.0
0.0
134074.0
134075.0
134076.0
134077.0
134078.0
134079.0
134080.0
134082.0
134083.0
0.0
0.0
0.0
0.0
134158.0
0.0
134162.0
134163.0
134164.0
134165.0
134166.0
0.0
0.0
0.0
0.0
134240.0
134241.0
134242.0
134245.0
134246.0
134247.0
134248.0
134249.0
0.0
0.0
134323.0
134324.0
134325.0
134330.0
134404.0
134405.0
134406.0
134407.0
134408.0
134409.0
134488.0
134489.0
134490.0
134491.0
134492.0
134493.0
134570.0
134571.0
134572.0
134573.0
134574.0
134575.0
134576.0
134653.0
134654.0
134655.0
134656.0
134657.0
134658.0
134659.0
134737.0
134738.0
134739.0
134820.0
134821.0
134822.0
0.0
0.0
0.0
0.0
0.0
0.0
0.0
0.0
0.0
0.0
0.0
0.0
0.0
0.0
0.0
0.0
0.0
0.0
0.0
0.0
0.0
0.0
0.0
0.0
0.0
0.0
0.0
0.0
0.0
0.0
0.0
0.0
0.0
0.0
0.0
0.0
0.0
0.0
0.0
0.0
0.0
0.0
0.0
0.0
0.0
0.0
0.0
0.0
0.0
0.0
0.0
0.0
0.0
0.0
0.0
0.0
0.0
0.0
0.0
0.0
0.0
0.0
0.0
0.0
142792.0
0.0
0.0
0.0
0.0
0.0
0.0
0.0
0.0
0.0
0.0
0.0
0.0
0.0
0.0
142875.0
0.0
0.0
0.0
0.0
0.0
0.0
0.0
0.0
0.0
0.0
0.0
142955.0
142956.0
142957.0
142958.0
0.0
142960.0
142961.0
0.0
0.0
0.0
0.0
0.0
0.0
0.0
0.0
0.0
143037.0
143038.0
143039.0
143040.0
143041.0
143042.0
143043.0
143044.0
143045.0
0.0
0.0
0.0
0.0
0.0
0.0
0.0
0.0
0.0
143120.0
143121.0
143122.0
143125.0
143126.0
143127.0
143128.0
0.0
0.0
0.0
0.0
0.0
0.0
0.0
0.0
0.0
0.0
143204.0
143205.0
143209.0
143210.0
143211.0
143212.0
0.0
0.0
0.0
0.0
0.0
0.0
0.0
0.0
143287.0
143288.0
143290.0
143291.0
143294.0
143295.0
0.0
0.0
0.0
143370.0
143371.0
143372.0
143375.0
143376.0
143377.0
143378.0
143379.0
0.0
0.0
0.0
0.0
0.0
0.0
143458.0
143459.0
143460.0
143461.0
143462.0
0.0
0.0
0.0
0.0
0.0
0.0
0.0
0.0
0.0
143541.0
143542.0
143543.0
143544.0
143545.0
0.0
0.0
0.0
0.0
0.0
0.0
0.0
0.0
0.0
143623.0
143624.0
143625.0
143626.0
143627.0
143628.0
0.0
0.0
0.0
0.0
0.0
143705.0
143706.0
143707.0
143708.0
143709.0
143710.0
143711.0
0.0
0.0
0.0
143788.0
143789.0
0.0
143868.0
143869.0
143871.0
143872.0
143950.0
143951.0
143952.0
143953.0
143954.0
143955.0
143956.0
144034.0
144035.0
144036.0
144037.0
144038.0
144039.0
144116.0
144117.0
144118.0
144119.0
144120.0
144121.0
144199.0
144200.0
144201.0
144282.0
144283.0
0.0
145110.0
145191.0
145192.0
145194.0
145276.0
145358.0
0.0
0.0
0.0
0.0
0.0
0.0
0.0
0.0
0.0
0.0
0.0
0.0
0.0
0.0
0.0
0.0
0.0
0.0
0.0
0.0
0.0
0.0
0.0
0.0
0.0
0.0
0.0
0.0
0.0
0.0
0.0
0.0
0.0
0.0
0.0
0.0
0.0
0.0
0.0
0.0
0.0
0.0
0.0
0.0
0.0
0.0
0.0
0.0
0.0
0.0
0.0
0.0
0.0
0.0
0.0
0.0
0.0
0.0
0.0
0.0
0.0
0.0
0.0
0.0
0.0
0.0
0.0
0.0
0.0
0.0
0.0
0.0
0.0
0.0
0.0
152088.0
0.0
0.0
0.0
0.0
0.0
0.0
0.0
0.0
0.0
0.0
0.0
0.0
0.0
0.0
152171.0
0.0
0.0
0.0
0.0
0.0
0.0
0.0
0.0
0.0
0.0
0.0
0.0
0.0
152251.0
152252.0
152253.0
152254.0
152255.0
0.0
0.0
0.0
0.0
0.0
0.0
0.0
0.0
0.0
0.0
0.0
152333.0
152334.0
152335.0
152336.0
152337.0
0.0
0.0
0.0
0.0
0.0
0.0
0.0
0.0
0.0
152416.0
152417.0
152419.0
152420.0
0.0
0.0
0.0
0.0
0.0
0.0
0.0
0.0
0.0
0.0
0.0
0.0
0.0
0.0
0.0
0.0
152507.0
0.0
0.0
0.0
0.0
0.0
0.0
0.0
0.0
0.0
0.0
0.0
0.0
0.0
0.0
152588.0
152590.0
152591.0
0.0
0.0
0.0
0.0
0.0
0.0
0.0
0.0
0.0
0.0
152673.0
152674.0
152675.0
0.0
0.0
0.0
0.0
0.0
0.0
0.0
0.0
152754.0
152755.0
152756.0
152757.0
152758.0
0.0
0.0
0.0
0.0
0.0
0.0
0.0
0.0
0.0
152837.0
152838.0
152839.0
152840.0
152841.0
0.0
0.0
0.0
0.0
0.0
0.0
0.0
0.0
0.0
0.0
152920.0
152921.0
152922.0
152923.0
152924.0
0.0
0.0
0.0
0.0
0.0
0.0
0.0
0.0
0.0
0.0
153003.0
153004.0
153005.0
153006.0
153007.0
0.0
0.0
0.0
0.0
0.0
0.0
0.0
0.0
153085.0
153086.0
153087.0
153088.0
153089.0
153090.0
0.0
0.0
0.0
0.0
0.0
0.0
0.0
0.0
153167.0
153168.0
153169.0
153170.0
0.0
0.0
0.0
0.0
0.0
0.0
0.0
153250.0
153251.0
153252.0
0.0
0.0
0.0
0.0
0.0
153334.0
153335.0
153336.0
0.0
0.0
0.0
153414.0
153415.0
153416.0
153417.0
153418.0
153419.0
153497.0
153498.0
153499.0
153500.0
153501.0
153579.0
153580.0
153581.0
153582.0
153583.0
153661.0
153662.0
153663.0
153664.0
0.0
154406.0
154488.0
154489.0
154569.0
154570.0
154571.0
154572.0
154573.0
154574.0
154653.0
154654.0
154655.0
154656.0
154657.0
154737.0
154738.0
154739.0
154819.0
154820.0
154821.0
0.0
0.0
0.0
0.0
0.0
0.0
0.0
0.0
0.0
0.0
0.0
0.0
0.0
0.0
0.0
0.0
0.0
0.0
0.0
0.0
0.0
0.0
0.0
0.0
0.0
0.0
0.0
0.0
0.0
0.0
0.0
0.0
0.0
0.0
0.0
0.0
0.0
0.0
0.0
0.0
0.0
0.0
0.0
0.0
0.0
0.0
0.0
0.0
0.0
0.0
0.0
0.0
0.0
0.0
0.0
0.0
0.0
0.0
0.0
0.0
0.0
0.0
0.0
0.0
0.0
0.0
0.0
0.0
0.0
0.0
0.0
0.0
0.0
161384.0
0.0
0.0
0.0
0.0
0.0
0.0
0.0
0.0
0.0
0.0
0.0
0.0
0.0
161467.0
0.0
0.0
0.0
0.0
0.0
0.0
0.0
0.0
0.0
0.0
0.0
0.0
161547.0
161548.0
161550.0
0.0
0.0
0.0
0.0
0.0
0.0
0.0
0.0
0.0
0.0
0.0
0.0
161629.0
161630.0
161631.0
161632.0
161633.0
0.0
0.0
0.0
0.0
0.0
0.0
0.0
0.0
0.0
0.0
0.0
0.0
0.0
161711.0
161712.0
161713.0
161714.0
161715.0
161716.0
0.0
0.0
0.0
0.0
0.0
0.0
0.0
0.0
0.0
161794.0
161795.0
161796.0
161798.0
161799.0
0.0
0.0
0.0
0.0
0.0
0.0
0.0
0.0
161878.0
0.0
0.0
0.0
0.0
0.0
0.0
0.0
0.0
0.0
0.0
0.0
0.0
0.0
0.0
0.0
0.0
0.0
0.0
0.0
0.0
0.0
161969.0
161970.0
0.0
0.0
0.0
0.0
0.0
0.0
0.0
0.0
0.0
0.0
0.0
0.0
162052.0
162053.0
162054.0
0.0
0.0
0.0
0.0
0.0
0.0
0.0
162134.0
162135.0
162136.0
162137.0
0.0
0.0
0.0
0.0
0.0
0.0
0.0
0.0
162216.0
162217.0
162218.0
162219.0
162220.0
0.0
0.0
0.0
0.0
0.0
0.0
0.0
0.0
0.0
0.0
162299.0
162300.0
162301.0
162302.0
162303.0
0.0
0.0
0.0
0.0
0.0
0.0
0.0
0.0
0.0
0.0
0.0
162383.0
162384.0
162385.0
162386.0
0.0
0.0
0.0
0.0
0.0
0.0
0.0
0.0
0.0
162465.0
162466.0
162467.0
162468.0
162469.0
0.0
0.0
0.0
162541.0
0.0
0.0
0.0
0.0
162547.0
162548.0
162549.0
162550.0
162551.0
0.0
162624.0
0.0
0.0
0.0
0.0
0.0
162630.0
162631.0
162632.0
162706.0
162707.0
0.0
0.0
0.0
0.0
0.0
162713.0
162714.0
162715.0
162790.0
0.0
0.0
0.0
0.0
0.0
162796.0
162797.0
162798.0
0.0
0.0
0.0
162876.0
162877.0
162878.0
162879.0
162880.0
162881.0
162958.0
162959.0
162960.0
162961.0
162962.0
162963.0
163040.0
163041.0
163042.0
163043.0
163044.0
163045.0
163124.0
163125.0
163126.0
0.0
0.0
0.0
0.0
0.0
0.0
0.0
163786.0
163865.0
163866.0
163867.0
163868.0
163869.0
163949.0
163950.0
163951.0
163952.0
163953.0
163954.0
164031.0
164032.0
164033.0
164034.0
164035.0
164036.0
164115.0
164116.0
164117.0
164118.0
164198.0
164199.0
164200.0
164201.0
164281.0
164282.0
164283.0
0.0
0.0
0.0
0.0
0.0
0.0
0.0
0.0
0.0
0.0
0.0
0.0
0.0
0.0
0.0
0.0
0.0
0.0
0.0
0.0
0.0
0.0
0.0
0.0
0.0
0.0
0.0
0.0
0.0
0.0
0.0
0.0
0.0
0.0
0.0
0.0
0.0
0.0
0.0
0.0
0.0
0.0
0.0
0.0
0.0
0.0
0.0
0.0
0.0
0.0
0.0
0.0
0.0
0.0
0.0
0.0
0.0
0.0
0.0
0.0
0.0
0.0
0.0
0.0
0.0
0.0
0.0
0.0
0.0
0.0
0.0
0.0
0.0
0.0
0.0
0.0
0.0
0.0
0.0
0.0
0.0
0.0
0.0
0.0
0.0
0.0
0.0
0.0
0.0
0.0
0.0
0.0
0.0
0.0
0.0
0.0
0.0
0.0
0.0
0.0
0.0
0.0
0.0
0.0
0.0
170846.0
0.0
0.0
0.0
0.0
0.0
0.0
0.0
0.0
0.0
170925.0
170926.0
170927.0
170928.0
170929.0
0.0
0.0
0.0
0.0
0.0
0.0
0.0
0.0
0.0
0.0
171008.0
171009.0
171010.0
171011.0
171012.0
0.0
0.0
0.0
0.0
0.0
0.0
0.0
0.0
0.0
0.0
0.0
0.0
171090.0
171091.0
171092.0
171093.0
171094.0
171095.0
0.0
0.0
0.0
0.0
0.0
0.0
0.0
0.0
0.0
171173.0
171174.0
0.0
171177.0
0.0
0.0
0.0
0.0
0.0
0.0
0.0
0.0
0.0
0.0
0.0
171264.0
171265.0
0.0
0.0
0.0
0.0
0.0
0.0
0.0
0.0
0.0
0.0
0.0
0.0
0.0
0.0
0.0
0.0
171349.0
0.0
0.0
0.0
0.0
0.0
0.0
0.0
0.0
0.0
0.0
0.0
0.0
171431.0
171432.0
0.0
0.0
0.0
0.0
0.0
0.0
0.0
171513.0
171514.0
171515.0
171516.0
0.0
0.0
0.0
0.0
0.0
0.0
0.0
171595.0
171596.0
171597.0
171598.0
171599.0
0.0
0.0
0.0
0.0
171678.0
171679.0
171680.0
171681.0
171682.0
0.0
0.0
0.0
0.0
0.0
0.0
0.0
171761.0
171762.0
171763.0
171764.0
171765.0
0.0
0.0
0.0
0.0
0.0
0.0
0.0
171844.0
171845.0
171846.0
171847.0
171848.0
0.0
0.0
171920.0
171921.0
171922.0
0.0
0.0
0.0
171927.0
171928.0
171929.0
172002.0
172003.0
172004.0
0.0
0.0
172009.0
172010.0
172011.0
172085.0
172086.0
172087.0
0.0
0.0
0.0
172092.0
172093.0
172094.0
172168.0
172169.0
0.0
0.0
0.0
0.0
0.0
0.0
172176.0
172177.0
172251.0
0.0
0.0
0.0
0.0
0.0
0.0
0.0
172259.0
172260.0
0.0
0.0
0.0
0.0
0.0
172340.0
0.0
172342.0
0.0
0.0
0.0
0.0
172422.0
172423.0
172424.0
0.0
0.0
0.0
0.0
0.0
0.0
0.0
0.0
0.0
0.0
0.0
0.0
0.0
0.0
0.0
0.0
0.0
0.0
0.0
0.0
0.0
0.0
0.0
0.0
173247.0
173248.0
173249.0
173327.0
173328.0
173329.0
173330.0
173331.0
173332.0
173410.0
173411.0
173412.0
173413.0
173414.0
173415.0
173493.0
173494.0
173495.0
173496.0
173497.0
173578.0
173579.0
173580.0
173659.0
173660.0
173661.0
173662.0
173663.0
173742.0
173743.0
173744.0
0.0
0.0
0.0
0.0
0.0
0.0
0.0
0.0
0.0
0.0
0.0
0.0
0.0
0.0
0.0
0.0
0.0
0.0
0.0
0.0
0.0
0.0
0.0
179731.0
0.0
0.0
0.0
0.0
0.0
0.0
0.0
0.0
0.0
0.0
0.0
0.0
0.0
0.0
0.0
179809.0
0.0
0.0
0.0
0.0
0.0
0.0
0.0
0.0
0.0
0.0
0.0
0.0
0.0
0.0
0.0
0.0
0.0
0.0
0.0
0.0
0.0
0.0
0.0
0.0
0.0
0.0
0.0
0.0
0.0
0.0
0.0
0.0
0.0
0.0
0.0
0.0
0.0
0.0
0.0
0.0
0.0
0.0
0.0
0.0
0.0
0.0
0.0
0.0
0.0
0.0
0.0
0.0
0.0
0.0
0.0
0.0
0.0
0.0
0.0
0.0
0.0
0.0
0.0
0.0
0.0
0.0
0.0
0.0
0.0
0.0
0.0
0.0
0.0
0.0
0.0
0.0
0.0
0.0
0.0
180223.0
180225.0
180226.0
0.0
0.0
0.0
0.0
0.0
0.0
180304.0
180305.0
180306.0
180307.0
180308.0
180309.0
0.0
0.0
0.0
0.0
0.0
0.0
0.0
0.0
180387.0
180388.0
180389.0
180390.0
180391.0
180392.0
0.0
0.0
0.0
0.0
0.0
0.0
0.0
0.0
180470.0
180471.0
180473.0
180474.0
180475.0
0.0
0.0
0.0
0.0
0.0
0.0
0.0
0.0
0.0
0.0
0.0
0.0
0.0
0.0
0.0
0.0
0.0
0.0
0.0
0.0
0.0
0.0
0.0
0.0
0.0
0.0
0.0
0.0
0.0
0.0
0.0
0.0
0.0
0.0
0.0
0.0
0.0
0.0
0.0
0.0
180810.0
180811.0
0.0
0.0
0.0
0.0
0.0
0.0
0.0
0.0
0.0
0.0
0.0
0.0
180893.0
180894.0
0.0
0.0
0.0
0.0
0.0
0.0
0.0
0.0
0.0
180977.0
0.0
0.0
0.0
0.0
0.0
0.0
0.0
181057.0
181058.0
0.0
0.0
0.0
0.0
0.0
0.0
181140.0
181141.0
181142.0
0.0
0.0
181217.0
181218.0
181219.0
0.0
0.0
181223.0
181224.0
181225.0
181299.0
181300.0
181301.0
0.0
0.0
181306.0
181307.0
181308.0
181381.0
181382.0
181383.0
0.0
181388.0
181389.0
181390.0
181464.0
181465.0
181470.0
181471.0
0.0
181473.0
181547.0
181548.0
0.0
0.0
0.0
0.0
181555.0
181556.0
181629.0
181630.0
181631.0
0.0
0.0
0.0
0.0
0.0
181638.0
181712.0
181713.0
0.0
0.0
0.0
0.0
0.0
0.0
0.0
0.0
0.0
0.0
0.0
0.0
0.0
0.0
0.0
0.0
0.0
0.0
0.0
0.0
0.0
0.0
0.0
0.0
0.0
0.0
0.0
0.0
0.0
0.0
0.0
0.0
0.0
0.0
0.0
0.0
0.0
0.0
182705.0
182706.0
182709.0
182710.0
182788.0
182789.0
182790.0
182791.0
182792.0
182793.0
182794.0
182872.0
182873.0
182874.0
182875.0
182876.0
182957.0
182958.0
182959.0
183038.0
183039.0
183040.0
183041.0
183042.0
183122.0
183123.0
183124.0
183125.0
183206.0
183207.0
0.0
0.0
188859.0
0.0
0.0
0.0
0.0
0.0
0.0
0.0
0.0
0.0
188942.0
0.0
0.0
0.0
0.0
0.0
0.0
0.0
0.0
0.0
0.0
0.0
0.0
0.0
0.0
0.0
189025.0
189026.0
0.0
0.0
0.0
0.0
0.0
0.0
0.0
0.0
0.0
0.0
0.0
0.0
0.0
0.0
0.0
0.0
0.0
189105.0
189106.0
189109.0
189110.0
189111.0
0.0
0.0
0.0
0.0
0.0
0.0
0.0
0.0
0.0
0.0
0.0
0.0
0.0
0.0
189188.0
189189.0
189190.0
0.0
0.0
0.0
0.0
189195.0
0.0
0.0
0.0
0.0
0.0
0.0
0.0
0.0
0.0
0.0
0.0
0.0
0.0
0.0
0.0
0.0
0.0
0.0
0.0
0.0
0.0
189278.0
189279.0
0.0
0.0
0.0
0.0
0.0
0.0
0.0
0.0
0.0
0.0
0.0
0.0
189353.0
0.0
0.0
0.0
0.0
0.0
0.0
189361.0
189362.0
189363.0
0.0
0.0
0.0
0.0
0.0
0.0
0.0
0.0
0.0
0.0
189436.0
189437.0
0.0
0.0
0.0
0.0
0.0
0.0
0.0
0.0
0.0
0.0
0.0
0.0
0.0
189520.0
0.0
0.0
0.0
0.0
0.0
0.0
0.0
0.0
0.0
0.0
0.0
0.0
0.0
189602.0
189604.0
0.0
0.0
0.0
0.0
0.0
0.0
0.0
0.0
0.0
0.0
189683.0
189684.0
189685.0
189686.0
189687.0
189688.0
189689.0
0.0
0.0
0.0
0.0
0.0
0.0
0.0
189766.0
189767.0
189768.0
189769.0
189770.0
189771.0
0.0
0.0
0.0
0.0
0.0
0.0
0.0
0.0
0.0
189852.0
189853.0
189854.0
0.0
0.0
0.0
0.0
0.0
0.0
0.0
0.0
0.0
0.0
0.0
0.0
0.0
0.0
0.0
0.0
0.0
0.0
0.0
0.0
0.0
0.0
0.0
0.0
0.0
0.0
0.0
0.0
0.0
0.0
0.0
0.0
0.0
0.0
0.0
0.0
0.0
0.0
0.0
0.0
0.0
0.0
0.0
0.0
0.0
0.0
0.0
0.0
0.0
0.0
0.0
0.0
0.0
0.0
0.0
0.0
0.0
0.0
0.0
0.0
0.0
0.0
0.0
0.0
0.0
0.0
0.0
190513.0
190514.0
0.0
0.0
0.0
190595.0
190596.0
190597.0
190598.0
0.0
190603.0
190678.0
190679.0
190680.0
190684.0
190685.0
190686.0
190761.0
190762.0
190767.0
190768.0
190843.0
190844.0
190845.0
0.0
190926.0
190927.0
191009.0
191010.0
191011.0
0.0
0.0
191093.0
0.0
0.0
0.0
0.0
0.0
0.0
0.0
0.0
0.0
0.0
0.0
0.0
0.0
0.0
191590.0
192167.0
192170.0
192252.0
192253.0
192334.0
192335.0
192336.0
192337.0
192418.0
192419.0
192420.0
192421.0
192501.0
192502.0
192503.0
192504.0
192586.0
0.0
198155.0
0.0
0.0
0.0
0.0
198237.0
198238.0
0.0
0.0
0.0
0.0
0.0
0.0
0.0
0.0
198319.0
198320.0
198321.0
198322.0
0.0
0.0
0.0
0.0
0.0
0.0
0.0
0.0
0.0
0.0
0.0
0.0
0.0
0.0
0.0
0.0
0.0
198400.0
198401.0
198402.0
198403.0
198404.0
198405.0
198406.0
0.0
0.0
0.0
0.0
0.0
0.0
0.0
0.0
0.0
0.0
0.0
0.0
0.0
0.0
0.0
0.0
0.0
198483.0
198484.0
198485.0
198486.0
198487.0
198488.0
198489.0
198490.0
198491.0
0.0
0.0
0.0
0.0
0.0
0.0
0.0
0.0
0.0
0.0
0.0
0.0
0.0
198566.0
198567.0
198568.0
198569.0
198570.0
0.0
0.0
198573.0
198574.0
198575.0
0.0
0.0
0.0
0.0
0.0
0.0
0.0
0.0
0.0
0.0
0.0
0.0
0.0
0.0
0.0
0.0
0.0
198653.0
0.0
0.0
198656.0
198657.0
198658.0
0.0
0.0
0.0
0.0
0.0
0.0
0.0
0.0
0.0
0.0
0.0
198732.0
0.0
0.0
0.0
0.0
0.0
0.0
198739.0
198740.0
198741.0
0.0
0.0
0.0
0.0
0.0
0.0
0.0
0.0
0.0
0.0
198814.0
198815.0
198816.0
0.0
0.0
0.0
0.0
0.0
0.0
0.0
0.0
0.0
0.0
0.0
0.0
0.0
0.0
0.0
198898.0
198899.0
0.0
0.0
0.0
0.0
0.0
0.0
0.0
0.0
0.0
0.0
0.0
0.0
0.0
198981.0
198982.0
198983.0
0.0
0.0
0.0
0.0
0.0
0.0
0.0
0.0
0.0
0.0
0.0
0.0
0.0
199064.0
199065.0
199066.0
199067.0
199068.0
0.0
0.0
0.0
0.0
0.0
0.0
0.0
199148.0
199149.0
199150.0
199151.0
0.0
0.0
0.0
0.0
0.0
0.0
199232.0
199233.0
0.0
0.0
0.0
0.0
0.0
0.0
0.0
0.0
0.0
0.0
0.0
0.0
0.0
0.0
0.0
0.0
0.0
0.0
0.0
0.0
0.0
0.0
0.0
0.0
0.0
0.0
0.0
0.0
0.0
0.0
0.0
0.0
0.0
0.0
0.0
0.0
0.0
0.0
0.0
0.0
0.0
0.0
0.0
0.0
0.0
199892.0
199893.0
0.0
0.0
0.0
199974.0
199975.0
199976.0
199977.0
0.0
0.0
200057.0
200058.0
200059.0
200140.0
200141.0
200142.0
200143.0
200223.0
200224.0
200225.0
200226.0
200306.0
200307.0
200308.0
200309.0
200388.0
200389.0
200390.0
200391.0
200392.0
200472.0
200473.0
200474.0
200555.0
200556.0
200557.0
200637.0
200638.0
200639.0
200718.0
200719.0
200720.0
200721.0
200722.0
200801.0
200802.0
200803.0
200804.0
200805.0
200884.0
200885.0
200886.0
200887.0
200967.0
200968.0
201714.0
201797.0
201798.0
201881.0
207451.0
0.0
0.0
207533.0
207534.0
207535.0
0.0
0.0
0.0
0.0
0.0
0.0
207613.0
207614.0
207615.0
207616.0
207617.0
207618.0
0.0
0.0
0.0
0.0
0.0
0.0
0.0
0.0
207695.0
207696.0
207697.0
207698.0
207699.0
0.0
0.0
0.0
0.0
0.0
0.0
0.0
0.0
207778.0
207779.0
207780.0
207781.0
207782.0
207783.0
207784.0
207785.0
0.0
0.0
0.0
0.0
0.0
0.0
0.0
0.0
0.0
0.0
0.0
0.0
207861.0
207862.0
207863.0
207864.0
207865.0
207866.0
207867.0
207868.0
207869.0
0.0
0.0
0.0
0.0
0.0
0.0
0.0
0.0
0.0
0.0
0.0
0.0
0.0
0.0
0.0
207947.0
207948.0
207949.0
207950.0
207952.0
207953.0
0.0
0.0
0.0
0.0
0.0
0.0
0.0
0.0
0.0
0.0
0.0
0.0
0.0
0.0
0.0
208032.0
208033.0
0.0
208035.0
208036.0
208037.0
0.0
0.0
0.0
0.0
0.0
0.0
0.0
0.0
0.0
0.0
208111.0
0.0
0.0
0.0
208118.0
208119.0
208120.0
0.0
0.0
0.0
0.0
0.0
0.0
0.0
0.0
208193.0
208194.0
0.0
0.0
0.0
0.0
0.0
0.0
0.0
0.0
0.0
0.0
0.0
0.0
0.0
0.0
208277.0
208278.0
208279.0
0.0
0.0
0.0
0.0
0.0
0.0
0.0
0.0
0.0
0.0
0.0
0.0
208360.0
208361.0
208362.0
208363.0
208364.0
208365.0
0.0
0.0
0.0
0.0
0.0
0.0
0.0
0.0
0.0
208443.0
208444.0
208445.0
208446.0
208447.0
208448.0
0.0
0.0
0.0
0.0
0.0
0.0
0.0
0.0
208527.0
208528.0
208529.0
208530.0
0.0
0.0
0.0
0.0
0.0
0.0
0.0
0.0
0.0
0.0
0.0
0.0
0.0
0.0
0.0
0.0
0.0
0.0
0.0
0.0
0.0
0.0
0.0
0.0
209271.0
0.0
0.0
0.0
0.0
209354.0
209355.0
0.0
0.0
209437.0
209438.0
209439.0
209520.0
209521.0
209522.0
209602.0
209603.0
209604.0
209605.0
209685.0
209686.0
209687.0
209688.0
0.0
0.0
0.0
209768.0
209769.0
209770.0
209771.0
0.0
209850.0
209851.0
209852.0
209853.0
209933.0
209934.0
209935.0
209936.0
210015.0
210016.0
210017.0
210018.0
210019.0
210098.0
210099.0
210100.0
210101.0
0.0
0.0
210181.0
210182.0
210183.0
210184.0
0.0
210264.0
210265.0
210266.0
210348.0
210349.0
0.0
0.0
0.0
0.0
216829.0
0.0
0.0
0.0
0.0
0.0
0.0
216909.0
216910.0
216912.0
216913.0
0.0
0.0
0.0
0.0
0.0
0.0
0.0
0.0
216990.0
216991.0
216992.0
216993.0
216994.0
216995.0
216996.0
0.0
0.0
0.0
0.0
0.0
0.0
0.0
217073.0
217074.0
217075.0
217076.0
217077.0
0.0
0.0
0.0
0.0
0.0
0.0
0.0
0.0
0.0
217156.0
217157.0
217158.0
217159.0
217160.0
217161.0
217162.0
217163.0
0.0
0.0
0.0
0.0
0.0
0.0
0.0
217239.0
217240.0
0.0
217242.0
217243.0
217244.0
217245.0
217246.0
217247.0
217248.0
0.0
0.0
0.0
0.0
0.0
0.0
0.0
0.0
217322.0
0.0
0.0
0.0
217327.0
217328.0
217329.0
217331.0
217332.0
0.0
0.0
0.0
0.0
0.0
0.0
0.0
0.0
0.0
0.0
0.0
217411.0
217412.0
217413.0
217414.0
217415.0
0.0
0.0
0.0
0.0
0.0
0.0
0.0
0.0
0.0
217495.0
217496.0
217497.0
217498.0
0.0
0.0
0.0
0.0
217572.0
217573.0
0.0
0.0
0.0
0.0
0.0
0.0
217655.0
217656.0
217657.0
0.0
0.0
0.0
0.0
0.0
0.0
0.0
0.0
0.0
217740.0
217741.0
217742.0
217743.0
217744.0
0.0
0.0
0.0
0.0
0.0
0.0
0.0
0.0
217823.0
217824.0
217825.0
217826.0
0.0
0.0
0.0
0.0
0.0
0.0
0.0
0.0
0.0
0.0
0.0
0.0
0.0
0.0
0.0
0.0
0.0
0.0
0.0
0.0
0.0
0.0
0.0
0.0
0.0
0.0
0.0
0.0
0.0
0.0
0.0
0.0
0.0
0.0
0.0
0.0
218816.0
218817.0
218818.0
0.0
0.0
0.0
0.0
218899.0
218900.0
218901.0
0.0
0.0
0.0
0.0
218982.0
218983.0
0.0
0.0
0.0
0.0
219064.0
219065.0
219066.0
0.0
0.0
0.0
0.0
0.0
219147.0
219148.0
219149.0
0.0
0.0
0.0
0.0
0.0
219230.0
219231.0
219232.0
0.0
0.0
0.0
0.0
0.0
219313.0
219314.0
219315.0
0.0
0.0
0.0
0.0
219396.0
219397.0
219398.0
0.0
0.0
0.0
0.0
0.0
219478.0
219479.0
219480.0
0.0
0.0
0.0
0.0
219560.0
219561.0
219562.0
0.0
0.0
219644.0
0.0
0.0
0.0
226125.0
0.0
0.0
0.0
0.0
226205.0
226206.0
226208.0
0.0
0.0
0.0
0.0
0.0
0.0
226288.0
226289.0
226290.0
226291.0
226292.0
0.0
0.0
0.0
0.0
0.0
0.0
0.0
0.0
226371.0
226372.0
226373.0
226374.0
0.0
0.0
0.0
0.0
0.0
0.0
226453.0
0.0
0.0
0.0
0.0
0.0
0.0
0.0
0.0
0.0
226535.0
226536.0
226539.0
226540.0
226541.0
226542.0
0.0
0.0
0.0
0.0
0.0
0.0
0.0
0.0
226618.0
226619.0
226620.0
226623.0
226624.0
226625.0
226626.0
0.0
0.0
0.0
0.0
0.0
0.0
226702.0
0.0
226707.0
226708.0
226709.0
226710.0
0.0
0.0
0.0
0.0
0.0
0.0
0.0
226791.0
226792.0
226793.0
0.0
0.0
0.0
0.0
226868.0
0.0
0.0
0.0
226951.0
226952.0
0.0
0.0
227034.0
227035.0
0.0
0.0
0.0
0.0
0.0
0.0
0.0
0.0
0.0
0.0
0.0
0.0
0.0
0.0
0.0
0.0
0.0
0.0
0.0
0.0
0.0
0.0
0.0
0.0
0.0
0.0
0.0
0.0
0.0
0.0
0.0
0.0
0.0
0.0
0.0
0.0
0.0
0.0
0.0
0.0
0.0
0.0
0.0
0.0
0.0
0.0
0.0
0.0
0.0
0.0
0.0
0.0
0.0
0.0
0.0
0.0
0.0
0.0
0.0
0.0
0.0
0.0
0.0
0.0
0.0
0.0
0.0
0.0
0.0
0.0
0.0
0.0
0.0
228775.0
228776.0
0.0
0.0
0.0
0.0
0.0
228857.0
228859.0
0.0
0.0
0.0
0.0
0.0
0.0
0.0
0.0
0.0
0.0
235502.0
235504.0
0.0
0.0
0.0
0.0
0.0
235584.0
235585.0
235586.0
235587.0
0.0
0.0
0.0
0.0
0.0
0.0
235667.0
235668.0
235669.0
235670.0
235671.0
0.0
0.0
0.0
0.0
0.0
0.0
0.0
0.0
235752.0
235753.0
0.0
0.0
0.0
0.0
0.0
0.0
0.0
0.0
0.0
0.0
0.0
0.0
0.0
0.0
0.0
0.0
0.0
0.0
0.0
0.0
0.0
0.0
0.0
0.0
0.0
0.0
0.0
0.0
0.0
0.0
0.0
0.0
0.0
0.0
0.0
0.0
0.0
0.0
0.0
0.0
0.0
0.0
0.0
0.0
0.0
0.0
0.0
0.0
0.0
0.0
0.0
0.0
0.0
0.0
0.0
0.0
0.0
236247.0
0.0
0.0
0.0
0.0
236330.0
0.0
0.0
0.0
0.0
0.0
0.0
0.0
0.0
0.0
0.0
0.0
0.0
0.0
0.0
0.0
0.0
0.0
0.0
0.0
0.0
0.0
0.0
0.0
0.0
0.0
0.0
0.0
0.0
0.0
0.0
0.0
0.0
0.0
0.0
0.0
0.0
0.0
0.0
0.0
0.0
0.0
0.0
0.0
0.0
0.0
0.0
0.0
0.0
0.0
0.0
0.0
0.0
0.0
0.0
0.0
0.0
0.0
0.0
0.0
0.0
0.0
0.0
0.0
0.0
0.0
0.0
0.0
0.0
0.0
0.0
0.0
0.0
0.0
0.0
0.0
0.0
0.0
0.0
0.0
0.0
0.0
0.0
0.0
0.0
0.0
0.0
0.0
0.0
0.0
0.0
0.0
0.0
244800.0
0.0
0.0
244879.0
244880.0
244881.0
244882.0
244883.0
244884.0
0.0
0.0
0.0
0.0
0.0
0.0
0.0
244964.0
244965.0
244966.0
244967.0
0.0
0.0
0.0
0.0
0.0
0.0
245048.0
245049.0
245050.0
0.0
0.0
0.0
0.0
0.0
0.0
0.0
0.0
245131.0
245132.0
0.0
0.0
0.0
0.0
0.0
0.0
0.0
0.0
0.0
0.0
0.0
0.0
0.0
0.0
0.0
0.0
0.0
0.0
0.0
0.0
0.0
0.0
0.0
0.0
0.0
0.0
0.0
0.0
0.0
0.0
0.0
0.0
0.0
0.0
0.0
0.0
0.0
0.0
0.0
0.0
0.0
0.0
0.0
0.0
0.0
0.0
0.0
0.0
0.0
0.0
0.0
0.0
0.0
0.0
0.0
0.0
0.0
0.0
0.0
0.0
0.0
0.0
0.0
0.0
0.0
0.0
0.0
0.0
0.0
0.0
0.0
0.0
0.0
0.0
0.0
0.0
0.0
0.0
0.0
0.0
0.0
0.0
0.0
0.0
0.0
0.0
0.0
0.0
0.0
0.0
0.0
0.0
0.0
0.0
0.0
0.0
0.0
0.0
0.0
0.0
0.0
0.0
0.0
0.0
0.0
0.0
0.0
0.0
0.0
0.0
0.0
0.0
0.0
0.0
0.0
0.0
0.0
0.0
0.0
0.0
0.0
0.0
0.0
0.0
0.0
0.0
0.0
0.0
0.0
0.0
0.0
0.0
0.0
0.0
0.0
0.0
0.0
0.0
0.0
0.0
0.0
0.0
0.0
0.0
0.0
0.0
0.0
0.0
0.0
0.0
0.0
0.0
0.0
0.0
0.0
0.0
0.0
0.0
0.0
0.0
0.0
0.0
0.0
0.0
0.0
0.0
0.0
0.0
0.0
0.0
0.0
0.0
0.0
0.0
0.0
0.0
0.0
0.0
0.0
0.0
0.0
0.0
0.0
0.0
0.0
0.0
254177.0
254178.0
254179.0
0.0
0.0
0.0
0.0
0.0
0.0
0.0
0.0
254259.0
254260.0
254261.0
254262.0
254263.0
0.0
0.0
0.0
0.0
0.0
0.0
0.0
0.0
254344.0
254345.0
254346.0
0.0
0.0
0.0
0.0
0.0
0.0
254428.0
254429.0
0.0
0.0
0.0
0.0
0.0
0.0
0.0
0.0
0.0
0.0
0.0
0.0
0.0
0.0
0.0
0.0
0.0
0.0
0.0
0.0
0.0
0.0
0.0
0.0
0.0
0.0
0.0
0.0
0.0
0.0
0.0
0.0
0.0
0.0
0.0
0.0
0.0
0.0
0.0
0.0
0.0
0.0
0.0
0.0
0.0
0.0
0.0
0.0
0.0
0.0
0.0
0.0
0.0
0.0
0.0
0.0
0.0
0.0
0.0
0.0
0.0
0.0
0.0
0.0
0.0
0.0
0.0
0.0
0.0
0.0
0.0
0.0
0.0
0.0
0.0
0.0
0.0
0.0
0.0
0.0
0.0
0.0
0.0
0.0
0.0
0.0
0.0
0.0
0.0
0.0
0.0
0.0
0.0
0.0
0.0
0.0
0.0
0.0
0.0
0.0
0.0
0.0
0.0
0.0
0.0
0.0
0.0
0.0
0.0
0.0
0.0
0.0
0.0
0.0
0.0
0.0
0.0
0.0
0.0
0.0
0.0
0.0
0.0
0.0
0.0
0.0
0.0
0.0
0.0
0.0
0.0
0.0
0.0
0.0
0.0
0.0
0.0
0.0
0.0
0.0
0.0
0.0
0.0
0.0
0.0
0.0
0.0
0.0
0.0
0.0
0.0
0.0
0.0
0.0
0.0
0.0
0.0
263556.0
263557.0
263558.0
263559.0
0.0
0.0
0.0
0.0
0.0
0.0
0.0
0.0
0.0
0.0
0.0
263639.0
263640.0
263641.0
263642.0
0.0
0.0
0.0
0.0
0.0
0.0
0.0
0.0
0.0
0.0
263724.0
263725.0
0.0
0.0
0.0
0.0
0.0
0.0
0.0
0.0
0.0
0.0
0.0
0.0
0.0
0.0
0.0
0.0
0.0
0.0
0.0
0.0
0.0
0.0
0.0
0.0
0.0
0.0
0.0
0.0
0.0
0.0
0.0
0.0
0.0
0.0
0.0
0.0
0.0
0.0
0.0
0.0
0.0
0.0
0.0
0.0
0.0
0.0
0.0
0.0
0.0
0.0
0.0
0.0
0.0
0.0
0.0
0.0
0.0
0.0
0.0
0.0
0.0
0.0
0.0
0.0
0.0
0.0
0.0
0.0
0.0
0.0
0.0
0.0
0.0
0.0
0.0
0.0
0.0
0.0
0.0
0.0
0.0
0.0
0.0
0.0
0.0
0.0
0.0
0.0
0.0
0.0
0.0
0.0
0.0
0.0
0.0
0.0
0.0
0.0
0.0
0.0
0.0
0.0
0.0
0.0
0.0
0.0
0.0
0.0
0.0
0.0
0.0
0.0
0.0
0.0
0.0
0.0
0.0
0.0
0.0
0.0
0.0
0.0
0.0
0.0
0.0
0.0
0.0
0.0
0.0
0.0
0.0
0.0
0.0
0.0
0.0
0.0
0.0
0.0
0.0
0.0
0.0
0.0
0.0
0.0
0.0
0.0
0.0
0.0
0.0
0.0
0.0
272935.0
272936.0
272937.0
272938.0
0.0
0.0
0.0
0.0
0.0
273019.0
273020.0
273021.0
0.0
0.0
0.0
0.0
0.0
0.0
0.0
0.0
0.0
0.0
0.0
0.0
0.0
0.0
0.0
0.0
0.0
0.0
0.0
0.0
0.0
0.0
0.0
0.0
0.0
0.0
0.0
0.0
0.0
0.0
0.0
0.0
0.0
0.0
0.0
0.0
0.0
0.0
0.0
0.0
0.0
0.0
0.0
0.0
0.0
0.0
0.0
0.0
0.0
0.0
0.0
0.0
0.0
0.0
0.0
0.0
0.0
0.0
0.0
0.0
0.0
0.0
0.0
0.0
0.0
0.0
0.0
0.0
0.0
0.0
0.0
0.0
0.0
0.0
0.0
0.0
0.0
0.0
0.0
0.0
0.0
0.0
0.0
0.0
0.0
0.0
0.0
0.0
0.0
0.0
0.0
0.0
0.0
0.0
0.0
0.0
0.0
0.0
0.0
0.0
0.0
0.0
0.0
0.0
0.0
0.0
0.0
0.0
0.0
0.0
0.0
0.0
0.0
0.0
0.0
0.0
0.0
0.0
0.0
0.0
0.0
0.0
0.0
0.0
0.0
0.0
0.0
0.0
0.0
0.0
0.0
0.0
0.0
0.0
0.0
0.0
0.0
0.0
0.0
0.0
0.0
0.0
0.0
0.0
0.0
282316.0
0.0
0.0
282398.0
282399.0
0.0
0.0
0.0
0.0
0.0
0.0
0.0
0.0
0.0
0.0
0.0
0.0
0.0
0.0
0.0
0.0
0.0
0.0
0.0
0.0
0.0
0.0
0.0
0.0
0.0
0.0
0.0
0.0
0.0
0.0
0.0
0.0
0.0
0.0
0.0
0.0
0.0
0.0
0.0
0.0
0.0
0.0
0.0
0.0
0.0
0.0
0.0
0.0
0.0
0.0
0.0
0.0
0.0
0.0
0.0
0.0
0.0
0.0
0.0
0.0
0.0
0.0
0.0
0.0
0.0
0.0
0.0
0.0
0.0
0.0
0.0
0.0
0.0
0.0
0.0
0.0
0.0
0.0
0.0
0.0
0.0
0.0
0.0
0.0
0.0
0.0
0.0
0.0
0.0
0.0
0.0
0.0
0.0
0.0
0.0
0.0
0.0
0.0
0.0
0.0
0.0
0.0
0.0
0.0
0.0
0.0
0.0
0.0
0.0
0.0
0.0
0.0
0.0
0.0
0.0
0.0
0.0
0.0
0.0
0.0
0.0
0.0
0.0
0.0
0.0
0.0
0.0
0.0
0.0
0.0
0.0
0.0
0.0
0.0
0.0
0.0
0.0
0.0
0.0
0.0
0.0
0.0
0.0
0.0
0.0
0.0
0.0
0.0
0.0
0.0
0.0
0.0
0.0
0.0
0.0
0.0
0.0
0.0
0.0
0.0
0.0
0.0
0.0
0.0
0.0
0.0
0.0
0.0
0.0
0.0
0.0
0.0
0.0
0.0
0.0
0.0
0.0
0.0
0.0
0.0
0.0
0.0
0.0
0.0
0.0
0.0
0.0
0.0
0.0
0.0
0.0
0.0
0.0
0.0
0.0
0.0
0.0
0.0
0.0
0.0
0.0
0.0
0.0
0.0
0.0
0.0
0.0
0.0
0.0
0.0
0.0
0.0
0.0
0.0
0.0
0.0
0.0
0.0
0.0
0.0
0.0
0.0
0.0
0.0
0.0
0.0
0.0
0.0
0.0
0.0
0.0
0.0
0.0
0.0
0.0
0.0
0.0
0.0
0.0
0.0
0.0
0.0
0.0
0.0
0.0
0.0
0.0
0.0
0.0
0.0
0.0
0.0
0.0
0.0
0.0
0.0
0.0
0.0
0.0
0.0
0.0
0.0
0.0
0.0
0.0
0.0
0.0
0.0
0.0
0.0
0.0
0.0
0.0
0.0
0.0
0.0
0.0
0.0
0.0
0.0
0.0
0.0
0.0
0.0
0.0
0.0
0.0
0.0
0.0
0.0
0.0
0.0
0.0
0.0
0.0
0.0
0.0
0.0
0.0
0.0
0.0
0.0
0.0
0.0
0.0
0.0
0.0
0.0
0.0
0.0
0.0
0.0
0.0
0.0
0.0
0.0
0.0
0.0
0.0
0.0
0.0
0.0
0.0
0.0
0.0
0.0
0.0
0.0
0.0
0.0
0.0
0.0
0.0
0.0
0.0
0.0
0.0
0.0
0.0
0.0
0.0
0.0
0.0
0.0
0.0
0.0
0.0
0.0
0.0
0.0
0.0
0.0
0.0
0.0
0.0
0.0
0.0
0.0
0.0
0.0
0.0
0.0
0.0
0.0
0.0
0.0
0.0
0.0
0.0
0.0
0.0
0.0
0.0
0.0
0.0
0.0
0.0
0.0
0.0
0.0
0.0
0.0
0.0
0.0
0.0
0.0
0.0
0.0
0.0
0.0
0.0
0.0
0.0
0.0
0.0
0.0
0.0
0.0
0.0
0.0
0.0
0.0
0.0
0.0
0.0
0.0
0.0
0.0
0.0
0.0
0.0
0.0
0.0
0.0
0.0
0.0
0.0
0.0
0.0
0.0
0.0
0.0
0.0
0.0
0.0
0.0
0.0
0.0
0.0
0.0
0.0
0.0
0.0
0.0
0.0
0.0
0.0
0.0
0.0
0.0
0.0
0.0
0.0
0.0
0.0
0.0
0.0
0.0
0.0
0.0
0.0
0.0
0.0
0.0
0.0
0.0
0.0
0.0
0.0
0.0
0.0
0.0
0.0
0.0
0.0
0.0
0.0
0.0
0.0
0.0
0.0
0.0
0.0
0.0
0.0
0.0
0.0
0.0
0.0
0.0
0.0
0.0
0.0
0.0
0.0
0.0
0.0
0.0
0.0
0.0
0.0
0.0
0.0
0.0
0.0
0.0
0.0
0.0
0.0
0.0
0.0
0.0
0.0
0.0
0.0
0.0
0.0
0.0
0.0
0.0
0.0
0.0
0.0
0.0
0.0
0.0
0.0
0.0
0.0
0.0
0.0
0.0
0.0
0.0
0.0
0.0
0.0
0.0
0.0
0.0
0.0
0.0
0.0
0.0
0.0
0.0
0.0
0.0
0.0
0.0
0.0
0.0
0.0
0.0
0.0
0.0
0.0
0.0
0.0
0.0
0.0
0.0
0.0
0.0
0.0
0.0
0.0
0.0
0.0
0.0
0.0
0.0
0.0
0.0
0.0
0.0
0.0
0.0
0.0
0.0
0.0
0.0
0.0
0.0
0.0
0.0
0.0
0.0
0.0
0.0
0.0
0.0
0.0
0.0
0.0
0.0
0.0
0.0
0.0
0.0
0.0
0.0
0.0
0.0
0.0
0.0
0.0
0.0
0.0
0.0
0.0
0.0
0.0
0.0
0.0
0.0
0.0
0.0
0.0
0.0
0.0
0.0
0.0
0.0
0.0
0.0
0.0
0.0
0.0
0.0
0.0
0.0
0.0
0.0
0.0
0.0
0.0
0.0
0.0
0.0
0.0
0.0
0.0
0.0
0.0
0.0
0.0
0.0
0.0
0.0
0.0
0.0
0.0
0.0
0.0
0.0
0.0
0.0
0.0
0.0
0.0
0.0
0.0
0.0
0.0
0.0
0.0
0.0
0.0
0.0
0.0
0.0
0.0
0.0
0.0
0.0
0.0
0.0
0.0
0.0
0.0
0.0
0.0
0.0
0.0
0.0
0.0
0.0
0.0
0.0
0.0
0.0
0.0
0.0
0.0
0.0
0.0
0.0
0.0
0.0
0.0
0.0
0.0
0.0
0.0
0.0
0.0
0.0
0.0
0.0
0.0
0.0
0.0
0.0
0.0
0.0
0.0
0.0
0.0
0.0
0.0
0.0
0.0
0.0
0.0
0.0
0.0
0.0
0.0
0.0
0.0
0.0
0.0
0.0
0.0
0.0
0.0
0.0
0.0
0.0
0.0
0.0
0.0
0.0
0.0
0.0
0.0
0.0
0.0
0.0
0.0
0.0
0.0
0.0
0.0
0.0
0.0
0.0
0.0
0.0
0.0
0.0
0.0
0.0
0.0
0.0
0.0
0.0
0.0
0.0
0.0
0.0
0.0
0.0
0.0
0.0
0.0
0.0
0.0
0.0
0.0
0.0
0.0
0.0
0.0
0.0
0.0
0.0
0.0
0.0
0.0
0.0
0.0
0.0
0.0
0.0
0.0
0.0
0.0
0.0
0.0
0.0
0.0
0.0
0.0
0.0
0.0
0.0
0.0
0.0
0.0
0.0
0.0
0.0
0.0
0.0
0.0
0.0
0.0
0.0
0.0
0.0
0.0
0.0
0.0
0.0
0.0
0.0
0.0
0.0
0.0
0.0
0.0
0.0
0.0
0.0
0.0
0.0
0.0
0.0
0.0
0.0
0.0
0.0
0.0
0.0
0.0
0.0
0.0
0.0
0.0
0.0
0.0
0.0
0.0
0.0
0.0
0.0
0.0
0.0
0.0
0.0
0.0
0.0
0.0
0.0
0.0
0.0
0.0
0.0
0.0
0.0
0.0
0.0
0.0
0.0
0.0
0.0
0.0
0.0
0.0
0.0
0.0
0.0
0.0
0.0
0.0
0.0
0.0
0.0
0.0
0.0
0.0
0.0
0.0
0.0
0.0
0.0
0.0
0.0
0.0
0.0
0.0
0.0
0.0
0.0
0.0
0.0
0.0
0.0
0.0
0.0
0.0
0.0
0.0
0.0
0.0
0.0
0.0
0.0
0.0
0.0
0.0
0.0
0.0
0.0
0.0
0.0
0.0
0.0
0.0
0.0
0.0
0.0
0.0
0.0
0.0
0.0
0.0
0.0
0.0
0.0
0.0
0.0
0.0
0.0
0.0
0.0
0.0
0.0
0.0
0.0
0.0
0.0
0.0
0.0
0.0
0.0
0.0
0.0
0.0
0.0
0.0
0.0
0.0
0.0
0.0
0.0
0.0
0.0
0.0
0.0
0.0
0.0
0.0
0.0
0.0
0.0
0.0
0.0
0.0
0.0
0.0
0.0
0.0
0.0
0.0
0.0
0.0
0.0
0.0
0.0
0.0
0.0
0.0
0.0
0.0
0.0
0.0
0.0
0.0
0.0
0.0
0.0
0.0
0.0
0.0
0.0
0.0
0.0
0.0
0.0
0.0
0.0
0.0
0.0
0.0
0.0
0.0
0.0
0.0
0.0
0.0
0.0
0.0
0.0
0.0
0.0
0.0
0.0
0.0
0.0
0.0
0.0
0.0
0.0
0.0
0.0
0.0
0.0
0.0
0.0
0.0
0.0
0.0
0.0
0.0
0.0
0.0
0.0
0.0
0.0
0.0
0.0
0.0
0.0
0.0
0.0
0.0
0.0
0.0
0.0
0.0
0.0
0.0
0.0
0.0
0.0
0.0
0.0
0.0
0.0
0.0
0.0
0.0
0.0
0.0
0.0
0.0
0.0
0.0
0.0
0.0
0.0
0.0
0.0
0.0
0.0
0.0
0.0
0.0
0.0
0.0
0.0
0.0
0.0
0.0
0.0
0.0
0.0
0.0
0.0
0.0
0.0
0.0
0.0
0.0
0.0
0.0
0.0
0.0
0.0
0.0
0.0
0.0
0.0
0.0
0.0
0.0
0.0
0.0
0.0
0.0
0.0
0.0
0.0
0.0
0.0
0.0
0.0
0.0
0.0
0.0
0.0
0.0
0.0
0.0
0.0
0.0
0.0
0.0
0.0
0.0
0.0
0.0
0.0
0.0
0.0
0.0
0.0
0.0
0.0
0.0
0.0
0.0
0.0
0.0
0.0
0.0
0.0
0.0
0.0
0.0
0.0
0.0
0.0
0.0
0.0
0.0
0.0
0.0
0.0
0.0
0.0
0.0
0.0
0.0
0.0
0.0
0.0
0.0
0.0
0.0
0.0
0.0
0.0
0.0
0.0
0.0
0.0
0.0
0.0
0.0
0.0
0.0
0.0
0.0
0.0
0.0
0.0
0.0
0.0
0.0
0.0
0.0
0.0
0.0
0.0
0.0
0.0
0.0
0.0
0.0
0.0
0.0
0.0
0.0
0.0
0.0
0.0
0.0
0.0
0.0
0.0
0.0
0.0
0.0
0.0
0.0
0.0
0.0
0.0
0.0
0.0
0.0
0.0
0.0
0.0
0.0
0.0
0.0
0.0
0.0
0.0
0.0
0.0
0.0
0.0
0.0
0.0
0.0
0.0
0.0
0.0
0.0
0.0
0.0
0.0
0.0
0.0
0.0
0.0
498031.0
0.0
0.0
0.0
0.0
0.0
0.0
0.0
0.0
0.0
0.0
0.0
0.0
0.0
0.0
0.0
0.0
0.0
0.0
0.0
0.0
0.0
0.0
0.0
0.0
0.0
0.0
0.0
0.0
0.0
0.0
0.0
0.0
0.0
0.0
0.0
0.0
0.0
0.0
0.0
0.0
0.0
0.0
0.0
0.0
0.0
0.0
0.0
0.0
0.0
0.0
0.0
0.0
0.0
0.0
0.0
0.0
0.0
0.0
0.0
0.0
0.0
0.0
0.0
0.0
0.0
0.0
0.0
0.0
0.0
0.0
0.0
0.0
0.0
0.0
0.0
0.0
0.0
0.0
0.0
0.0
0.0
0.0
0.0
0.0
0.0
0.0
0.0
0.0
0.0
0.0
0.0
0.0
0.0
0.0
0.0
0.0
0.0
0.0
0.0
0.0
0.0
0.0
0.0
0.0
0.0
0.0
0.0
0.0
0.0
0.0
0.0
0.0
0.0
0.0
0.0
0.0
0.0
0.0
0.0
0.0
0.0
0.0
0.0
0.0
0.0
0.0
0.0
0.0
0.0
0.0
0.0
0.0
0.0
0.0
0.0
0.0
0.0
0.0
0.0
0.0
0.0
0.0
0.0
0.0
0.0
0.0
0.0
0.0
0.0
0.0
0.0
0.0
0.0
0.0
0.0
507410.0
0.0
0.0
0.0
507493.0
0.0
0.0
0.0
0.0
0.0
507577.0
0.0
0.0
0.0
0.0
0.0
0.0
0.0
0.0
0.0
0.0
0.0
0.0
0.0
0.0
0.0
0.0
0.0
0.0
0.0
0.0
0.0
0.0
0.0
0.0
0.0
0.0
0.0
0.0
0.0
0.0
0.0
0.0
0.0
0.0
0.0
0.0
0.0
0.0
0.0
0.0
0.0
0.0
0.0
0.0
0.0
0.0
0.0
0.0
0.0
0.0
0.0
0.0
0.0
0.0
0.0
0.0
0.0
0.0
0.0
0.0
0.0
0.0
0.0
0.0
0.0
0.0
0.0
0.0
0.0
0.0
0.0
0.0
0.0
0.0
0.0
0.0
0.0
0.0
0.0
0.0
0.0
0.0
0.0
0.0
0.0
0.0
0.0
0.0
0.0
0.0
0.0
0.0
0.0
0.0
0.0
0.0
0.0
0.0
0.0
0.0
0.0
0.0
0.0
0.0
0.0
0.0
0.0
0.0
0.0
0.0
0.0
0.0
0.0
0.0
0.0
0.0
0.0
0.0
0.0
0.0
0.0
0.0
0.0
0.0
0.0
0.0
0.0
0.0
0.0
0.0
0.0
0.0
0.0
0.0
0.0
0.0
0.0
0.0
0.0
0.0
0.0
0.0
0.0
0.0
0.0
0.0
0.0
0.0
0.0
0.0
0.0
0.0
0.0
0.0
0.0
516788.0
516789.0
0.0
0.0
0.0
516871.0
516872.0
0.0
0.0
0.0
516955.0
516956.0
0.0
0.0
0.0
0.0
0.0
517039.0
0.0
0.0
0.0
0.0
517122.0
0.0
0.0
0.0
0.0
0.0
0.0
0.0
0.0
0.0
0.0
0.0
0.0
0.0
0.0
0.0
0.0
0.0
0.0
0.0
0.0
0.0
0.0
0.0
0.0
0.0
0.0
0.0
0.0
0.0
0.0
0.0
0.0
0.0
0.0
0.0
0.0
0.0
0.0
0.0
0.0
0.0
0.0
0.0
0.0
0.0
0.0
0.0
0.0
0.0
0.0
0.0
0.0
0.0
0.0
0.0
0.0
0.0
0.0
0.0
0.0
0.0
0.0
0.0
0.0
0.0
0.0
0.0
0.0
0.0
0.0
0.0
0.0
0.0
0.0
0.0
0.0
0.0
0.0
0.0
0.0
0.0
0.0
0.0
0.0
0.0
0.0
0.0
0.0
0.0
0.0
0.0
0.0
0.0
0.0
0.0
0.0
0.0
0.0
0.0
0.0
0.0
0.0
0.0
0.0
0.0
0.0
0.0
0.0
0.0
0.0
0.0
0.0
0.0
0.0
0.0
0.0
0.0
0.0
0.0
0.0
0.0
0.0
0.0
0.0
0.0
0.0
0.0
0.0
0.0
0.0
0.0
0.0
0.0
0.0
0.0
0.0
0.0
0.0
0.0
0.0
0.0
0.0
0.0
0.0
0.0
0.0
0.0
526088.0
0.0
0.0
0.0
526166.0
526167.0
526170.0
526171.0
526172.0
0.0
0.0
0.0
526249.0
526250.0
526251.0
526253.0
526254.0
526255.0
0.0
0.0
0.0
526333.0
526334.0
526335.0
0.0
0.0
0.0
0.0
0.0
526418.0
526419.0
0.0
0.0
0.0
0.0
0.0
0.0
0.0
0.0
0.0
0.0
0.0
0.0
0.0
526501.0
526502.0
0.0
0.0
0.0
0.0
0.0
0.0
0.0
0.0
0.0
0.0
0.0
0.0
0.0
0.0
0.0
0.0
526584.0
526585.0
0.0
0.0
0.0
0.0
0.0
0.0
0.0
0.0
0.0
0.0
0.0
0.0
0.0
0.0
0.0
0.0
0.0
0.0
0.0
0.0
0.0
0.0
0.0
0.0
0.0
0.0
0.0
0.0
0.0
0.0
0.0
0.0
0.0
0.0
0.0
0.0
0.0
0.0
0.0
0.0
0.0
0.0
0.0
0.0
0.0
0.0
0.0
0.0
0.0
0.0
0.0
0.0
0.0
0.0
0.0
0.0
0.0
0.0
0.0
0.0
0.0
0.0
0.0
0.0
0.0
0.0
0.0
0.0
0.0
0.0
0.0
0.0
0.0
0.0
0.0
0.0
0.0
0.0
0.0
0.0
0.0
0.0
0.0
0.0
0.0
0.0
0.0
0.0
0.0
0.0
0.0
0.0
0.0
0.0
0.0
0.0
0.0
0.0
0.0
0.0
0.0
0.0
0.0
0.0
0.0
0.0
0.0
0.0
0.0
0.0
0.0
0.0
0.0
0.0
0.0
0.0
0.0
0.0
0.0
0.0
0.0
0.0
0.0
0.0
0.0
0.0
0.0
0.0
0.0
0.0
0.0
0.0
0.0
0.0
0.0
0.0
0.0
0.0
0.0
0.0
0.0
0.0
0.0
0.0
0.0
0.0
0.0
528574.0
0.0
0.0
0.0
528656.0
528657.0
0.0
0.0
0.0
0.0
528739.0
0.0
0.0
0.0
528822.0
0.0
0.0
0.0
0.0
0.0
0.0
0.0
0.0
535462.0
535466.0
535467.0
535544.0
535545.0
535549.0
535550.0
535551.0
0.0
0.0
0.0
535628.0
535629.0
535632.0
535633.0
535634.0
0.0
0.0
0.0
0.0
0.0
0.0
0.0
0.0
535712.0
535713.0
535714.0
0.0
0.0
0.0
0.0
0.0
0.0
0.0
0.0
0.0
0.0
535796.0
535797.0
535798.0
0.0
0.0
0.0
0.0
0.0
0.0
0.0
535880.0
535881.0
0.0
0.0
0.0
0.0
0.0
0.0
0.0
0.0
0.0
0.0
535963.0
535964.0
535965.0
0.0
0.0
0.0
0.0
0.0
0.0
0.0
0.0
0.0
0.0
0.0
0.0
0.0
0.0
0.0
0.0
0.0
0.0
0.0
0.0
0.0
0.0
0.0
0.0
0.0
0.0
0.0
0.0
0.0
0.0
0.0
0.0
0.0
0.0
0.0
0.0
0.0
0.0
0.0
0.0
0.0
0.0
0.0
0.0
0.0
0.0
0.0
0.0
0.0
0.0
0.0
0.0
0.0
0.0
0.0
0.0
0.0
0.0
0.0
0.0
0.0
0.0
0.0
0.0
0.0
0.0
0.0
0.0
0.0
0.0
0.0
0.0
0.0
0.0
0.0
0.0
0.0
0.0
0.0
0.0
0.0
0.0
0.0
0.0
0.0
0.0
0.0
0.0
0.0
0.0
0.0
0.0
0.0
0.0
0.0
0.0
0.0
0.0
0.0
0.0
0.0
0.0
0.0
0.0
0.0
0.0
0.0
0.0
0.0
0.0
0.0
0.0
0.0
0.0
0.0
0.0
0.0
0.0
0.0
0.0
0.0
0.0
0.0
0.0
0.0
0.0
0.0
0.0
0.0
0.0
0.0
0.0
0.0
0.0
0.0
0.0
0.0
0.0
0.0
0.0
0.0
0.0
0.0
0.0
0.0
0.0
0.0
0.0
0.0
0.0
0.0
0.0
0.0
0.0
0.0
0.0
0.0
0.0
0.0
0.0
0.0
0.0
0.0
0.0
0.0
0.0
0.0
0.0
0.0
0.0
0.0
0.0
0.0
0.0
0.0
0.0
0.0
0.0
0.0
0.0
0.0
0.0
0.0
0.0
0.0
0.0
0.0
0.0
0.0
0.0
537952.0
537953.0
0.0
0.0
0.0
0.0
0.0
538035.0
538036.0
538037.0
0.0
0.0
0.0
0.0
538118.0
538119.0
0.0
0.0
0.0
0.0
538201.0
538202.0
0.0
0.0
538283.0
538284.0
538285.0
0.0
0.0
0.0
0.0
0.0
0.0
0.0
0.0
0.0
0.0
544759.0
544760.0
544761.0
544762.0
544841.0
544842.0
544843.0
544844.0
544845.0
544923.0
544924.0
544925.0
544927.0
544928.0
544929.0
544930.0
0.0
0.0
0.0
545007.0
545008.0
545010.0
545011.0
545012.0
545013.0
0.0
0.0
0.0
0.0
0.0
0.0
545090.0
545091.0
545092.0
545093.0
545094.0
545095.0
0.0
0.0
0.0
0.0
0.0
0.0
0.0
545174.0
545175.0
0.0
0.0
0.0
0.0
0.0
0.0
0.0
0.0
0.0
0.0
0.0
0.0
0.0
545258.0
545259.0
545260.0
0.0
0.0
0.0
0.0
0.0
0.0
0.0
0.0
0.0
0.0
0.0
0.0
0.0
0.0
545342.0
545343.0
545344.0
0.0
0.0
0.0
0.0
0.0
0.0
0.0
0.0
0.0
0.0
0.0
0.0
545424.0
545425.0
545426.0
545427.0
0.0
0.0
0.0
0.0
0.0
0.0
0.0
0.0
0.0
0.0
0.0
0.0
0.0
0.0
0.0
0.0
0.0
0.0
0.0
0.0
0.0
0.0
0.0
0.0
0.0
0.0
0.0
0.0
0.0
0.0
0.0
0.0
0.0
0.0
0.0
0.0
0.0
0.0
0.0
0.0
0.0
0.0
0.0
0.0
0.0
0.0
0.0
0.0
0.0
0.0
0.0
0.0
0.0
0.0
0.0
0.0
0.0
0.0
0.0
0.0
0.0
0.0
0.0
0.0
0.0
0.0
0.0
0.0
0.0
0.0
0.0
0.0
0.0
0.0
0.0
0.0
0.0
0.0
0.0
0.0
0.0
0.0
0.0
0.0
0.0
0.0
0.0
0.0
0.0
0.0
0.0
0.0
0.0
0.0
0.0
0.0
0.0
0.0
0.0
0.0
0.0
0.0
0.0
0.0
0.0
0.0
0.0
0.0
0.0
0.0
0.0
0.0
0.0
0.0
0.0
0.0
0.0
0.0
0.0
0.0
0.0
0.0
0.0
0.0
0.0
0.0
0.0
0.0
0.0
0.0
0.0
0.0
0.0
0.0
0.0
0.0
0.0
0.0
0.0
0.0
0.0
0.0
0.0
0.0
547248.0
547249.0
547250.0
0.0
0.0
0.0
0.0
0.0
547331.0
547332.0
547333.0
0.0
0.0
0.0
0.0
547414.0
547415.0
0.0
0.0
0.0
0.0
547496.0
547497.0
547498.0
0.0
0.0
0.0
0.0
547579.0
547580.0
547581.0
0.0
0.0
0.0
547662.0
547663.0
0.0
0.0
0.0
0.0
0.0
0.0
0.0
0.0
0.0
0.0
0.0
554221.0
554222.0
554223.0
554224.0
554225.0
554303.0
554304.0
554305.0
554306.0
554307.0
554308.0
0.0
0.0
554386.0
554387.0
554388.0
554389.0
554390.0
554391.0
0.0
0.0
0.0
554469.0
554470.0
554471.0
554472.0
554473.0
554474.0
0.0
0.0
0.0
0.0
0.0
0.0
0.0
0.0
554553.0
554554.0
554555.0
0.0
0.0
0.0
0.0
0.0
0.0
0.0
0.0
0.0
0.0
0.0
0.0
554636.0
554637.0
554638.0
0.0
0.0
0.0
0.0
0.0
0.0
0.0
0.0
0.0
0.0
0.0
0.0
554720.0
554721.0
554722.0
554723.0
0.0
0.0
0.0
0.0
0.0
0.0
0.0
0.0
0.0
0.0
0.0
554802.0
554803.0
0.0
554805.0
554806.0
0.0
0.0
0.0
0.0
0.0
0.0
0.0
0.0
0.0
0.0
0.0
0.0
0.0
0.0
0.0
0.0
0.0
0.0
0.0
0.0
0.0
0.0
0.0
0.0
0.0
0.0
0.0
0.0
0.0
0.0
0.0
0.0
0.0
0.0
0.0
0.0
0.0
0.0
0.0
0.0
0.0
0.0
0.0
0.0
0.0
0.0
0.0
0.0
0.0
0.0
0.0
0.0
0.0
0.0
0.0
0.0
0.0
0.0
0.0
0.0
0.0
0.0
0.0
0.0
0.0
0.0
0.0
0.0
0.0
0.0
0.0
0.0
0.0
0.0
0.0
0.0
0.0
0.0
0.0
0.0
0.0
0.0
0.0
0.0
0.0
0.0
0.0
0.0
0.0
0.0
0.0
0.0
0.0
0.0
0.0
0.0
0.0
556544.0
556545.0
556546.0
0.0
0.0
0.0
556627.0
556628.0
556629.0
556630.0
0.0
0.0
556710.0
556711.0
556712.0
0.0
0.0
0.0
556792.0
556793.0
556794.0
0.0
0.0
0.0
0.0
556875.0
556876.0
0.0
0.0
0.0
0.0
556958.0
556959.0
0.0
0.0
557041.0
557042.0
0.0
557124.0
557125.0
0.0
0.0
0.0
0.0
0.0
0.0
0.0
0.0
0.0
0.0
0.0
563603.0
563604.0
563683.0
563684.0
563685.0
563686.0
563687.0
563688.0
563689.0
0.0
563765.0
563766.0
563767.0
563768.0
563769.0
0.0
0.0
563849.0
563850.0
563851.0
563852.0
0.0
0.0
0.0
0.0
0.0
563932.0
563933.0
563934.0
563935.0
0.0
0.0
0.0
0.0
0.0
0.0
0.0
564015.0
564016.0
0.0
0.0
0.0
0.0
0.0
0.0
0.0
0.0
0.0
0.0
564098.0
564099.0
564100.0
564101.0
564102.0
0.0
0.0
0.0
0.0
0.0
0.0
0.0
0.0
0.0
0.0
564181.0
0.0
564183.0
564184.0
564185.0
0.0
0.0
0.0
0.0
0.0
0.0
0.0
0.0
0.0
0.0
0.0
0.0
564265.0
564266.0
564267.0
0.0
0.0
0.0
0.0
0.0
0.0
0.0
0.0
0.0
0.0
0.0
0.0
0.0
0.0
0.0
0.0
0.0
0.0
0.0
0.0
0.0
0.0
0.0
0.0
0.0
0.0
0.0
0.0
0.0
0.0
0.0
0.0
0.0
0.0
0.0
0.0
0.0
0.0
0.0
0.0
0.0
0.0
0.0
0.0
0.0
0.0
0.0
0.0
0.0
0.0
0.0
0.0
0.0
0.0
0.0
0.0
0.0
0.0
0.0
0.0
0.0
0.0
0.0
0.0
0.0
0.0
0.0
0.0
0.0
0.0
0.0
0.0
564931.0
0.0
0.0
0.0
0.0
0.0
0.0
0.0
0.0
0.0
0.0
0.0
0.0
0.0
0.0
0.0
0.0
0.0
0.0
0.0
0.0
0.0
0.0
0.0
0.0
0.0
565429.0
0.0
0.0
0.0
565511.0
565512.0
565513.0
0.0
565594.0
565595.0
0.0
0.0
0.0
566005.0
566007.0
566088.0
566089.0
566090.0
566171.0
566172.0
566254.0
566255.0
0.0
0.0
566337.0
566338.0
0.0
0.0
566419.0
566420.0
566421.0
0.0
0.0
0.0
0.0
0.0
0.0
0.0
0.0
0.0
0.0
0.0
0.0
0.0
0.0
0.0
0.0
0.0
0.0
0.0
0.0
0.0
572983.0
572984.0
573064.0
573065.0
573066.0
573067.0
573068.0
573146.0
573147.0
573148.0
573149.0
573150.0
0.0
0.0
573228.0
573229.0
573230.0
0.0
0.0
0.0
0.0
0.0
0.0
0.0
573311.0
573312.0
0.0
0.0
0.0
0.0
0.0
0.0
0.0
573394.0
573395.0
573396.0
0.0
0.0
0.0
0.0
0.0
0.0
0.0
0.0
0.0
0.0
0.0
0.0
573477.0
573478.0
573479.0
573480.0
573481.0
0.0
0.0
0.0
0.0
0.0
0.0
0.0
0.0
0.0
0.0
0.0
573559.0
573560.0
0.0
573562.0
573563.0
573564.0
0.0
0.0
0.0
0.0
0.0
0.0
0.0
0.0
0.0
0.0
0.0
0.0
0.0
0.0
573642.0
573643.0
573644.0
573645.0
573646.0
0.0
0.0
0.0
0.0
0.0
0.0
0.0
0.0
0.0
0.0
0.0
0.0
0.0
0.0
573727.0
573728.0
0.0
0.0
0.0
0.0
0.0
0.0
0.0
0.0
0.0
0.0
0.0
0.0
0.0
0.0
0.0
0.0
0.0
0.0
0.0
0.0
0.0
0.0
0.0
0.0
0.0
0.0
0.0
0.0
0.0
0.0
0.0
0.0
0.0
0.0
0.0
0.0
0.0
0.0
0.0
0.0
0.0
0.0
0.0
0.0
0.0
0.0
0.0
0.0
0.0
0.0
0.0
0.0
0.0
0.0
0.0
0.0
0.0
0.0
0.0
0.0
0.0
0.0
0.0
0.0
0.0
0.0
574146.0
574147.0
0.0
0.0
0.0
0.0
0.0
0.0
0.0
0.0
0.0
0.0
574228.0
574230.0
0.0
0.0
0.0
0.0
0.0
0.0
0.0
0.0
0.0
574309.0
574310.0
574311.0
574312.0
0.0
0.0
0.0
0.0
0.0
574388.0
0.0
0.0
574392.0
574393.0
0.0
574395.0
0.0
0.0
0.0
0.0
0.0
0.0
0.0
0.0
0.0
0.0
0.0
0.0
0.0
0.0
0.0
0.0
0.0
0.0
0.0
0.0
0.0
0.0
0.0
0.0
574644.0
0.0
0.0
0.0
0.0
0.0
0.0
0.0
0.0
574808.0
0.0
0.0
0.0
574890.0
574891.0
0.0
0.0
574973.0
574974.0
575055.0
575056.0
575057.0
575138.0
575139.0
575140.0
575220.0
575221.0
575222.0
0.0
575304.0
575305.0
575384.0
575385.0
575387.0
575467.0
575468.0
575550.0
575551.0
575552.0
575633.0
575634.0
575635.0
0.0
575799.0
575800.0
0.0
0.0
0.0
575883.0
0.0
0.0
575966.0
0.0
0.0
0.0
0.0
0.0
0.0
0.0
0.0
0.0
0.0
0.0
0.0
0.0
0.0
0.0
0.0
0.0
0.0
0.0
0.0
0.0
0.0
0.0
0.0
0.0
0.0
582443.0
582444.0
582445.0
582446.0
582447.0
582525.0
582526.0
582527.0
582528.0
582529.0
582530.0
0.0
0.0
0.0
582607.0
0.0
0.0
582613.0
0.0
0.0
0.0
0.0
0.0
582690.0
582691.0
0.0
0.0
0.0
0.0
0.0
0.0
0.0
0.0
582773.0
582774.0
582775.0
582776.0
0.0
0.0
0.0
0.0
0.0
0.0
0.0
0.0
0.0
0.0
582855.0
582857.0
582858.0
582859.0
0.0
0.0
0.0
0.0
0.0
0.0
0.0
0.0
0.0
0.0
582937.0
582938.0
582939.0
582940.0
582941.0
582942.0
0.0
0.0
0.0
0.0
0.0
0.0
0.0
0.0
0.0
0.0
0.0
0.0
0.0
0.0
0.0
583022.0
0.0
583024.0
583025.0
0.0
0.0
0.0
0.0
0.0
0.0
0.0
0.0
0.0
0.0
0.0
0.0
0.0
0.0
0.0
0.0
583106.0
583107.0
0.0
0.0
0.0
0.0
0.0
0.0
0.0
0.0
0.0
0.0
0.0
583189.0
583190.0
0.0
0.0
0.0
0.0
0.0
0.0
0.0
0.0
0.0
0.0
0.0
0.0
0.0
0.0
0.0
0.0
0.0
0.0
0.0
0.0
0.0
0.0
0.0
0.0
0.0
0.0
0.0
0.0
0.0
0.0
0.0
0.0
0.0
0.0
0.0
0.0
0.0
0.0
0.0
0.0
0.0
0.0
0.0
0.0
0.0
0.0
0.0
0.0
0.0
0.0
0.0
0.0
0.0
0.0
0.0
0.0
0.0
0.0
0.0
0.0
0.0
0.0
0.0
0.0
0.0
0.0
0.0
583525.0
583526.0
0.0
0.0
0.0
0.0
0.0
0.0
0.0
0.0
583601.0
0.0
583607.0
583608.0
583609.0
583610.0
0.0
0.0
0.0
0.0
0.0
583684.0
583685.0
583687.0
583688.0
583689.0
583690.0
0.0
583692.0
583693.0
0.0
0.0
0.0
0.0
583767.0
583768.0
583770.0
583771.0
583772.0
583773.0
583774.0
0.0
0.0
0.0
0.0
0.0
583849.0
583850.0
583851.0
0.0
0.0
0.0
0.0
583857.0
0.0
0.0
0.0
0.0
583933.0
0.0
0.0
0.0
0.0
0.0
0.0
0.0
0.0
0.0
0.0
0.0
0.0
0.0
0.0
0.0
0.0
0.0
0.0
584023.0
584024.0
0.0
0.0
0.0
0.0
0.0
584102.0
584103.0
0.0
0.0
0.0
584107.0
0.0
0.0
0.0
0.0
0.0
0.0
0.0
0.0
584190.0
0.0
0.0
0.0
0.0
0.0
0.0
0.0
0.0
0.0
0.0
0.0
0.0
0.0
0.0
0.0
0.0
584435.0
584436.0
0.0
0.0
0.0
584516.0
584517.0
584518.0
584519.0
0.0
584521.0
0.0
584599.0
584600.0
584601.0
584603.0
584604.0
584605.0
584680.0
584682.0
584683.0
584684.0
584685.0
584686.0
584687.0
584763.0
584764.0
584766.0
584767.0
584768.0
0.0
0.0
584846.0
584847.0
584849.0
584850.0
0.0
0.0
0.0
584929.0
584930.0
584931.0
0.0
0.0
0.0
585012.0
585013.0
585014.0
585017.0
585095.0
585096.0
585097.0
585177.0
585178.0
585179.0
585180.0
585261.0
585262.0
585263.0
585344.0
585345.0
585426.0
585427.0
585428.0
0.0
585509.0
585510.0
585511.0
0.0
0.0
585593.0
0.0
0.0
585676.0
0.0
0.0
585759.0
0.0
0.0
0.0
0.0
0.0
0.0
0.0
0.0
0.0
0.0
0.0
0.0
0.0
0.0
0.0
0.0
0.0
0.0
0.0
0.0
591906.0
591908.0
591909.0
591910.0
0.0
0.0
0.0
0.0
0.0
0.0
0.0
0.0
592069.0
592070.0
0.0
0.0
0.0
0.0
0.0
0.0
0.0
0.0
592152.0
592153.0
592154.0
0.0
0.0
0.0
0.0
0.0
0.0
0.0
0.0
0.0
592235.0
592236.0
592237.0
0.0
0.0
0.0
0.0
0.0
0.0
0.0
0.0
0.0
0.0
592318.0
592319.0
592320.0
0.0
0.0
0.0
0.0
0.0
0.0
0.0
0.0
0.0
0.0
0.0
0.0
0.0
0.0
0.0
0.0
0.0
0.0
0.0
0.0
0.0
0.0
0.0
0.0
0.0
0.0
0.0
0.0
0.0
0.0
0.0
0.0
592486.0
592489.0
592490.0
0.0
0.0
0.0
0.0
0.0
0.0
0.0
0.0
0.0
0.0
0.0
0.0
592568.0
592569.0
592572.0
0.0
0.0
0.0
0.0
0.0
0.0
0.0
0.0
0.0
0.0
0.0
0.0
0.0
0.0
0.0
0.0
0.0
0.0
0.0
0.0
0.0
0.0
0.0
0.0
0.0
0.0
0.0
0.0
0.0
0.0
0.0
0.0
0.0
0.0
0.0
0.0
0.0
0.0
0.0
0.0
0.0
0.0
0.0
0.0
0.0
0.0
0.0
0.0
0.0
0.0
0.0
0.0
0.0
0.0
0.0
0.0
0.0
0.0
0.0
0.0
0.0
0.0
0.0
0.0
0.0
0.0
0.0
0.0
0.0
0.0
0.0
0.0
0.0
592980.0
0.0
592983.0
592984.0
592985.0
592986.0
592987.0
592988.0
592989.0
0.0
0.0
0.0
0.0
0.0
593063.0
593065.0
593066.0
593067.0
593068.0
593069.0
593070.0
593071.0
593072.0
0.0
0.0
0.0
0.0
593146.0
593148.0
593149.0
593152.0
593153.0
593154.0
593155.0
0.0
0.0
0.0
0.0
593229.0
593230.0
593231.0
593232.0
0.0
0.0
0.0
593236.0
593237.0
0.0
0.0
0.0
0.0
0.0
593312.0
593313.0
593314.0
593315.0
0.0
0.0
0.0
0.0
0.0
0.0
0.0
0.0
0.0
0.0
0.0
593395.0
0.0
593397.0
0.0
0.0
0.0
0.0
593402.0
593403.0
0.0
0.0
0.0
0.0
0.0
0.0
0.0
0.0
593480.0
593481.0
593482.0
0.0
0.0
593485.0
593486.0
0.0
0.0
0.0
0.0
0.0
0.0
593563.0
593564.0
593565.0
593566.0
0.0
593568.0
593569.0
0.0
0.0
0.0
0.0
0.0
593647.0
0.0
0.0
0.0
593651.0
593652.0
0.0
0.0
0.0
0.0
0.0
0.0
0.0
0.0
0.0
0.0
0.0
0.0
0.0
0.0
593894.0
0.0
0.0
0.0
0.0
0.0
593900.0
593901.0
593978.0
0.0
0.0
0.0
593982.0
593983.0
593984.0
594059.0
0.0
594061.0
594062.0
594063.0
0.0
594065.0
594066.0
594067.0
594142.0
594143.0
594144.0
594145.0
594146.0
0.0
0.0
0.0
594225.0
594226.0
594228.0
594229.0
594230.0
0.0
0.0
594308.0
594309.0
594311.0
594312.0
594313.0
0.0
0.0
594390.0
594391.0
594392.0
0.0
0.0
594396.0
0.0
0.0
594473.0
594474.0
594475.0
0.0
0.0
0.0
0.0
594556.0
594557.0
594558.0
0.0
0.0
0.0
594638.0
594639.0
594640.0
594641.0
594721.0
594722.0
594723.0
594724.0
594804.0
594805.0
594806.0
594807.0
594887.0
594888.0
594889.0
594890.0
594970.0
594971.0
594972.0
594973.0
595053.0
0.0
595055.0
595056.0
0.0
0.0
595138.0
595139.0
0.0
0.0
0.0
0.0
0.0
0.0
0.0
0.0
0.0
0.0
0.0
0.0
0.0
0.0
0.0
0.0
0.0
0.0
0.0
0.0
0.0
0.0
0.0
0.0
0.0
601450.0
0.0
0.0
0.0
0.0
0.0
0.0
0.0
601532.0
0.0
0.0
0.0
0.0
0.0
0.0
0.0
0.0
0.0
0.0
601614.0
601615.0
0.0
0.0
0.0
0.0
0.0
0.0
0.0
0.0
0.0
0.0
0.0
0.0
601697.0
601698.0
0.0
601702.0
0.0
0.0
0.0
0.0
0.0
0.0
0.0
0.0
0.0
0.0
601779.0
0.0
601781.0
601782.0
601785.0
601786.0
0.0
0.0
0.0
0.0
0.0
0.0
0.0
0.0
0.0
0.0
0.0
601862.0
601863.0
0.0
601865.0
601868.0
601869.0
0.0
0.0
0.0
0.0
0.0
0.0
0.0
0.0
0.0
0.0
601945.0
0.0
601947.0
601948.0
601949.0
601951.0
601952.0
601953.0
0.0
0.0
0.0
0.0
0.0
0.0
0.0
0.0
0.0
0.0
0.0
602027.0
602028.0
602031.0
0.0
0.0
0.0
0.0
0.0
0.0
0.0
0.0
0.0
0.0
0.0
0.0
0.0
0.0
0.0
602110.0
0.0
0.0
0.0
0.0
0.0
0.0
0.0
0.0
0.0
0.0
0.0
0.0
0.0
0.0
0.0
0.0
602198.0
0.0
0.0
0.0
0.0
0.0
0.0
0.0
0.0
0.0
0.0
0.0
0.0
0.0
602281.0
0.0
0.0
0.0
0.0
0.0
0.0
0.0
0.0
0.0
602359.0
0.0
602362.0
602363.0
602364.0
602365.0
0.0
0.0
0.0
0.0
0.0
602442.0
602444.0
602445.0
602446.0
602447.0
602448.0
602449.0
602450.0
602451.0
0.0
0.0
0.0
0.0
602525.0
602526.0
602527.0
602528.0
602530.0
602531.0
602532.0
602533.0
0.0
0.0
602608.0
602609.0
602610.0
602611.0
0.0
602613.0
602614.0
602615.0
602616.0
0.0
0.0
0.0
0.0
0.0
602691.0
602692.0
602693.0
0.0
0.0
0.0
0.0
0.0
0.0
0.0
0.0
0.0
0.0
602774.0
602775.0
602776.0
602777.0
0.0
0.0
0.0
0.0
0.0
0.0
0.0
0.0
0.0
0.0
602859.0
602860.0
602861.0
602862.0
602863.0
602864.0
0.0
0.0
0.0
0.0
0.0
0.0
602942.0
602943.0
602944.0
602945.0
602946.0
602947.0
602948.0
0.0
0.0
0.0
0.0
0.0
0.0
0.0
0.0
603029.0
603030.0
603031.0
0.0
0.0
0.0
0.0
603112.0
603113.0
603114.0
0.0
0.0
0.0
0.0
0.0
603196.0
603197.0
0.0
0.0
0.0
0.0
603279.0
0.0
603357.0
0.0
0.0
0.0
0.0
603362.0
0.0
0.0
603440.0
0.0
0.0
603444.0
603445.0
603521.0
603522.0
603523.0
603524.0
0.0
603527.0
603528.0
603603.0
603604.0
603605.0
603606.0
603607.0
603608.0
603609.0
603610.0
0.0
603686.0
603687.0
603688.0
603689.0
0.0
0.0
603692.0
0.0
0.0
603769.0
603770.0
603772.0
0.0
0.0
0.0
0.0
0.0
603852.0
603853.0
0.0
0.0
0.0
0.0
0.0
603934.0
603935.0
603936.0
0.0
0.0
0.0
0.0
0.0
604017.0
604018.0
0.0
0.0
0.0
0.0
604100.0
604101.0
0.0
0.0
0.0
0.0
604183.0
604184.0
604185.0
0.0
0.0
604266.0
604267.0
604268.0
604269.0
604349.0
604350.0
604351.0
604352.0
0.0
0.0
604434.0
604435.0
0.0
604517.0
604518.0
0.0
0.0
0.0
0.0
0.0
0.0
0.0
0.0
0.0
0.0
0.0
0.0
0.0
0.0
0.0
0.0
0.0
0.0
0.0
0.0
0.0
0.0
0.0
0.0
0.0
0.0
0.0
0.0
0.0
0.0
0.0
0.0
0.0
0.0
0.0
0.0
0.0
0.0
0.0
0.0
0.0
0.0
0.0
0.0
0.0
0.0
0.0
0.0
611080.0
611081.0
0.0
0.0
0.0
0.0
0.0
0.0
0.0
0.0
0.0
611158.0
611159.0
611160.0
611161.0
611163.0
611164.0
611165.0
0.0
0.0
0.0
0.0
0.0
0.0
0.0
0.0
0.0
0.0
0.0
611241.0
611242.0
611243.0
611244.0
611245.0
611246.0
611247.0
611248.0
611249.0
0.0
0.0
0.0
0.0
0.0
0.0
0.0
0.0
0.0
0.0
0.0
611323.0
611324.0
611325.0
611326.0
611327.0
611328.0
611330.0
611331.0
611332.0
0.0
0.0
0.0
0.0
0.0
0.0
0.0
0.0
0.0
0.0
0.0
611406.0
611407.0
611409.0
611410.0
611411.0
611413.0
611414.0
0.0
0.0
0.0
0.0
0.0
0.0
0.0
0.0
0.0
0.0
0.0
0.0
0.0
611489.0
0.0
0.0
611496.0
0.0
0.0
0.0
0.0
0.0
0.0
0.0
0.0
0.0
0.0
0.0
0.0
611577.0
611578.0
0.0
0.0
0.0
0.0
0.0
0.0
0.0
0.0
0.0
0.0
0.0
0.0
0.0
0.0
611659.0
611660.0
611661.0
0.0
0.0
0.0
0.0
0.0
0.0
0.0
0.0
0.0
611741.0
611742.0
611743.0
611744.0
0.0
0.0
0.0
0.0
0.0
0.0
611821.0
611822.0
611823.0
611824.0
611825.0
611826.0
0.0
0.0
0.0
0.0
611904.0
611905.0
611906.0
0.0
0.0
0.0
611911.0
611912.0
0.0
0.0
0.0
0.0
0.0
0.0
0.0
611987.0
611988.0
611989.0
0.0
0.0
0.0
0.0
611994.0
611995.0
0.0
0.0
0.0
0.0
0.0
0.0
0.0
0.0
612071.0
0.0
0.0
0.0
0.0
0.0
0.0
0.0
0.0
0.0
0.0
0.0
0.0
612154.0
612155.0
612156.0
612157.0
0.0
0.0
0.0
0.0
0.0
0.0
612238.0
612239.0
612240.0
612241.0
0.0
0.0
0.0
0.0
0.0
612321.0
612322.0
612323.0
612324.0
612325.0
0.0
0.0
0.0
0.0
612404.0
612405.0
612406.0
612407.0
612408.0
612487.0
612488.0
612489.0
612490.0
612491.0
612570.0
612571.0
612572.0
612573.0
612574.0
612575.0
0.0
612656.0
612657.0
612658.0
0.0
0.0
0.0
0.0
612740.0
612741.0
0.0
612818.0
0.0
0.0
0.0
0.0
612823.0
612824.0
612900.0
612901.0
612902.0
0.0
0.0
612905.0
612906.0
612907.0
612982.0
612983.0
612984.0
612985.0
0.0
0.0
0.0
612989.0
613065.0
613066.0
613067.0
613068.0
0.0
0.0
0.0
613072.0
613148.0
613149.0
0.0
0.0
0.0
0.0
0.0
0.0
0.0
613231.0
613232.0
0.0
0.0
0.0
0.0
0.0
0.0
0.0
0.0
0.0
0.0
0.0
0.0
0.0
0.0
0.0
0.0
0.0
0.0
0.0
0.0
0.0
613479.0
613480.0
0.0
0.0
0.0
0.0
0.0
613562.0
613563.0
0.0
0.0
0.0
0.0
0.0
0.0
0.0
0.0
0.0
0.0
0.0
0.0
0.0
0.0
614719.0
614802.0
614803.0
614884.0
614885.0
614886.0
614967.0
614968.0
614969.0
615049.0
615050.0
615051.0
0.0
0.0
0.0
0.0
0.0
0.0
0.0
0.0
0.0
0.0
0.0
620375.0
620376.0
620377.0
0.0
0.0
0.0
0.0
0.0
0.0
0.0
0.0
0.0
0.0
0.0
0.0
0.0
0.0
620458.0
620459.0
620460.0
0.0
0.0
0.0
0.0
0.0
0.0
0.0
0.0
0.0
0.0
0.0
0.0
0.0
0.0
0.0
0.0
620541.0
620542.0
620543.0
620544.0
0.0
0.0
0.0
0.0
0.0
0.0
0.0
0.0
0.0
0.0
0.0
620620.0
620621.0
0.0
620623.0
620624.0
620625.0
620626.0
620627.0
620628.0
0.0
0.0
0.0
0.0
0.0
0.0
0.0
0.0
0.0
0.0
0.0
0.0
620703.0
0.0
620705.0
620706.0
620707.0
620709.0
620710.0
620711.0
0.0
0.0
0.0
0.0
0.0
0.0
0.0
0.0
0.0
0.0
620786.0
620787.0
620788.0
620789.0
620790.0
620791.0
620792.0
620793.0
0.0
0.0
0.0
0.0
0.0
0.0
0.0
0.0
0.0
0.0
0.0
0.0
620869.0
620870.0
0.0
620875.0
620876.0
0.0
0.0
0.0
0.0
0.0
0.0
0.0
0.0
0.0
0.0
0.0
0.0
620953.0
620956.0
620957.0
0.0
0.0
0.0
0.0
0.0
0.0
0.0
0.0
0.0
0.0
0.0
0.0
621038.0
621039.0
0.0
0.0
0.0
0.0
0.0
0.0
0.0
0.0
0.0
0.0
621119.0
621120.0
621121.0
621122.0
0.0
0.0
0.0
0.0
0.0
0.0
621200.0
621201.0
621202.0
621203.0
621204.0
0.0
0.0
0.0
621283.0
621284.0
621285.0
0.0
0.0
0.0
0.0
0.0
0.0
0.0
0.0
0.0
0.0
0.0
0.0
0.0
0.0
0.0
0.0
0.0
0.0
0.0
0.0
0.0
0.0
0.0
0.0
0.0
0.0
0.0
0.0
0.0
0.0
0.0
0.0
0.0
0.0
0.0
0.0
0.0
0.0
0.0
0.0
0.0
621535.0
0.0
0.0
0.0
0.0
0.0
0.0
0.0
0.0
621616.0
621617.0
621618.0
0.0
0.0
0.0
0.0
0.0
0.0
0.0
0.0
0.0
621699.0
621700.0
621701.0
621702.0
0.0
0.0
0.0
0.0
0.0
0.0
0.0
0.0
621782.0
621783.0
621784.0
621785.0
621786.0
0.0
0.0
0.0
621865.0
621866.0
621867.0
621868.0
621869.0
0.0
0.0
621948.0
621949.0
621950.0
621951.0
621952.0
0.0
0.0
0.0
622036.0
0.0
0.0
0.0
0.0
0.0
0.0
0.0
0.0
0.0
0.0
622202.0
0.0
0.0
0.0
0.0
0.0
622362.0
622363.0
0.0
0.0
0.0
622444.0
0.0
0.0
0.0
0.0
0.0
622526.0
622527.0
0.0
0.0
0.0
0.0
0.0
0.0
0.0
0.0
0.0
0.0
0.0
0.0
0.0
0.0
0.0
0.0
0.0
0.0
0.0
622775.0
0.0
0.0
0.0
0.0
0.0
0.0
622858.0
622859.0
0.0
0.0
0.0
0.0
0.0
622941.0
0.0
0.0
0.0
0.0
0.0
0.0
0.0
0.0
0.0
0.0
0.0
0.0
0.0
0.0
624015.0
624098.0
624099.0
624180.0
624181.0
624182.0
624263.0
624264.0
624265.0
624266.0
624345.0
624346.0
624347.0
624348.0
624428.0
624429.0
624430.0
624511.0
624512.0
629756.0
0.0
0.0
0.0
0.0
0.0
0.0
0.0
629836.0
629837.0
629838.0
629839.0
0.0
0.0
0.0
0.0
0.0
0.0
0.0
0.0
0.0
0.0
0.0
0.0
0.0
0.0
0.0
0.0
629920.0
629921.0
629922.0
0.0
0.0
0.0
0.0
0.0
0.0
0.0
0.0
0.0
0.0
0.0
0.0
0.0
0.0
630002.0
630003.0
630004.0
630005.0
630006.0
630007.0
0.0
0.0
0.0
0.0
0.0
0.0
0.0
0.0
0.0
0.0
0.0
0.0
0.0
0.0
0.0
630083.0
630084.0
630085.0
630086.0
630087.0
630088.0
630089.0
630090.0
0.0
0.0
0.0
0.0
0.0
0.0
0.0
0.0
630165.0
630166.0
630167.0
630168.0
630169.0
630170.0
630171.0
630172.0
0.0
0.0
0.0
0.0
0.0
0.0
0.0
0.0
0.0
0.0
630248.0
630249.0
630250.0
630251.0
630252.0
630253.0
630254.0
0.0
0.0
0.0
0.0
0.0
0.0
0.0
0.0
0.0
0.0
0.0
0.0
630332.0
630334.0
630335.0
630336.0
630337.0
0.0
0.0
0.0
0.0
0.0
0.0
0.0
0.0
0.0
0.0
0.0
630415.0
0.0
630417.0
630418.0
0.0
0.0
0.0
0.0
0.0
0.0
0.0
630498.0
630499.0
630500.0
0.0
0.0
0.0
0.0
0.0
0.0
0.0
630580.0
630581.0
630582.0
630583.0
0.0
0.0
0.0
0.0
0.0
0.0
0.0
0.0
0.0
0.0
0.0
0.0
0.0
0.0
0.0
0.0
0.0
0.0
0.0
0.0
0.0
0.0
0.0
0.0
0.0
0.0
0.0
0.0
0.0
0.0
0.0
0.0
0.0
0.0
0.0
0.0
0.0
0.0
0.0
0.0
0.0
0.0
0.0
0.0
0.0
0.0
0.0
0.0
0.0
0.0
0.0
0.0
0.0
0.0
0.0
0.0
0.0
0.0
0.0
0.0
0.0
0.0
0.0
0.0
0.0
0.0
0.0
0.0
0.0
0.0
631078.0
631079.0
0.0
0.0
0.0
0.0
0.0
0.0
0.0
0.0
0.0
0.0
631161.0
631162.0
0.0
0.0
0.0
0.0
0.0
0.0
0.0
0.0
0.0
0.0
0.0
631329.0
0.0
0.0
0.0
0.0
0.0
0.0
0.0
0.0
0.0
0.0
0.0
0.0
0.0
0.0
0.0
0.0
0.0
0.0
0.0
0.0
0.0
0.0
0.0
0.0
0.0
0.0
0.0
0.0
0.0
632153.0
0.0
0.0
0.0
0.0
0.0
0.0
632237.0
0.0
0.0
0.0
0.0
0.0
0.0
0.0
0.0
0.0
0.0
0.0
0.0
0.0
0.0
0.0
0.0
0.0
0.0
0.0
0.0
633476.0
633559.0
633560.0
633561.0
633643.0
633644.0
633645.0
633725.0
633726.0
633727.0
633806.0
633807.0
633808.0
633809.0
633890.0
633891.0
0.0
0.0
0.0
0.0
0.0
0.0
0.0
0.0
0.0
0.0
0.0
0.0
0.0
0.0
0.0
0.0
0.0
0.0
0.0
0.0
639382.0
639383.0
639384.0
639385.0
0.0
0.0
0.0
0.0
0.0
0.0
0.0
0.0
0.0
0.0
0.0
0.0
639465.0
639466.0
639467.0
0.0
0.0
0.0
0.0
0.0
0.0
0.0
0.0
0.0
0.0
0.0
639546.0
639547.0
639548.0
639549.0
639550.0
0.0
0.0
0.0
0.0
0.0
0.0
0.0
0.0
639629.0
639630.0
639631.0
639632.0
639633.0
0.0
0.0
0.0
0.0
0.0
0.0
0.0
0.0
0.0
639711.0
639713.0
639714.0
639715.0
639716.0
0.0
0.0
0.0
0.0
0.0
0.0
0.0
0.0
0.0
0.0
0.0
0.0
0.0
0.0
0.0
639876.0
0.0
0.0
639879.0
0.0
0.0
0.0
0.0
0.0
0.0
0.0
639959.0
639960.0
639961.0
0.0
0.0
0.0
0.0
0.0
0.0
0.0
0.0
0.0
0.0
0.0
0.0
0.0
0.0
0.0
0.0
0.0
0.0
0.0
0.0
0.0
0.0
0.0
0.0
0.0
0.0
0.0
0.0
0.0
0.0
0.0
0.0
0.0
0.0
0.0
0.0
0.0
0.0
0.0
0.0
0.0
0.0
0.0
0.0
0.0
0.0
0.0
0.0
0.0
0.0
0.0
0.0
0.0
0.0
0.0
0.0
0.0
0.0
0.0
0.0
0.0
0.0
0.0
0.0
0.0
0.0
0.0
0.0
0.0
0.0
0.0
0.0
0.0
0.0
0.0
0.0
0.0
0.0
0.0
0.0
0.0
0.0
0.0
0.0
0.0
0.0
0.0
0.0
0.0
0.0
0.0
0.0
0.0
0.0
0.0
0.0
0.0
0.0
0.0
0.0
0.0
0.0
0.0
0.0
0.0
0.0
0.0
0.0
0.0
0.0
0.0
0.0
0.0
0.0
0.0
0.0
0.0
0.0
0.0
0.0
0.0
0.0
0.0
643022.0
643104.0
643105.0
643187.0
0.0
0.0
0.0
0.0
0.0
0.0
0.0
0.0
0.0
0.0
0.0
0.0
0.0
0.0
0.0
0.0
0.0
0.0
0.0
0.0
0.0
649010.0
0.0
0.0
0.0
0.0
0.0
0.0
0.0
0.0
0.0
0.0
0.0
0.0
0.0
0.0
0.0
0.0
0.0
0.0
0.0
0.0
0.0
0.0
0.0
0.0
0.0
0.0
0.0
0.0
0.0
0.0
0.0
0.0
0.0
0.0
0.0
0.0
0.0
0.0
0.0
0.0
0.0
0.0
0.0
0.0
0.0
0.0
0.0
0.0
0.0
0.0
0.0
0.0
0.0
0.0
0.0
0.0
0.0
0.0
0.0
0.0
0.0
0.0
0.0
0.0
0.0
0.0
0.0
0.0
0.0
0.0
0.0
0.0
0.0
0.0
0.0
0.0
0.0
0.0
0.0
0.0
0.0
0.0
0.0
0.0
0.0
0.0
0.0
0.0
0.0
0.0
0.0
0.0
0.0
0.0
0.0
0.0
0.0
0.0
0.0
0.0
0.0
0.0
0.0
0.0
0.0
0.0
0.0
0.0
0.0
0.0
0.0
0.0
0.0
0.0
0.0
0.0
0.0
0.0
0.0
0.0
0.0
0.0
0.0
0.0
0.0
0.0
0.0
0.0
0.0
0.0
0.0
0.0
0.0
0.0
0.0
0.0
0.0
0.0
0.0
0.0
0.0
0.0
0.0
0.0
0.0
0.0
0.0
0.0
0.0
0.0
0.0
0.0
0.0
0.0
0.0
0.0
0.0
0.0
0.0
0.0
0.0
0.0
0.0
0.0
0.0
0.0
0.0
0.0
0.0
0.0
0.0
0.0
0.0
0.0
0.0
0.0
0.0
0.0
0.0
0.0
0.0
0.0
0.0
0.0
0.0
0.0
0.0
0.0
0.0
0.0
0.0
0.0
0.0
0.0
0.0
0.0
0.0
0.0
0.0
0.0
0.0
0.0
0.0
0.0
0.0
0.0
0.0
0.0
0.0
0.0
0.0
0.0
0.0
0.0
0.0
0.0
0.0
0.0
0.0
0.0
0.0
0.0
0.0
0.0
0.0
0.0
0.0
0.0
0.0
0.0
0.0
0.0
0.0
0.0
0.0
0.0
0.0
0.0
0.0
0.0
0.0
0.0
0.0
0.0
0.0
0.0
0.0
0.0
0.0
0.0
0.0
0.0
0.0
0.0
0.0
0.0
0.0
0.0
0.0
0.0
0.0
0.0
0.0
0.0
0.0
0.0
0.0
0.0
0.0
0.0
0.0
0.0
0.0
0.0
0.0
0.0
0.0
0.0
0.0
0.0
0.0
0.0
0.0
0.0
0.0
0.0
0.0
0.0
0.0
0.0
0.0
0.0
0.0
0.0
0.0
0.0
0.0
0.0
0.0
0.0
0.0
0.0
0.0
0.0
0.0
0.0
0.0
0.0
0.0
0.0
0.0
0.0
0.0
0.0
0.0
0.0
0.0
0.0
0.0
0.0
0.0
0.0
0.0
0.0
0.0
0.0
0.0
0.0
0.0
0.0
0.0
0.0
0.0
0.0
0.0
0.0
0.0
0.0
0.0
0.0
0.0
0.0
0.0
0.0
0.0
0.0
0.0
0.0
0.0
0.0
0.0
0.0
0.0
0.0
0.0
0.0
0.0
0.0
0.0
0.0
0.0
0.0
0.0
0.0
0.0
0.0
0.0
0.0
0.0
0.0
0.0
0.0
0.0
0.0
0.0
0.0
0.0
0.0
0.0
0.0
0.0
0.0
0.0
0.0
0.0
0.0
0.0
0.0
0.0
0.0
0.0
0.0
0.0
0.0
0.0
0.0
0.0
0.0
0.0
0.0
0.0
0.0
0.0
0.0
0.0
0.0
0.0
0.0
0.0
0.0
0.0
0.0
0.0
0.0
0.0
0.0
0.0
0.0
0.0
0.0
0.0
0.0
0.0
0.0
0.0
0.0
0.0
0.0
0.0
0.0
0.0
0.0
0.0
0.0
0.0
0.0
0.0
0.0
0.0
0.0
0.0
0.0
0.0
0.0
0.0
0.0
0.0
0.0
0.0
0.0
0.0
0.0
0.0
0.0
0.0
0.0
0.0
0.0
0.0
0.0
0.0
0.0
0.0
0.0
0.0
0.0
0.0
0.0
0.0
0.0
0.0
0.0
0.0
0.0
0.0
0.0
0.0
0.0
0.0
0.0
0.0
0.0
0.0
0.0
0.0
0.0
0.0
0.0
0.0
0.0
0.0
0.0
0.0
0.0
0.0
0.0
0.0
0.0
0.0
0.0
0.0
0.0
0.0
0.0
0.0
0.0
0.0
0.0
0.0
0.0
0.0
0.0
0.0
0.0
0.0
0.0
0.0
0.0
0.0
0.0
0.0
0.0
0.0
0.0
0.0
0.0
0.0
0.0
0.0
0.0
0.0
0.0
0.0
0.0
0.0
0.0
0.0
0.0
0.0
0.0
0.0
0.0
0.0
0.0
0.0
0.0
0.0
0.0
0.0
0.0
0.0
0.0
0.0
0.0
0.0
0.0
0.0
0.0
0.0
0.0
0.0
0.0
0.0
0.0
0.0
0.0
0.0
0.0
0.0
0.0
0.0
0.0
0.0
0.0
0.0
0.0
0.0
0.0
0.0
0.0
0.0
0.0
0.0
0.0
0.0
0.0
0.0
0.0
0.0
0.0
0.0
0.0
0.0
0.0
0.0
0.0
0.0
0.0
0.0
0.0
0.0
0.0
0.0
0.0
0.0
0.0
0.0
0.0
0.0
0.0
0.0
0.0
0.0
0.0
0.0
0.0
0.0
0.0
0.0
0.0
0.0
0.0
0.0
0.0
0.0
0.0
0.0
0.0
0.0
0.0
0.0
0.0
0.0
0.0
0.0
0.0
0.0
0.0
0.0
0.0
0.0
0.0
0.0
0.0
0.0
0.0
0.0
0.0
0.0
0.0
0.0
0.0
0.0
0.0
0.0
0.0
0.0
0.0
0.0
0.0
0.0
0.0
0.0
0.0
0.0
0.0
0.0
0.0
0.0
0.0
0.0
0.0
0.0
0.0
0.0
0.0
0.0
0.0
0.0
0.0
0.0
0.0
0.0
0.0
0.0
0.0
0.0
0.0
0.0
0.0
0.0
0.0
0.0
0.0
0.0
0.0
0.0
0.0
0.0
0.0
0.0
0.0
0.0
0.0
0.0
0.0
0.0
0.0
0.0
0.0
0.0
0.0
0.0
0.0
0.0
0.0
