0.0
0.0
0.0
0.0
0.0
0.0
0.0
0.0
0.0
0.0
0.0
0.0
0.0
0.0
0.0
0.0
0.0
0.0
0.0
0.0
0.0
0.0
0.0
0.0
0.0
0.0
0.0
0.0
0.0
0.0
0.0
0.0
0.0
0.0
0.0
0.0
0.0
0.0
0.0
0.0
0.0
0.0
0.0
0.0
0.0
0.0
0.0
0.0
0.0
0.0
0.0
0.0
0.0
0.0
0.0
0.0
0.0
0.0
0.0
0.0
0.0
0.0
0.0
0.0
0.0
0.0
0.0
0.0
0.0
0.0
0.0
0.0
0.0
0.0
0.0
0.0
0.0
0.0
0.0
0.0
0.0
0.0
0.0
0.0
0.0
0.0
0.0
0.0
0.0
0.0
0.0
0.0
0.0
0.0
0.0
0.0
0.0
0.0
0.0
0.0
0.0
0.0
0.0
0.0
0.0
0.0
0.0
0.0
0.0
0.0
0.0
0.0
0.0
0.0
0.0
0.0
0.0
0.0
0.0
0.0
0.0
0.0
0.0
0.0
0.0
0.0
0.0
0.0
0.0
0.0
0.0
0.0
0.0
0.0
0.0
0.0
0.0
0.0
0.0
0.0
0.0
0.0
0.0
0.0
0.0
0.0
0.0
0.0
0.0
0.0
0.0
0.0
0.0
0.0
0.0
0.0
0.0
0.0
0.0
0.0
0.0
0.0
0.0
0.0
0.0
0.0
0.0
0.0
0.0
0.0
0.0
0.0
0.0
0.0
0.0
0.0
0.0
0.0
0.0
0.0
0.0
0.0
0.0
0.0
0.0
0.0
0.0
0.0
0.0
0.0
0.0
0.0
0.0
0.0
0.0
0.0
0.0
0.0
0.0
0.0
0.0
0.0
0.0
0.0
0.0
0.0
0.0
0.0
0.0
0.0
0.0
0.0
0.0
0.0
0.0
0.0
0.0
0.0
0.0
0.0
0.0
0.0
0.0
0.0
0.0
0.0
0.0
0.0
0.0
0.0
0.0
0.0
0.0
0.0
0.0
0.0
0.0
0.0
0.0
0.0
0.0
0.0
0.0
0.0
0.0
0.0
0.0
0.0
0.0
0.0
0.0
0.0
0.0
0.0
0.0
0.0
0.0
0.0
0.0
0.0
0.0
0.0
0.0
0.0
0.0
0.0
0.0
0.0
0.0
0.0
0.0
0.0
0.0
0.0
0.0
0.0
0.0
0.0
0.0
0.0
0.0
0.0
0.0
0.0
0.0
0.0
0.0
0.0
0.0
0.0
0.0
0.0
0.0
0.0
0.0
0.0
0.0
0.0
0.0
0.0
0.0
0.0
0.0
0.0
0.0
0.0
0.0
0.0
0.0
0.0
0.0
0.0
0.0
0.0
0.0
0.0
0.0
0.0
0.0
0.0
0.0
0.0
0.0
0.0
0.0
0.0
0.0
0.0
0.0
0.0
0.0
0.0
0.0
0.0
0.0
0.0
0.0
0.0
0.0
0.0
0.0
0.0
0.0
0.0
0.0
0.0
0.0
0.0
0.0
0.0
0.0
0.0
0.0
0.0
0.0
0.0
0.0
0.0
0.0
0.0
0.0
0.0
0.0
0.0
0.0
0.0
0.0
0.0
0.0
0.0
0.0
0.0
0.0
0.0
0.0
0.0
0.0
0.0
0.0
0.0
0.0
0.0
0.0
0.0
0.0
0.0
0.0
0.0
0.0
0.0
0.0
0.0
0.0
0.0
0.0
0.0
0.0
0.0
0.0
0.0
0.0
0.0
0.0
0.0
0.0
0.0
0.0
0.0
0.0
0.0
0.0
0.0
0.0
0.0
0.0
0.0
0.0
0.0
0.0
0.0
0.0
0.0
0.0
0.0
0.0
0.0
0.0
0.0
0.0
0.0
0.0
0.0
0.0
0.0
0.0
0.0
0.0
0.0
0.0
0.0
0.0
0.0
0.0
0.0
0.0
0.0
0.0
0.0
0.0
0.0
0.0
0.0
0.0
0.0
0.0
0.0
0.0
0.0
0.0
0.0
0.0
0.0
0.0
0.0
0.0
0.0
0.0
0.0
0.0
0.0
0.0
0.0
0.0
0.0
0.0
0.0
0.0
0.0
0.0
0.0
0.0
0.0
0.0
0.0
0.0
0.0
0.0
0.0
0.0
0.0
0.0
0.0
0.0
0.0
0.0
0.0
0.0
0.0
0.0
0.0
0.0
0.0
0.0
0.0
0.0
0.0
0.0
0.0
0.0
0.0
0.0
0.0
0.0
0.0
0.0
0.0
0.0
0.0
0.0
0.0
0.0
0.0
0.0
0.0
0.0
0.0
0.0
0.0
0.0
0.0
0.0
0.0
0.0
0.0
0.0
0.0
0.0
0.0
0.0
0.0
0.0
0.0
0.0
0.0
0.0
0.0
0.0
0.0
0.0
0.0
0.0
0.0
0.0
0.0
0.0
0.0
0.0
0.0
0.0
0.0
0.0
0.0
0.0
0.0
0.0
0.0
0.0
0.0
0.0
0.0
0.0
0.0
0.0
0.0
0.0
0.0
0.0
0.0
0.0
0.0
0.0
0.0
0.0
0.0
0.0
0.0
0.0
0.0
0.0
0.0
0.0
0.0
0.0
0.0
0.0
0.0
0.0
0.0
0.0
0.0
0.0
0.0
0.0
0.0
0.0
0.0
0.0
0.0
0.0
0.0
0.0
0.0
0.0
0.0
0.0
0.0
0.0
0.0
0.0
0.0
0.0
0.0
0.0
0.0
0.0
0.0
0.0
0.0
0.0
0.0
0.0
0.0
0.0
0.0
0.0
0.0
0.0
0.0
0.0
0.0
0.0
0.0
0.0
0.0
0.0
0.0
0.0
0.0
0.0
0.0
0.0
0.0
0.0
0.0
0.0
0.0
0.0
0.0
0.0
0.0
0.0
0.0
0.0
0.0
0.0
0.0
0.0
0.0
0.0
0.0
0.0
0.0
0.0
0.0
0.0
0.0
0.0
0.0
0.0
0.0
0.0
0.0
0.0
0.0
0.0
0.0
0.0
0.0
0.0
0.0
0.0
0.0
0.0
0.0
0.0
0.0
0.0
0.0
0.0
0.0
0.0
0.0
0.0
0.0
0.0
0.0
0.0
0.0
0.0
0.0
0.0
0.0
0.0
0.0
0.0
0.0
0.0
0.0
0.0
0.0
0.0
0.0
0.0
0.0
0.0
0.0
0.0
0.0
0.0
0.0
0.0
0.0
0.0
0.0
0.0
0.0
0.0
0.0
0.0
0.0
0.0
0.0
0.0
0.0
0.0
0.0
0.0
0.0
0.0
0.0
0.0
0.0
0.0
0.0
0.0
0.0
0.0
0.0
0.0
0.0
0.0
0.0
0.0
0.0
0.0
0.0
0.0
0.0
0.0
0.0
0.0
0.0
0.0
0.0
0.0
0.0
0.0
0.0
0.0
0.0
0.0
0.0
0.0
0.0
0.0
0.0
0.0
0.0
0.0
0.0
0.0
0.0
0.0
0.0
0.0
0.0
0.0
0.0
0.0
0.0
0.0
0.0
151397.0
0.0
151562.0
0.0
0.0
0.0
0.0
0.0
0.0
0.0
0.0
0.0
0.0
0.0
0.0
0.0
0.0
0.0
0.0
0.0
0.0
0.0
0.0
0.0
0.0
0.0
0.0
0.0
0.0
0.0
0.0
0.0
0.0
0.0
0.0
0.0
0.0
0.0
0.0
0.0
0.0
157880.0
0.0
0.0
0.0
0.0
0.0
0.0
0.0
0.0
0.0
0.0
0.0
0.0
0.0
0.0
0.0
0.0
0.0
0.0
0.0
0.0
0.0
0.0
0.0
0.0
0.0
0.0
0.0
0.0
0.0
0.0
0.0
0.0
0.0
0.0
0.0
0.0
0.0
0.0
0.0
0.0
0.0
0.0
0.0
0.0
0.0
0.0
0.0
0.0
0.0
0.0
0.0
0.0
0.0
0.0
0.0
0.0
0.0
0.0
0.0
0.0
0.0
0.0
0.0
0.0
0.0
0.0
0.0
0.0
0.0
0.0
0.0
0.0
0.0
0.0
0.0
0.0
0.0
0.0
0.0
0.0
0.0
0.0
0.0
0.0
0.0
0.0
0.0
0.0
0.0
0.0
0.0
0.0
0.0
0.0
0.0
0.0
0.0
0.0
0.0
0.0
0.0
0.0
0.0
0.0
0.0
0.0
0.0
0.0
0.0
0.0
0.0
0.0
0.0
0.0
0.0
0.0
0.0
0.0
0.0
0.0
0.0
0.0
0.0
0.0
0.0
0.0
0.0
0.0
0.0
0.0
0.0
0.0
0.0
0.0
0.0
0.0
0.0
0.0
0.0
0.0
0.0
0.0
0.0
0.0
0.0
0.0
0.0
0.0
0.0
0.0
0.0
0.0
0.0
0.0
0.0
0.0
0.0
0.0
0.0
0.0
0.0
0.0
0.0
0.0
0.0
0.0
0.0
0.0
0.0
0.0
0.0
0.0
0.0
0.0
0.0
0.0
0.0
0.0
0.0
0.0
0.0
0.0
0.0
0.0
0.0
0.0
0.0
0.0
0.0
0.0
0.0
0.0
0.0
0.0
0.0
0.0
0.0
0.0
0.0
0.0
0.0
0.0
0.0
0.0
0.0
0.0
0.0
0.0
0.0
0.0
0.0
0.0
0.0
0.0
0.0
0.0
0.0
0.0
0.0
0.0
0.0
0.0
0.0
160007.0
160089.0
160090.0
160171.0
160172.0
160253.0
160254.0
160255.0
0.0
160337.0
0.0
160419.0
0.0
0.0
0.0
0.0
0.0
0.0
0.0
0.0
0.0
0.0
0.0
0.0
166244.0
166245.0
0.0
0.0
0.0
0.0
0.0
0.0
0.0
0.0
0.0
0.0
0.0
0.0
166325.0
166326.0
166327.0
0.0
0.0
0.0
0.0
0.0
0.0
0.0
0.0
0.0
0.0
166406.0
166407.0
166408.0
0.0
0.0
0.0
0.0
0.0
0.0
0.0
166488.0
166489.0
166490.0
166491.0
0.0
0.0
0.0
0.0
166572.0
166573.0
0.0
0.0
0.0
0.0
0.0
0.0
0.0
166654.0
166655.0
0.0
0.0
0.0
0.0
0.0
0.0
0.0
0.0
0.0
0.0
0.0
0.0
0.0
0.0
0.0
0.0
0.0
0.0
0.0
0.0
0.0
0.0
0.0
0.0
0.0
0.0
0.0
0.0
0.0
0.0
0.0
0.0
0.0
0.0
0.0
0.0
0.0
0.0
0.0
0.0
0.0
0.0
0.0
0.0
0.0
0.0
0.0
0.0
0.0
0.0
0.0
0.0
0.0
0.0
0.0
0.0
0.0
0.0
0.0
0.0
0.0
0.0
0.0
0.0
0.0
0.0
0.0
0.0
0.0
0.0
0.0
0.0
0.0
0.0
0.0
0.0
0.0
0.0
0.0
0.0
0.0
0.0
0.0
0.0
0.0
0.0
0.0
0.0
0.0
0.0
0.0
0.0
0.0
0.0
0.0
0.0
0.0
0.0
0.0
0.0
0.0
0.0
0.0
0.0
0.0
0.0
0.0
0.0
0.0
0.0
0.0
0.0
0.0
0.0
0.0
0.0
0.0
0.0
0.0
0.0
0.0
0.0
0.0
0.0
0.0
0.0
0.0
0.0
0.0
0.0
0.0
0.0
0.0
0.0
0.0
0.0
0.0
0.0
0.0
0.0
0.0
0.0
0.0
0.0
0.0
0.0
0.0
0.0
0.0
0.0
0.0
0.0
0.0
0.0
0.0
0.0
0.0
0.0
0.0
0.0
0.0
0.0
0.0
0.0
0.0
0.0
0.0
0.0
0.0
0.0
0.0
0.0
0.0
0.0
0.0
0.0
0.0
0.0
0.0
0.0
0.0
0.0
0.0
0.0
0.0
0.0
0.0
0.0
0.0
0.0
0.0
0.0
0.0
0.0
0.0
0.0
0.0
0.0
0.0
0.0
0.0
0.0
0.0
0.0
168374.0
0.0
168456.0
0.0
0.0
0.0
168618.0
168619.0
168620.0
168699.0
168700.0
168701.0
168702.0
168781.0
168782.0
168783.0
168784.0
168861.0
168862.0
168863.0
168864.0
168865.0
168866.0
168945.0
168946.0
168947.0
168948.0
0.0
169029.0
169030.0
0.0
169111.0
0.0
0.0
0.0
0.0
0.0
0.0
0.0
0.0
174854.0
174855.0
0.0
0.0
0.0
0.0
0.0
0.0
0.0
0.0
0.0
0.0
0.0
0.0
174935.0
174936.0
174937.0
0.0
0.0
0.0
0.0
0.0
0.0
0.0
0.0
0.0
0.0
175015.0
175016.0
175017.0
175018.0
0.0
0.0
0.0
0.0
0.0
0.0
0.0
0.0
175096.0
175097.0
175098.0
175099.0
0.0
0.0
0.0
0.0
0.0
0.0
0.0
0.0
175178.0
175179.0
175180.0
175181.0
175182.0
175183.0
0.0
0.0
0.0
0.0
0.0
0.0
0.0
0.0
0.0
0.0
175264.0
175265.0
175266.0
0.0
0.0
0.0
0.0
0.0
0.0
0.0
175346.0
175347.0
175348.0
0.0
0.0
0.0
0.0
0.0
0.0
0.0
0.0
0.0
0.0
0.0
0.0
0.0
175428.0
0.0
0.0
0.0
0.0
0.0
0.0
0.0
0.0
0.0
0.0
0.0
0.0
0.0
0.0
0.0
0.0
0.0
175511.0
0.0
0.0
0.0
0.0
0.0
0.0
0.0
0.0
0.0
0.0
0.0
0.0
0.0
0.0
0.0
0.0
0.0
0.0
0.0
0.0
0.0
0.0
0.0
0.0
0.0
0.0
0.0
0.0
0.0
0.0
0.0
0.0
0.0
0.0
0.0
0.0
0.0
0.0
0.0
0.0
0.0
0.0
0.0
0.0
0.0
0.0
0.0
0.0
0.0
0.0
0.0
0.0
0.0
0.0
0.0
0.0
0.0
0.0
0.0
0.0
0.0
0.0
0.0
0.0
0.0
0.0
0.0
0.0
0.0
0.0
0.0
0.0
0.0
0.0
0.0
0.0
0.0
0.0
0.0
0.0
0.0
0.0
0.0
0.0
0.0
0.0
0.0
0.0
0.0
0.0
0.0
0.0
0.0
0.0
0.0
0.0
0.0
0.0
0.0
0.0
0.0
0.0
0.0
0.0
0.0
0.0
0.0
0.0
0.0
0.0
0.0
0.0
0.0
0.0
0.0
0.0
0.0
0.0
0.0
0.0
0.0
0.0
0.0
0.0
0.0
0.0
0.0
0.0
0.0
0.0
0.0
0.0
0.0
0.0
0.0
0.0
0.0
0.0
0.0
0.0
0.0
0.0
0.0
0.0
0.0
0.0
0.0
0.0
0.0
0.0
0.0
0.0
0.0
0.0
0.0
0.0
0.0
0.0
0.0
0.0
0.0
0.0
0.0
176738.0
0.0
0.0
0.0
0.0
0.0
0.0
176820.0
0.0
0.0
0.0
0.0
0.0
176903.0
0.0
0.0
0.0
0.0
176984.0
176985.0
0.0
0.0
0.0
0.0
0.0
177066.0
177067.0
0.0
0.0
0.0
177148.0
177149.0
0.0
0.0
0.0
177230.0
0.0
0.0
177311.0
177312.0
177313.0
177389.0
177390.0
177391.0
177392.0
177393.0
177394.0
177395.0
177471.0
177472.0
177473.0
177474.0
177475.0
0.0
177554.0
177556.0
177557.0
177558.0
177637.0
177638.0
177639.0
177640.0
177720.0
177721.0
177722.0
0.0
0.0
0.0
0.0
0.0
183465.0
0.0
0.0
0.0
0.0
0.0
0.0
0.0
0.0
0.0
0.0
0.0
0.0
183545.0
183546.0
183547.0
0.0
0.0
0.0
0.0
0.0
0.0
0.0
0.0
0.0
0.0
0.0
0.0
0.0
183624.0
183626.0
183627.0
183628.0
183629.0
0.0
0.0
0.0
0.0
0.0
0.0
0.0
0.0
0.0
0.0
0.0
183705.0
183706.0
183707.0
183708.0
183709.0
0.0
0.0
0.0
0.0
0.0
0.0
0.0
0.0
0.0
0.0
0.0
0.0
183788.0
183789.0
183790.0
183791.0
0.0
0.0
0.0
0.0
0.0
0.0
0.0
0.0
0.0
0.0
183871.0
0.0
183873.0
183874.0
183875.0
0.0
0.0
0.0
0.0
0.0
0.0
0.0
0.0
0.0
0.0
0.0
0.0
183956.0
183957.0
183958.0
183959.0
183960.0
0.0
0.0
0.0
0.0
0.0
0.0
0.0
0.0
184038.0
184039.0
184040.0
184041.0
0.0
0.0
0.0
0.0
0.0
0.0
0.0
0.0
0.0
0.0
0.0
0.0
0.0
184120.0
184121.0
0.0
0.0
0.0
0.0
0.0
0.0
0.0
0.0
0.0
0.0
0.0
0.0
0.0
0.0
0.0
0.0
0.0
0.0
0.0
0.0
0.0
0.0
0.0
0.0
0.0
0.0
0.0
0.0
0.0
0.0
0.0
0.0
0.0
0.0
0.0
0.0
0.0
0.0
0.0
0.0
0.0
0.0
184358.0
0.0
0.0
0.0
0.0
0.0
0.0
0.0
0.0
0.0
0.0
184439.0
184440.0
184441.0
184442.0
0.0
0.0
0.0
0.0
0.0
0.0
0.0
0.0
0.0
0.0
0.0
184521.0
184522.0
0.0
0.0
0.0
0.0
0.0
0.0
0.0
0.0
0.0
0.0
0.0
0.0
0.0
0.0
0.0
0.0
184603.0
184604.0
0.0
0.0
0.0
0.0
0.0
0.0
0.0
0.0
0.0
0.0
0.0
0.0
0.0
184685.0
184686.0
184687.0
0.0
0.0
0.0
0.0
0.0
0.0
0.0
0.0
0.0
184768.0
184769.0
0.0
0.0
0.0
0.0
0.0
0.0
0.0
0.0
0.0
184851.0
0.0
0.0
0.0
0.0
0.0
0.0
0.0
184934.0
0.0
0.0
0.0
0.0
0.0
0.0
0.0
0.0
0.0
0.0
0.0
0.0
0.0
0.0
0.0
0.0
0.0
0.0
0.0
0.0
0.0
0.0
0.0
0.0
0.0
0.0
0.0
0.0
0.0
0.0
0.0
0.0
0.0
185348.0
0.0
0.0
0.0
0.0
0.0
0.0
185430.0
185431.0
0.0
0.0
0.0
185512.0
185513.0
0.0
0.0
185594.0
185595.0
185671.0
0.0
0.0
0.0
185676.0
185677.0
185752.0
185753.0
0.0
0.0
0.0
0.0
185758.0
185759.0
185833.0
185834.0
185835.0
185836.0
0.0
0.0
185839.0
185840.0
185841.0
185915.0
185916.0
185917.0
185918.0
0.0
185920.0
185921.0
185922.0
185923.0
185998.0
0.0
186000.0
0.0
186002.0
186003.0
186004.0
186005.0
186082.0
186083.0
186084.0
186085.0
186086.0
186164.0
186165.0
186166.0
186167.0
186168.0
186248.0
186249.0
187065.0
187066.0
187147.0
187148.0
187229.0
187310.0
0.0
0.0
0.0
0.0
0.0
192156.0
192157.0
0.0
0.0
0.0
0.0
0.0
0.0
0.0
0.0
0.0
0.0
0.0
0.0
192234.0
0.0
0.0
0.0
192238.0
192239.0
0.0
0.0
0.0
0.0
0.0
0.0
0.0
0.0
0.0
0.0
0.0
0.0
192314.0
192315.0
192316.0
192317.0
192318.0
192319.0
0.0
0.0
0.0
0.0
0.0
0.0
0.0
0.0
0.0
0.0
0.0
192397.0
192398.0
192399.0
192400.0
192401.0
0.0
0.0
0.0
0.0
0.0
0.0
0.0
0.0
192478.0
192479.0
192482.0
192483.0
0.0
0.0
0.0
0.0
0.0
0.0
0.0
0.0
192560.0
0.0
0.0
192566.0
192567.0
192568.0
192569.0
192570.0
0.0
0.0
0.0
0.0
0.0
0.0
0.0
0.0
192648.0
192649.0
192650.0
192651.0
0.0
0.0
0.0
0.0
0.0
0.0
0.0
0.0
0.0
0.0
192730.0
192731.0
192732.0
0.0
0.0
0.0
0.0
0.0
0.0
0.0
0.0
0.0
0.0
0.0
0.0
0.0
0.0
0.0
192812.0
192813.0
0.0
0.0
0.0
0.0
0.0
0.0
0.0
0.0
0.0
192889.0
0.0
0.0
0.0
0.0
0.0
0.0
0.0
0.0
0.0
0.0
0.0
0.0
0.0
0.0
0.0
0.0
0.0
0.0
0.0
0.0
0.0
0.0
0.0
0.0
0.0
0.0
0.0
0.0
0.0
0.0
0.0
0.0
0.0
0.0
193050.0
0.0
0.0
0.0
0.0
0.0
0.0
0.0
0.0
0.0
0.0
193131.0
193132.0
193133.0
0.0
0.0
0.0
0.0
0.0
0.0
0.0
0.0
0.0
0.0
0.0
0.0
0.0
193213.0
193214.0
193215.0
0.0
0.0
0.0
0.0
0.0
0.0
0.0
0.0
0.0
0.0
0.0
0.0
0.0
0.0
0.0
193295.0
193296.0
0.0
0.0
0.0
0.0
0.0
0.0
0.0
0.0
0.0
0.0
0.0
0.0
0.0
193378.0
193379.0
0.0
0.0
0.0
0.0
0.0
0.0
193460.0
193461.0
193462.0
0.0
0.0
0.0
193542.0
193543.0
193544.0
0.0
193625.0
193626.0
0.0
0.0
193707.0
0.0
0.0
0.0
0.0
193789.0
0.0
0.0
0.0
0.0
0.0
0.0
0.0
0.0
0.0
0.0
0.0
0.0
0.0
193955.0
193956.0
0.0
0.0
0.0
0.0
194036.0
194037.0
194038.0
194039.0
194040.0
0.0
194117.0
194118.0
194119.0
194120.0
194121.0
194122.0
0.0
194199.0
194200.0
194201.0
194202.0
194203.0
194204.0
0.0
194281.0
194282.0
194283.0
194284.0
194285.0
194286.0
0.0
194363.0
194364.0
194365.0
194366.0
194367.0
194368.0
0.0
0.0
194445.0
194446.0
194447.0
194448.0
194449.0
194450.0
194525.0
194526.0
194527.0
194528.0
194529.0
194530.0
194531.0
194532.0
194607.0
194608.0
194609.0
194610.0
194611.0
194612.0
194613.0
194691.0
194692.0
194693.0
194694.0
194695.0
194774.0
194775.0
194776.0
194777.0
194857.0
195674.0
195754.0
195756.0
195757.0
195758.0
195759.0
195837.0
195838.0
195839.0
195840.0
195919.0
195920.0
195921.0
195922.0
196000.0
196001.0
196002.0
196003.0
196004.0
0.0
0.0
0.0
0.0
0.0
0.0
0.0
0.0
0.0
0.0
0.0
0.0
0.0
0.0
0.0
0.0
0.0
0.0
0.0
0.0
0.0
0.0
0.0
200925.0
200926.0
200927.0
200928.0
0.0
0.0
200931.0
0.0
0.0
0.0
0.0
0.0
0.0
0.0
0.0
0.0
0.0
0.0
201005.0
201006.0
201007.0
201008.0
201009.0
201010.0
201011.0
0.0
0.0
0.0
0.0
0.0
0.0
0.0
0.0
0.0
0.0
201087.0
201088.0
201091.0
201092.0
201093.0
0.0
0.0
0.0
0.0
0.0
0.0
0.0
0.0
0.0
0.0
201169.0
201170.0
201171.0
201172.0
201174.0
201175.0
0.0
0.0
0.0
0.0
201252.0
201253.0
201254.0
0.0
201258.0
201259.0
201260.0
0.0
0.0
0.0
201334.0
201335.0
201340.0
201341.0
201342.0
201343.0
0.0
0.0
0.0
0.0
0.0
0.0
0.0
0.0
0.0
201422.0
201423.0
201424.0
0.0
0.0
0.0
0.0
0.0
0.0
0.0
0.0
0.0
201499.0
201500.0
0.0
0.0
0.0
0.0
0.0
0.0
0.0
0.0
0.0
0.0
0.0
0.0
0.0
0.0
0.0
0.0
201580.0
201581.0
201582.0
201583.0
0.0
0.0
0.0
0.0
0.0
0.0
0.0
0.0
0.0
0.0
0.0
0.0
0.0
0.0
0.0
201663.0
201664.0
201665.0
0.0
0.0
0.0
0.0
0.0
0.0
0.0
0.0
0.0
0.0
0.0
0.0
0.0
201742.0
0.0
0.0
0.0
0.0
0.0
0.0
0.0
0.0
0.0
0.0
0.0
0.0
0.0
201823.0
201824.0
0.0
0.0
0.0
0.0
0.0
0.0
0.0
0.0
0.0
0.0
201905.0
201906.0
0.0
0.0
0.0
0.0
0.0
0.0
0.0
0.0
0.0
0.0
0.0
201987.0
201988.0
0.0
0.0
0.0
0.0
0.0
0.0
0.0
0.0
0.0
0.0
202070.0
202071.0
202072.0
0.0
0.0
202152.0
202153.0
202154.0
0.0
202234.0
202235.0
202236.0
0.0
0.0
202316.0
202317.0
202318.0
0.0
0.0
202398.0
202399.0
202400.0
0.0
0.0
0.0
202480.0
202481.0
0.0
0.0
0.0
0.0
202562.0
202563.0
0.0
0.0
202566.0
0.0
0.0
0.0
202647.0
202648.0
202649.0
0.0
202729.0
202730.0
202731.0
0.0
0.0
202811.0
202812.0
202813.0
0.0
0.0
202892.0
202893.0
202894.0
202895.0
202896.0
0.0
202975.0
202976.0
202977.0
0.0
0.0
203057.0
203058.0
203059.0
0.0
0.0
203139.0
0.0
0.0
203300.0
203301.0
0.0
204363.0
204364.0
204365.0
204366.0
204367.0
204447.0
204448.0
204449.0
204450.0
204529.0
204530.0
204531.0
204532.0
204610.0
204611.0
204612.0
204613.0
204614.0
204693.0
204695.0
204696.0
0.0
0.0
0.0
0.0
0.0
0.0
0.0
0.0
0.0
0.0
0.0
0.0
0.0
0.0
0.0
0.0
0.0
0.0
0.0
0.0
0.0
0.0
0.0
0.0
209537.0
0.0
0.0
0.0
0.0
0.0
0.0
0.0
0.0
0.0
0.0
0.0
0.0
0.0
0.0
0.0
0.0
0.0
209617.0
209618.0
209619.0
209620.0
0.0
0.0
0.0
0.0
0.0
0.0
0.0
0.0
0.0
0.0
0.0
0.0
0.0
0.0
0.0
0.0
0.0
209700.0
209701.0
209702.0
209703.0
0.0
0.0
0.0
0.0
0.0
0.0
0.0
0.0
0.0
0.0
0.0
209779.0
209780.0
209783.0
209784.0
209785.0
0.0
0.0
0.0
0.0
0.0
0.0
0.0
0.0
0.0
0.0
0.0
209861.0
209862.0
209863.0
209864.0
0.0
0.0
0.0
0.0
0.0
0.0
0.0
0.0
0.0
209944.0
209945.0
209946.0
209947.0
209950.0
209951.0
0.0
0.0
0.0
0.0
210026.0
210027.0
210028.0
210029.0
210031.0
210032.0
210033.0
0.0
0.0
0.0
0.0
0.0
210113.0
210114.0
210115.0
0.0
0.0
0.0
0.0
0.0
0.0
0.0
0.0
0.0
0.0
0.0
210196.0
0.0
0.0
0.0
0.0
0.0
0.0
0.0
0.0
0.0
0.0
0.0
0.0
210273.0
0.0
0.0
0.0
0.0
0.0
0.0
0.0
0.0
0.0
0.0
0.0
0.0
0.0
210352.0
0.0
0.0
0.0
0.0
0.0
0.0
0.0
0.0
0.0
0.0
0.0
0.0
210434.0
0.0
0.0
0.0
0.0
0.0
0.0
0.0
0.0
0.0
0.0
0.0
0.0
0.0
0.0
210515.0
210516.0
0.0
0.0
0.0
0.0
0.0
0.0
0.0
0.0
0.0
0.0
210598.0
210599.0
0.0
0.0
0.0
0.0
0.0
0.0
0.0
0.0
0.0
210679.0
210680.0
0.0
0.0
0.0
0.0
0.0
0.0
0.0
210762.0
210763.0
210844.0
210845.0
210926.0
210927.0
211008.0
211009.0
0.0
211090.0
0.0
0.0
0.0
211173.0
0.0
0.0
211254.0
211255.0
211256.0
0.0
0.0
0.0
0.0
0.0
0.0
0.0
0.0
0.0
0.0
0.0
0.0
0.0
0.0
0.0
0.0
0.0
0.0
0.0
0.0
0.0
0.0
0.0
0.0
0.0
0.0
0.0
0.0
0.0
0.0
0.0
0.0
0.0
0.0
0.0
0.0
0.0
0.0
0.0
0.0
0.0
0.0
0.0
0.0
0.0
0.0
0.0
0.0
0.0
0.0
0.0
0.0
212975.0
212977.0
213057.0
213058.0
213059.0
213060.0
213139.0
213140.0
213141.0
213142.0
213220.0
213221.0
213222.0
213223.0
213303.0
213306.0
0.0
0.0
0.0
0.0
0.0
0.0
0.0
0.0
0.0
0.0
0.0
0.0
0.0
0.0
0.0
0.0
0.0
0.0
0.0
0.0
0.0
0.0
0.0
0.0
0.0
0.0
0.0
0.0
0.0
0.0
0.0
0.0
0.0
0.0
218229.0
218230.0
0.0
0.0
0.0
0.0
0.0
0.0
0.0
0.0
0.0
0.0
218308.0
218309.0
218310.0
218311.0
218312.0
0.0
0.0
0.0
0.0
0.0
0.0
0.0
0.0
0.0
0.0
0.0
0.0
218390.0
218391.0
218392.0
218393.0
218394.0
218395.0
0.0
0.0
0.0
0.0
0.0
0.0
0.0
0.0
0.0
0.0
0.0
0.0
218472.0
218476.0
218477.0
0.0
0.0
0.0
0.0
0.0
0.0
0.0
0.0
218552.0
218553.0
218554.0
218555.0
218556.0
218557.0
0.0
0.0
0.0
0.0
0.0
0.0
218634.0
218635.0
218636.0
218637.0
218638.0
218639.0
0.0
0.0
0.0
0.0
0.0
0.0
218719.0
218720.0
218721.0
218722.0
0.0
0.0
0.0
0.0
0.0
218802.0
0.0
0.0
0.0
0.0
0.0
0.0
0.0
0.0
0.0
0.0
0.0
0.0
0.0
0.0
0.0
0.0
0.0
0.0
0.0
0.0
0.0
0.0
0.0
0.0
0.0
0.0
219044.0
219045.0
0.0
0.0
0.0
0.0
0.0
0.0
0.0
0.0
0.0
0.0
0.0
219125.0
219126.0
0.0
0.0
0.0
0.0
0.0
0.0
0.0
0.0
0.0
0.0
0.0
219207.0
219208.0
0.0
0.0
0.0
0.0
0.0
0.0
0.0
0.0
219289.0
219290.0
219291.0
0.0
0.0
0.0
0.0
0.0
0.0
219372.0
219373.0
0.0
219454.0
219455.0
219536.0
219537.0
219538.0
219618.0
219619.0
219620.0
0.0
0.0
219701.0
219702.0
0.0
0.0
0.0
219783.0
219784.0
219785.0
0.0
0.0
0.0
219865.0
219866.0
219867.0
0.0
0.0
0.0
219947.0
219948.0
219949.0
0.0
0.0
0.0
0.0
220030.0
220031.0
0.0
0.0
0.0
0.0
220112.0
220113.0
220114.0
0.0
0.0
0.0
0.0
0.0
0.0
0.0
0.0
0.0
0.0
0.0
0.0
0.0
0.0
0.0
0.0
0.0
0.0
0.0
0.0
0.0
0.0
0.0
0.0
0.0
0.0
0.0
0.0
0.0
0.0
0.0
0.0
0.0
0.0
0.0
0.0
0.0
0.0
0.0
0.0
0.0
0.0
0.0
0.0
0.0
0.0
0.0
0.0
0.0
0.0
0.0
0.0
0.0
0.0
0.0
0.0
0.0
221750.0
221751.0
221832.0
221833.0
221912.0
221914.0
221915.0
0.0
0.0
0.0
0.0
0.0
0.0
0.0
0.0
0.0
0.0
0.0
0.0
0.0
0.0
0.0
0.0
0.0
0.0
0.0
0.0
0.0
0.0
0.0
0.0
0.0
0.0
0.0
0.0
0.0
0.0
0.0
0.0
226921.0
226922.0
0.0
0.0
0.0
0.0
0.0
0.0
0.0
0.0
0.0
0.0
0.0
0.0
0.0
0.0
227004.0
227005.0
0.0
0.0
0.0
0.0
0.0
0.0
0.0
0.0
0.0
0.0
0.0
0.0
0.0
0.0
0.0
0.0
0.0
0.0
0.0
0.0
0.0
0.0
0.0
0.0
0.0
0.0
0.0
0.0
0.0
0.0
0.0
0.0
0.0
0.0
227244.0
227245.0
227248.0
227326.0
227327.0
227328.0
227329.0
227330.0
227331.0
0.0
0.0
227411.0
227412.0
227413.0
227414.0
0.0
0.0
0.0
227493.0
227494.0
0.0
0.0
0.0
0.0
0.0
0.0
0.0
0.0
0.0
227655.0
0.0
0.0
0.0
0.0
0.0
227736.0
227737.0
0.0
0.0
0.0
0.0
0.0
227817.0
227818.0
227819.0
0.0
0.0
0.0
0.0
0.0
0.0
227900.0
227901.0
0.0
0.0
0.0
227982.0
227983.0
228064.0
228065.0
228066.0
228067.0
0.0
228146.0
228147.0
228148.0
228149.0
0.0
0.0
0.0
228228.0
228229.0
228230.0
228231.0
228232.0
0.0
0.0
0.0
228311.0
228312.0
228313.0
228314.0
0.0
0.0
0.0
228393.0
228394.0
228395.0
0.0
0.0
0.0
0.0
0.0
228475.0
228476.0
228477.0
0.0
0.0
0.0
0.0
228558.0
228559.0
0.0
0.0
0.0
0.0
228640.0
228641.0
0.0
0.0
0.0
0.0
0.0
228722.0
228723.0
228724.0
0.0
0.0
0.0
0.0
228804.0
228805.0
228806.0
0.0
0.0
0.0
0.0
0.0
0.0
0.0
0.0
0.0
0.0
0.0
0.0
0.0
0.0
0.0
0.0
0.0
0.0
0.0
0.0
0.0
0.0
0.0
0.0
0.0
0.0
0.0
0.0
0.0
0.0
0.0
0.0
0.0
0.0
0.0
0.0
0.0
0.0
0.0
0.0
0.0
0.0
0.0
0.0
0.0
0.0
0.0
0.0
0.0
0.0
0.0
0.0
0.0
0.0
0.0
230523.0
230524.0
0.0
0.0
0.0
0.0
0.0
0.0
0.0
0.0
0.0
0.0
0.0
0.0
0.0
0.0
0.0
0.0
0.0
0.0
0.0
0.0
0.0
0.0
0.0
0.0
0.0
0.0
0.0
0.0
0.0
0.0
0.0
0.0
0.0
0.0
0.0
0.0
0.0
0.0
0.0
0.0
0.0
0.0
235614.0
0.0
0.0
0.0
0.0
0.0
0.0
0.0
0.0
0.0
0.0
0.0
0.0
0.0
0.0
0.0
0.0
0.0
0.0
0.0
0.0
0.0
0.0
0.0
0.0
0.0
0.0
0.0
0.0
0.0
0.0
0.0
0.0
0.0
0.0
0.0
0.0
0.0
0.0
0.0
0.0
0.0
0.0
0.0
0.0
0.0
0.0
0.0
0.0
0.0
0.0
0.0
0.0
0.0
0.0
0.0
0.0
0.0
0.0
0.0
0.0
0.0
0.0
0.0
0.0
236104.0
236105.0
0.0
0.0
0.0
0.0
0.0
0.0
0.0
0.0
0.0
236186.0
0.0
0.0
0.0
0.0
0.0
0.0
0.0
0.0
0.0
0.0
0.0
0.0
236347.0
236348.0
0.0
0.0
0.0
0.0
236428.0
236429.0
236430.0
0.0
0.0
0.0
0.0
236510.0
236511.0
236592.0
236593.0
236594.0
0.0
0.0
236674.0
236675.0
236676.0
236677.0
0.0
0.0
0.0
0.0
236757.0
236758.0
236759.0
0.0
0.0
0.0
0.0
236840.0
236841.0
0.0
0.0
0.0
0.0
236922.0
236923.0
236924.0
0.0
0.0
0.0
0.0
237004.0
237005.0
0.0
0.0
0.0
237086.0
237087.0
0.0
0.0
0.0
0.0
0.0
237168.0
237169.0
0.0
0.0
0.0
0.0
237250.0
0.0
0.0
0.0
0.0
0.0
0.0
0.0
0.0
0.0
0.0
0.0
0.0
0.0
0.0
0.0
0.0
0.0
0.0
0.0
0.0
0.0
0.0
0.0
0.0
0.0
0.0
0.0
0.0
0.0
0.0
0.0
0.0
0.0
0.0
0.0
0.0
0.0
0.0
0.0
0.0
0.0
0.0
0.0
0.0
0.0
0.0
0.0
0.0
0.0
0.0
0.0
0.0
0.0
0.0
0.0
0.0
0.0
0.0
0.0
0.0
0.0
0.0
0.0
0.0
0.0
0.0
0.0
0.0
0.0
0.0
0.0
0.0
0.0
0.0
0.0
0.0
0.0
0.0
0.0
0.0
0.0
0.0
0.0
0.0
0.0
0.0
0.0
0.0
0.0
0.0
0.0
0.0
0.0
0.0
0.0
0.0
0.0
0.0
0.0
0.0
0.0
0.0
0.0
0.0
0.0
0.0
0.0
0.0
0.0
0.0
0.0
0.0
0.0
0.0
0.0
0.0
0.0
0.0
0.0
0.0
0.0
0.0
0.0
0.0
0.0
0.0
0.0
0.0
0.0
0.0
0.0
0.0
0.0
0.0
0.0
0.0
0.0
0.0
0.0
0.0
0.0
0.0
0.0
0.0
0.0
0.0
0.0
0.0
0.0
0.0
0.0
0.0
0.0
0.0
0.0
0.0
0.0
0.0
0.0
0.0
0.0
0.0
0.0
0.0
0.0
0.0
0.0
0.0
0.0
0.0
0.0
0.0
0.0
0.0
0.0
0.0
0.0
0.0
0.0
0.0
0.0
0.0
0.0
0.0
0.0
0.0
0.0
0.0
0.0
0.0
0.0
0.0
0.0
0.0
0.0
0.0
0.0
0.0
0.0
0.0
0.0
0.0
0.0
0.0
0.0
0.0
0.0
0.0
0.0
0.0
0.0
0.0
0.0
0.0
0.0
0.0
0.0
0.0
0.0
0.0
0.0
0.0
0.0
0.0
0.0
0.0
0.0
0.0
0.0
0.0
0.0
0.0
0.0
0.0
0.0
0.0
0.0
0.0
245121.0
245122.0
0.0
0.0
0.0
0.0
245202.0
245203.0
245204.0
245285.0
245286.0
0.0
0.0
0.0
245367.0
245368.0
245369.0
0.0
0.0
0.0
245449.0
245450.0
245451.0
0.0
0.0
0.0
0.0
0.0
245532.0
245533.0
0.0
0.0
0.0
0.0
0.0
0.0
0.0
0.0
0.0
245696.0
245697.0
0.0
0.0
0.0
0.0
245778.0
245779.0
0.0
0.0
0.0
0.0
0.0
0.0
0.0
0.0
0.0
0.0
0.0
0.0
0.0
0.0
0.0
0.0
0.0
0.0
0.0
0.0
0.0
0.0
0.0
0.0
0.0
0.0
0.0
0.0
0.0
0.0
0.0
0.0
0.0
0.0
0.0
0.0
0.0
0.0
0.0
0.0
0.0
0.0
0.0
0.0
0.0
0.0
0.0
0.0
0.0
0.0
0.0
0.0
0.0
0.0
0.0
0.0
0.0
0.0
0.0
0.0
0.0
0.0
0.0
0.0
0.0
0.0
0.0
0.0
0.0
0.0
0.0
0.0
0.0
0.0
0.0
0.0
0.0
0.0
0.0
0.0
0.0
0.0
0.0
0.0
0.0
0.0
0.0
0.0
0.0
0.0
0.0
0.0
0.0
0.0
0.0
0.0
0.0
0.0
0.0
0.0
0.0
0.0
0.0
0.0
0.0
0.0
0.0
0.0
0.0
0.0
0.0
0.0
0.0
0.0
0.0
0.0
0.0
0.0
0.0
0.0
0.0
0.0
0.0
0.0
0.0
0.0
0.0
0.0
0.0
0.0
0.0
0.0
0.0
0.0
0.0
0.0
0.0
0.0
0.0
0.0
0.0
0.0
0.0
0.0
0.0
0.0
0.0
0.0
0.0
0.0
0.0
0.0
0.0
0.0
0.0
0.0
0.0
0.0
0.0
0.0
0.0
0.0
0.0
0.0
0.0
0.0
0.0
0.0
0.0
0.0
0.0
0.0
0.0
0.0
0.0
0.0
0.0
0.0
0.0
0.0
0.0
0.0
0.0
0.0
0.0
0.0
0.0
0.0
0.0
0.0
0.0
0.0
0.0
0.0
0.0
0.0
0.0
0.0
0.0
0.0
0.0
0.0
0.0
0.0
0.0
0.0
0.0
0.0
0.0
0.0
0.0
0.0
0.0
0.0
0.0
0.0
0.0
0.0
0.0
0.0
0.0
0.0
0.0
0.0
0.0
0.0
0.0
0.0
0.0
0.0
0.0
0.0
253978.0
254059.0
254060.0
254141.0
254142.0
0.0
0.0
0.0
0.0
0.0
0.0
0.0
0.0
0.0
0.0
0.0
0.0
0.0
0.0
0.0
0.0
0.0
0.0
0.0
0.0
254471.0
0.0
0.0
0.0
0.0
0.0
254553.0
0.0
0.0
0.0
0.0
0.0
0.0
0.0
0.0
0.0
0.0
254718.0
0.0
0.0
0.0
0.0
0.0
0.0
0.0
0.0
0.0
0.0
0.0
0.0
0.0
0.0
0.0
0.0
0.0
0.0
0.0
0.0
0.0
0.0
0.0
0.0
0.0
0.0
0.0
0.0
0.0
0.0
0.0
0.0
0.0
0.0
0.0
0.0
0.0
0.0
0.0
0.0
0.0
0.0
0.0
0.0
0.0
0.0
0.0
0.0
0.0
0.0
0.0
0.0
0.0
0.0
0.0
0.0
0.0
0.0
0.0
0.0
0.0
0.0
0.0
0.0
0.0
0.0
0.0
0.0
0.0
0.0
0.0
0.0
0.0
0.0
0.0
0.0
0.0
0.0
0.0
0.0
0.0
0.0
0.0
0.0
0.0
0.0
0.0
0.0
0.0
0.0
0.0
0.0
0.0
0.0
0.0
0.0
0.0
0.0
0.0
0.0
0.0
0.0
0.0
0.0
0.0
0.0
0.0
0.0
0.0
0.0
0.0
0.0
0.0
0.0
0.0
0.0
0.0
0.0
0.0
0.0
0.0
0.0
0.0
0.0
0.0
0.0
0.0
0.0
0.0
0.0
0.0
0.0
0.0
0.0
0.0
0.0
0.0
0.0
0.0
0.0
0.0
0.0
0.0
0.0
0.0
0.0
0.0
0.0
0.0
0.0
0.0
0.0
0.0
0.0
0.0
0.0
0.0
0.0
0.0
0.0
0.0
0.0
0.0
0.0
0.0
0.0
0.0
0.0
0.0
0.0
0.0
0.0
0.0
262669.0
262670.0
0.0
0.0
0.0
0.0
262751.0
262752.0
262753.0
0.0
0.0
0.0
0.0
262834.0
0.0
0.0
0.0
0.0
0.0
0.0
0.0
0.0
0.0
0.0
0.0
0.0
0.0
0.0
0.0
0.0
0.0
0.0
0.0
0.0
0.0
0.0
0.0
0.0
0.0
0.0
0.0
0.0
0.0
0.0
0.0
0.0
0.0
0.0
0.0
0.0
0.0
0.0
0.0
0.0
0.0
0.0
0.0
0.0
0.0
0.0
0.0
0.0
0.0
0.0
0.0
0.0
0.0
0.0
0.0
0.0
0.0
0.0
0.0
0.0
0.0
0.0
0.0
0.0
0.0
0.0
0.0
0.0
0.0
0.0
0.0
0.0
0.0
0.0
0.0
0.0
0.0
0.0
0.0
0.0
0.0
0.0
0.0
0.0
0.0
0.0
0.0
0.0
0.0
0.0
0.0
0.0
0.0
0.0
0.0
0.0
0.0
0.0
0.0
0.0
0.0
0.0
0.0
0.0
0.0
0.0
0.0
0.0
0.0
0.0
0.0
0.0
0.0
0.0
0.0
0.0
0.0
271363.0
0.0
0.0
0.0
0.0
0.0
0.0
0.0
271444.0
0.0
0.0
0.0
0.0
0.0
0.0
0.0
0.0
0.0
0.0
0.0
0.0
0.0
0.0
0.0
0.0
0.0
0.0
0.0
0.0
0.0
0.0
0.0
0.0
0.0
0.0
0.0
0.0
0.0
0.0
0.0
0.0
0.0
0.0
0.0
0.0
0.0
0.0
0.0
0.0
0.0
0.0
0.0
0.0
0.0
0.0
0.0
0.0
0.0
0.0
0.0
0.0
0.0
0.0
0.0
0.0
0.0
0.0
0.0
0.0
0.0
0.0
0.0
0.0
0.0
0.0
0.0
0.0
0.0
0.0
0.0
0.0
0.0
0.0
0.0
0.0
0.0
0.0
0.0
0.0
0.0
0.0
0.0
0.0
0.0
0.0
0.0
0.0
0.0
0.0
0.0
0.0
0.0
0.0
0.0
0.0
0.0
0.0
0.0
0.0
0.0
0.0
0.0
0.0
0.0
0.0
0.0
280136.0
0.0
0.0
0.0
0.0
0.0
0.0
0.0
0.0
0.0
0.0
0.0
0.0
0.0
0.0
0.0
0.0
0.0
0.0
0.0
0.0
0.0
0.0
0.0
0.0
0.0
0.0
0.0
0.0
0.0
0.0
0.0
0.0
0.0
0.0
0.0
0.0
0.0
0.0
0.0
0.0
0.0
0.0
0.0
0.0
0.0
0.0
0.0
0.0
0.0
0.0
0.0
0.0
0.0
0.0
0.0
0.0
0.0
0.0
0.0
0.0
0.0
0.0
0.0
0.0
0.0
0.0
0.0
0.0
0.0
0.0
0.0
0.0
0.0
0.0
0.0
0.0
0.0
0.0
0.0
0.0
0.0
0.0
0.0
0.0
0.0
0.0
0.0
0.0
0.0
0.0
0.0
0.0
0.0
0.0
0.0
0.0
0.0
0.0
0.0
0.0
0.0
0.0
0.0
0.0
0.0
0.0
0.0
0.0
0.0
0.0
0.0
0.0
0.0
0.0
0.0
0.0
0.0
0.0
0.0
0.0
0.0
0.0
0.0
0.0
0.0
0.0
0.0
0.0
0.0
0.0
0.0
0.0
0.0
0.0
0.0
0.0
0.0
0.0
0.0
0.0
0.0
0.0
0.0
0.0
0.0
0.0
0.0
0.0
0.0
0.0
0.0
0.0
0.0
0.0
0.0
0.0
0.0
0.0
0.0
0.0
0.0
0.0
0.0
0.0
0.0
0.0
0.0
0.0
0.0
0.0
0.0
0.0
0.0
0.0
0.0
0.0
0.0
0.0
0.0
0.0
0.0
0.0
0.0
0.0
0.0
0.0
0.0
0.0
0.0
0.0
0.0
0.0
0.0
0.0
0.0
0.0
0.0
0.0
0.0
0.0
0.0
0.0
0.0
0.0
0.0
0.0
0.0
0.0
0.0
0.0
0.0
0.0
0.0
0.0
0.0
0.0
0.0
0.0
0.0
0.0
0.0
0.0
0.0
0.0
0.0
0.0
0.0
0.0
0.0
0.0
0.0
0.0
0.0
0.0
0.0
0.0
0.0
0.0
0.0
0.0
0.0
0.0
0.0
0.0
0.0
0.0
0.0
0.0
0.0
0.0
0.0
0.0
0.0
0.0
0.0
0.0
0.0
0.0
0.0
0.0
0.0
0.0
0.0
0.0
0.0
0.0
0.0
0.0
0.0
0.0
0.0
0.0
0.0
0.0
0.0
0.0
0.0
0.0
0.0
0.0
0.0
0.0
0.0
0.0
0.0
0.0
0.0
0.0
0.0
0.0
0.0
0.0
0.0
0.0
0.0
0.0
0.0
0.0
0.0
0.0
0.0
0.0
0.0
0.0
0.0
0.0
0.0
0.0
0.0
0.0
0.0
0.0
0.0
0.0
0.0
0.0
0.0
0.0
0.0
0.0
0.0
0.0
0.0
0.0
0.0
0.0
0.0
0.0
0.0
0.0
0.0
0.0
0.0
0.0
0.0
0.0
0.0
0.0
0.0
0.0
0.0
0.0
0.0
0.0
0.0
0.0
0.0
0.0
0.0
0.0
0.0
0.0
0.0
0.0
0.0
0.0
0.0
0.0
0.0
0.0
0.0
0.0
0.0
0.0
0.0
0.0
0.0
0.0
0.0
0.0
0.0
0.0
0.0
0.0
0.0
0.0
0.0
0.0
0.0
0.0
0.0
0.0
0.0
0.0
0.0
0.0
0.0
0.0
0.0
0.0
0.0
0.0
0.0
0.0
0.0
0.0
0.0
0.0
0.0
0.0
0.0
0.0
0.0
0.0
0.0
0.0
0.0
0.0
0.0
0.0
0.0
0.0
0.0
0.0
0.0
0.0
0.0
0.0
0.0
0.0
0.0
0.0
0.0
0.0
0.0
0.0
0.0
0.0
0.0
0.0
0.0
0.0
0.0
0.0
0.0
0.0
0.0
0.0
0.0
0.0
0.0
0.0
0.0
0.0
0.0
0.0
0.0
0.0
0.0
0.0
0.0
0.0
0.0
0.0
0.0
0.0
0.0
0.0
0.0
0.0
0.0
0.0
0.0
0.0
0.0
0.0
0.0
0.0
0.0
0.0
0.0
0.0
0.0
0.0
0.0
0.0
0.0
0.0
0.0
0.0
0.0
0.0
0.0
0.0
0.0
0.0
0.0
0.0
0.0
0.0
0.0
0.0
0.0
0.0
0.0
0.0
0.0
0.0
0.0
0.0
0.0
0.0
0.0
0.0
0.0
0.0
0.0
0.0
0.0
0.0
0.0
0.0
0.0
0.0
0.0
0.0
0.0
0.0
0.0
0.0
0.0
0.0
0.0
0.0
0.0
0.0
0.0
0.0
0.0
0.0
0.0
0.0
0.0
0.0
0.0
0.0
0.0
0.0
0.0
0.0
0.0
0.0
0.0
0.0
0.0
0.0
0.0
0.0
0.0
0.0
0.0
0.0
0.0
0.0
0.0
0.0
0.0
0.0
0.0
0.0
0.0
0.0
0.0
0.0
0.0
0.0
0.0
0.0
0.0
0.0
0.0
0.0
0.0
0.0
0.0
0.0
0.0
0.0
0.0
0.0
0.0
0.0
0.0
0.0
0.0
0.0
0.0
0.0
0.0
0.0
0.0
0.0
0.0
0.0
0.0
0.0
0.0
0.0
0.0
0.0
0.0
0.0
0.0
0.0
0.0
0.0
0.0
0.0
0.0
0.0
0.0
0.0
0.0
0.0
0.0
0.0
0.0
0.0
0.0
0.0
0.0
0.0
0.0
0.0
0.0
0.0
0.0
0.0
0.0
0.0
0.0
0.0
0.0
0.0
0.0
0.0
0.0
0.0
0.0
0.0
0.0
0.0
0.0
0.0
0.0
0.0
0.0
0.0
0.0
0.0
0.0
0.0
0.0
0.0
0.0
0.0
0.0
0.0
0.0
0.0
0.0
0.0
0.0
0.0
0.0
0.0
0.0
0.0
0.0
0.0
0.0
0.0
0.0
0.0
0.0
0.0
0.0
0.0
0.0
0.0
0.0
0.0
0.0
0.0
0.0
0.0
0.0
0.0
0.0
0.0
0.0
0.0
0.0
0.0
0.0
0.0
0.0
0.0
0.0
0.0
0.0
0.0
0.0
0.0
0.0
0.0
0.0
0.0
0.0
0.0
0.0
0.0
0.0
0.0
0.0
0.0
0.0
0.0
0.0
0.0
0.0
0.0
0.0
0.0
0.0
0.0
0.0
0.0
0.0
0.0
0.0
0.0
0.0
0.0
0.0
0.0
0.0
0.0
0.0
0.0
0.0
0.0
0.0
0.0
0.0
0.0
0.0
0.0
0.0
0.0
0.0
0.0
0.0
0.0
0.0
0.0
0.0
0.0
0.0
0.0
0.0
0.0
0.0
0.0
0.0
0.0
0.0
0.0
0.0
0.0
0.0
0.0
0.0
0.0
0.0
0.0
0.0
0.0
0.0
0.0
0.0
0.0
0.0
0.0
0.0
0.0
0.0
0.0
0.0
0.0
0.0
0.0
0.0
0.0
0.0
0.0
0.0
0.0
0.0
0.0
0.0
0.0
0.0
0.0
0.0
0.0
0.0
0.0
0.0
0.0
0.0
0.0
0.0
0.0
0.0
0.0
0.0
0.0
0.0
0.0
0.0
0.0
0.0
0.0
0.0
0.0
0.0
0.0
0.0
0.0
0.0
0.0
0.0
0.0
0.0
0.0
0.0
0.0
0.0
0.0
0.0
0.0
0.0
0.0
0.0
0.0
0.0
0.0
0.0
0.0
0.0
0.0
0.0
0.0
0.0
0.0
0.0
0.0
0.0
0.0
0.0
0.0
0.0
0.0
0.0
0.0
0.0
0.0
0.0
0.0
0.0
0.0
0.0
0.0
0.0
0.0
0.0
0.0
0.0
0.0
0.0
0.0
0.0
0.0
0.0
0.0
0.0
0.0
0.0
0.0
0.0
0.0
0.0
0.0
0.0
0.0
0.0
0.0
0.0
0.0
0.0
0.0
0.0
0.0
0.0
0.0
0.0
0.0
0.0
0.0
0.0
0.0
0.0
0.0
0.0
0.0
0.0
0.0
0.0
0.0
0.0
0.0
0.0
0.0
0.0
0.0
0.0
0.0
0.0
0.0
0.0
0.0
0.0
0.0
0.0
0.0
0.0
0.0
0.0
0.0
0.0
0.0
0.0
0.0
0.0
0.0
0.0
0.0
0.0
0.0
0.0
0.0
0.0
0.0
0.0
0.0
0.0
0.0
0.0
0.0
0.0
457008.0
0.0
0.0
0.0
0.0
0.0
0.0
0.0
0.0
0.0
0.0
0.0
0.0
0.0
0.0
0.0
0.0
0.0
0.0
0.0
0.0
0.0
0.0
0.0
0.0
0.0
0.0
0.0
0.0
0.0
0.0
0.0
0.0
0.0
0.0
0.0
0.0
0.0
0.0
0.0
0.0
0.0
0.0
0.0
0.0
0.0
0.0
0.0
0.0
0.0
0.0
0.0
0.0
463410.0
463411.0
0.0
0.0
0.0
463493.0
0.0
463574.0
463575.0
0.0
463656.0
463657.0
0.0
0.0
0.0
463738.0
463739.0
0.0
0.0
0.0
0.0
0.0
0.0
0.0
0.0
0.0
0.0
0.0
0.0
0.0
0.0
0.0
0.0
0.0
0.0
0.0
0.0
0.0
0.0
0.0
0.0
0.0
0.0
0.0
0.0
0.0
0.0
0.0
0.0
0.0
0.0
0.0
465536.0
465537.0
465617.0
465618.0
465619.0
465699.0
465700.0
465782.0
0.0
0.0
0.0
0.0
0.0
0.0
0.0
0.0
0.0
0.0
0.0
0.0
0.0
0.0
0.0
0.0
0.0
0.0
0.0
0.0
0.0
0.0
0.0
0.0
0.0
0.0
0.0
0.0
471938.0
0.0
0.0
0.0
0.0
0.0
0.0
472020.0
472021.0
472022.0
0.0
0.0
0.0
0.0
472102.0
472103.0
472104.0
0.0
0.0
0.0
0.0
472184.0
472185.0
472186.0
0.0
0.0
0.0
0.0
472266.0
472267.0
0.0
0.0
0.0
0.0
472348.0
472349.0
0.0
0.0
0.0
472430.0
472431.0
0.0
0.0
0.0
0.0
472513.0
0.0
0.0
0.0
0.0
0.0
0.0
0.0
0.0
0.0
0.0
0.0
0.0
0.0
0.0
0.0
0.0
0.0
0.0
0.0
0.0
0.0
0.0
0.0
0.0
0.0
0.0
0.0
0.0
0.0
0.0
0.0
0.0
0.0
0.0
474229.0
474310.0
474311.0
474312.0
474313.0
474391.0
474392.0
474393.0
474394.0
474473.0
474474.0
474475.0
474556.0
0.0
0.0
0.0
0.0
0.0
0.0
0.0
0.0
0.0
0.0
0.0
0.0
0.0
0.0
0.0
0.0
0.0
0.0
0.0
0.0
0.0
0.0
0.0
0.0
0.0
0.0
0.0
0.0
0.0
0.0
0.0
0.0
0.0
0.0
0.0
0.0
0.0
0.0
0.0
0.0
0.0
0.0
0.0
0.0
0.0
0.0
0.0
0.0
0.0
0.0
0.0
480711.0
480712.0
0.0
0.0
0.0
0.0
0.0
0.0
480793.0
480794.0
480795.0
0.0
0.0
0.0
0.0
0.0
480875.0
480876.0
480877.0
0.0
0.0
0.0
0.0
0.0
480957.0
480958.0
0.0
0.0
0.0
0.0
0.0
481039.0
481040.0
0.0
0.0
0.0
0.0
0.0
481121.0
481122.0
0.0
0.0
0.0
0.0
0.0
0.0
0.0
0.0
0.0
0.0
0.0
0.0
0.0
0.0
0.0
0.0
0.0
0.0
0.0
0.0
0.0
0.0
0.0
0.0
0.0
0.0
0.0
0.0
0.0
0.0
0.0
0.0
0.0
0.0
0.0
0.0
0.0
0.0
0.0
0.0
0.0
0.0
0.0
0.0
0.0
0.0
0.0
483003.0
483004.0
483005.0
483006.0
483084.0
483085.0
483086.0
483087.0
483088.0
483165.0
483166.0
483167.0
483168.0
483169.0
483247.0
483248.0
483249.0
483329.0
483330.0
0.0
0.0
0.0
0.0
0.0
0.0
0.0
0.0
0.0
0.0
0.0
0.0
0.0
0.0
0.0
0.0
0.0
0.0
0.0
0.0
0.0
0.0
0.0
0.0
0.0
0.0
0.0
0.0
0.0
0.0
0.0
0.0
0.0
0.0
0.0
0.0
0.0
0.0
0.0
0.0
0.0
0.0
0.0
0.0
0.0
0.0
0.0
0.0
0.0
0.0
0.0
489321.0
0.0
0.0
0.0
0.0
0.0
0.0
489403.0
489404.0
0.0
0.0
0.0
0.0
0.0
489485.0
489486.0
0.0
0.0
0.0
0.0
0.0
0.0
489567.0
489568.0
0.0
0.0
0.0
0.0
0.0
0.0
489649.0
489650.0
0.0
0.0
0.0
0.0
0.0
489731.0
489732.0
0.0
0.0
0.0
0.0
0.0
489813.0
489814.0
0.0
0.0
0.0
0.0
0.0
0.0
0.0
0.0
0.0
0.0
0.0
0.0
0.0
0.0
0.0
0.0
0.0
0.0
0.0
0.0
0.0
0.0
0.0
0.0
0.0
0.0
0.0
0.0
0.0
0.0
0.0
0.0
0.0
0.0
0.0
0.0
0.0
0.0
0.0
0.0
0.0
0.0
0.0
0.0
0.0
0.0
0.0
0.0
0.0
0.0
0.0
0.0
0.0
0.0
0.0
0.0
0.0
0.0
0.0
0.0
0.0
0.0
491695.0
491696.0
491697.0
491698.0
491776.0
491777.0
491778.0
491779.0
491780.0
491857.0
491858.0
491859.0
491860.0
491861.0
491938.0
491939.0
491940.0
491941.0
491942.0
492022.0
492023.0
0.0
0.0
0.0
0.0
0.0
0.0
0.0
0.0
0.0
0.0
0.0
0.0
0.0
0.0
0.0
0.0
0.0
0.0
0.0
0.0
0.0
0.0
0.0
0.0
0.0
0.0
0.0
0.0
0.0
0.0
0.0
0.0
0.0
0.0
0.0
0.0
497446.0
0.0
0.0
0.0
0.0
0.0
0.0
0.0
497522.0
497523.0
0.0
0.0
497528.0
0.0
0.0
0.0
497604.0
497605.0
497607.0
497608.0
497609.0
497610.0
497689.0
497690.0
497691.0
497692.0
497771.0
497772.0
497773.0
497848.0
497849.0
497930.0
497931.0
0.0
0.0
498012.0
498013.0
498014.0
0.0
0.0
498095.0
498096.0
0.0
0.0
0.0
0.0
498177.0
498178.0
0.0
0.0
0.0
0.0
498259.0
498260.0
0.0
0.0
0.0
0.0
0.0
498341.0
498342.0
0.0
0.0
0.0
498423.0
498424.0
0.0
0.0
0.0
0.0
498505.0
0.0
0.0
0.0
0.0
0.0
0.0
0.0
0.0
0.0
0.0
0.0
0.0
0.0
0.0
0.0
0.0
0.0
0.0
0.0
0.0
0.0
0.0
0.0
0.0
0.0
0.0
0.0
0.0
0.0
0.0
0.0
0.0
0.0
0.0
0.0
0.0
0.0
0.0
0.0
0.0
0.0
0.0
0.0
0.0
0.0
0.0
0.0
0.0
0.0
0.0
0.0
0.0
0.0
0.0
0.0
0.0
0.0
0.0
0.0
0.0
0.0
0.0
0.0
0.0
0.0
0.0
0.0
0.0
0.0
500386.0
500387.0
500388.0
500389.0
500390.0
500469.0
500470.0
500471.0
500472.0
500551.0
500552.0
500553.0
500631.0
500632.0
500633.0
500634.0
500714.0
500715.0
0.0
0.0
0.0
0.0
0.0
0.0
0.0
0.0
0.0
0.0
0.0
0.0
0.0
0.0
0.0
0.0
0.0
0.0
0.0
0.0
0.0
0.0
505642.0
0.0
0.0
0.0
0.0
0.0
0.0
505719.0
505720.0
0.0
0.0
0.0
0.0
0.0
0.0
0.0
0.0
0.0
0.0
0.0
0.0
0.0
0.0
0.0
0.0
0.0
0.0
0.0
0.0
0.0
0.0
0.0
0.0
0.0
0.0
505967.0
505968.0
505971.0
0.0
0.0
0.0
0.0
0.0
0.0
0.0
0.0
0.0
506053.0
0.0
0.0
0.0
0.0
0.0
0.0
0.0
0.0
0.0
0.0
506132.0
506133.0
506134.0
506135.0
0.0
506137.0
506138.0
0.0
0.0
0.0
0.0
0.0
0.0
0.0
506213.0
506214.0
506215.0
506216.0
506217.0
506218.0
506219.0
506220.0
506295.0
506296.0
506297.0
506298.0
506299.0
506300.0
506301.0
506302.0
506378.0
506379.0
506380.0
506381.0
506382.0
506383.0
506384.0
0.0
506463.0
506464.0
506465.0
506466.0
0.0
0.0
0.0
506546.0
506547.0
506622.0
506623.0
0.0
506704.0
506705.0
506706.0
506707.0
506708.0
506787.0
506788.0
506868.0
506869.0
506870.0
506951.0
506952.0
506953.0
507033.0
507034.0
507035.0
0.0
0.0
507115.0
507116.0
507117.0
0.0
0.0
0.0
507196.0
507197.0
507198.0
0.0
0.0
0.0
0.0
0.0
0.0
0.0
0.0
0.0
0.0
0.0
507443.0
0.0
0.0
0.0
507524.0
0.0
0.0
0.0
0.0
0.0
0.0
0.0
0.0
0.0
0.0
0.0
0.0
0.0
0.0
0.0
0.0
0.0
0.0
0.0
507851.0
507852.0
0.0
0.0
0.0
0.0
0.0
507933.0
0.0
0.0
0.0
0.0
0.0
0.0
0.0
0.0
0.0
0.0
0.0
0.0
0.0
0.0
0.0
509161.0
509162.0
509242.0
509243.0
509244.0
509324.0
509325.0
509406.0
0.0
0.0
0.0
0.0
0.0
0.0
0.0
0.0
0.0
0.0
0.0
0.0
0.0
0.0
0.0
0.0
0.0
0.0
0.0
0.0
0.0
514251.0
0.0
0.0
0.0
0.0
0.0
0.0
0.0
514329.0
514330.0
514331.0
514332.0
514333.0
514334.0
0.0
0.0
0.0
0.0
0.0
0.0
0.0
514411.0
514412.0
514413.0
514414.0
0.0
0.0
0.0
0.0
0.0
0.0
0.0
0.0
0.0
0.0
0.0
0.0
514493.0
0.0
0.0
0.0
0.0
0.0
0.0
0.0
0.0
0.0
0.0
0.0
0.0
0.0
514577.0
514578.0
514579.0
0.0
0.0
0.0
0.0
0.0
0.0
0.0
0.0
0.0
0.0
0.0
0.0
514658.0
514659.0
514660.0
514661.0
514662.0
514663.0
0.0
0.0
0.0
0.0
0.0
0.0
0.0
0.0
0.0
514740.0
514742.0
514743.0
514744.0
514745.0
514746.0
0.0
0.0
0.0
0.0
0.0
0.0
514823.0
514824.0
514825.0
514826.0
514827.0
514828.0
0.0
514830.0
514904.0
514905.0
514906.0
514910.0
514911.0
514912.0
514986.0
514987.0
0.0
0.0
514991.0
514992.0
514993.0
0.0
0.0
0.0
515072.0
515073.0
515074.0
515075.0
515076.0
0.0
0.0
0.0
0.0
0.0
0.0
515154.0
515155.0
515156.0
515157.0
0.0
0.0
0.0
0.0
0.0
0.0
0.0
515237.0
515238.0
515239.0
0.0
0.0
0.0
0.0
0.0
0.0
515314.0
0.0
0.0
0.0
515319.0
515320.0
0.0
0.0
0.0
0.0
0.0
515396.0
515397.0
515398.0
515399.0
515400.0
515401.0
515402.0
0.0
0.0
515478.0
515479.0
515480.0
515481.0
515482.0
515483.0
515560.0
515561.0
515642.0
515643.0
515644.0
515645.0
515724.0
515725.0
515726.0
515727.0
515728.0
515807.0
515808.0
515809.0
515810.0
515889.0
515890.0
515891.0
515892.0
515971.0
515972.0
515973.0
515974.0
0.0
0.0
516054.0
516055.0
516056.0
516134.0
516135.0
516136.0
516137.0
516138.0
516216.0
516217.0
516218.0
516219.0
0.0
0.0
516299.0
516300.0
516301.0
0.0
0.0
516381.0
516382.0
516383.0
516625.0
516626.0
0.0
0.0
0.0
0.0
0.0
0.0
0.0
0.0
0.0
0.0
0.0
0.0
0.0
0.0
0.0
0.0
0.0
0.0
0.0
0.0
0.0
0.0
0.0
0.0
0.0
0.0
0.0
0.0
0.0
0.0
0.0
0.0
0.0
0.0
0.0
0.0
0.0
0.0
0.0
0.0
522942.0
0.0
0.0
0.0
0.0
0.0
0.0
0.0
0.0
523021.0
523022.0
523023.0
523024.0
523025.0
523026.0
523027.0
0.0
0.0
0.0
0.0
0.0
0.0
0.0
0.0
523103.0
523104.0
523105.0
523109.0
523110.0
0.0
0.0
0.0
0.0
0.0
0.0
0.0
0.0
0.0
523184.0
523185.0
523186.0
523188.0
523191.0
0.0
0.0
0.0
0.0
0.0
0.0
0.0
0.0
0.0
0.0
0.0
0.0
523267.0
523268.0
523269.0
523270.0
523271.0
0.0
0.0
0.0
0.0
0.0
0.0
0.0
0.0
0.0
523350.0
523351.0
0.0
0.0
523354.0
523355.0
0.0
0.0
0.0
0.0
0.0
0.0
523431.0
523432.0
523433.0
0.0
0.0
523436.0
523437.0
523438.0
0.0
0.0
523514.0
523515.0
0.0
523518.0
523519.0
523520.0
0.0
523595.0
523596.0
523597.0
0.0
0.0
0.0
523677.0
523678.0
523679.0
0.0
0.0
0.0
0.0
0.0
0.0
0.0
0.0
0.0
523760.0
0.0
0.0
0.0
0.0
0.0
0.0
0.0
0.0
0.0
0.0
0.0
0.0
0.0
0.0
0.0
523847.0
523848.0
0.0
0.0
0.0
0.0
0.0
0.0
0.0
0.0
0.0
0.0
523929.0
523930.0
0.0
0.0
0.0
0.0
0.0
0.0
524007.0
0.0
0.0
524011.0
0.0
0.0
0.0
0.0
0.0
524088.0
524089.0
524090.0
524091.0
524092.0
0.0
0.0
0.0
0.0
0.0
524170.0
524171.0
524172.0
524173.0
524174.0
0.0
524252.0
524253.0
524254.0
524255.0
524256.0
524334.0
524335.0
524416.0
524417.0
524418.0
524419.0
524420.0
524498.0
524499.0
524500.0
524501.0
524502.0
524503.0
524581.0
524582.0
524583.0
524584.0
524585.0
524663.0
524664.0
524665.0
524666.0
524667.0
524744.0
524745.0
524746.0
524747.0
524748.0
524749.0
524826.0
524827.0
524828.0
524829.0
524830.0
524831.0
524908.0
524909.0
524910.0
524911.0
524912.0
524913.0
524990.0
524991.0
524992.0
524993.0
524994.0
524995.0
525071.0
525072.0
525073.0
525074.0
525075.0
0.0
0.0
525153.0
525154.0
525155.0
525156.0
525157.0
525158.0
525235.0
525236.0
525237.0
525238.0
525239.0
525317.0
525318.0
525320.0
525321.0
525322.0
525399.0
525400.0
525403.0
525404.0
525485.0
525486.0
525729.0
525731.0
525812.0
525813.0
525894.0
0.0
0.0
0.0
0.0
0.0
0.0
0.0
0.0
0.0
0.0
0.0
0.0
0.0
0.0
0.0
0.0
0.0
0.0
0.0
0.0
0.0
0.0
0.0
0.0
0.0
0.0
0.0
0.0
0.0
0.0
0.0
0.0
0.0
0.0
0.0
0.0
0.0
0.0
0.0
0.0
0.0
0.0
0.0
531634.0
531635.0
0.0
0.0
0.0
0.0
0.0
0.0
0.0
0.0
0.0
531713.0
531714.0
531715.0
531716.0
531717.0
531718.0
531719.0
0.0
0.0
0.0
0.0
0.0
0.0
0.0
0.0
0.0
531795.0
531796.0
0.0
531801.0
0.0
0.0
0.0
0.0
0.0
0.0
0.0
0.0
0.0
0.0
0.0
0.0
0.0
0.0
531877.0
531878.0
0.0
0.0
531883.0
531884.0
0.0
0.0
0.0
0.0
0.0
0.0
0.0
0.0
0.0
0.0
0.0
0.0
531959.0
0.0
0.0
0.0
0.0
0.0
0.0
0.0
0.0
0.0
0.0
0.0
0.0
0.0
0.0
0.0
532041.0
0.0
0.0
0.0
532046.0
0.0
0.0
0.0
0.0
0.0
0.0
0.0
0.0
0.0
532123.0
532124.0
532125.0
0.0
0.0
0.0
0.0
532205.0
532206.0
0.0
0.0
0.0
0.0
532287.0
532288.0
0.0
0.0
0.0
0.0
0.0
0.0
532370.0
532371.0
0.0
0.0
0.0
0.0
0.0
0.0
0.0
0.0
0.0
0.0
0.0
0.0
532452.0
532453.0
0.0
0.0
0.0
0.0
0.0
0.0
0.0
0.0
0.0
0.0
0.0
0.0
0.0
0.0
0.0
0.0
0.0
0.0
0.0
0.0
0.0
0.0
0.0
0.0
0.0
0.0
0.0
0.0
0.0
0.0
0.0
0.0
0.0
0.0
0.0
0.0
0.0
0.0
0.0
532781.0
532782.0
532783.0
532784.0
0.0
0.0
0.0
532863.0
532864.0
532865.0
0.0
0.0
0.0
0.0
0.0
532944.0
532945.0
532946.0
532947.0
533026.0
533027.0
533108.0
533109.0
533190.0
533191.0
533192.0
533193.0
533194.0
533195.0
533275.0
533276.0
533277.0
533353.0
533354.0
533355.0
533357.0
533358.0
533359.0
533436.0
533437.0
533438.0
533439.0
533440.0
533441.0
533517.0
533518.0
533519.0
533520.0
533521.0
533522.0
533523.0
533599.0
533600.0
533601.0
533602.0
533603.0
533604.0
533605.0
533681.0
533682.0
533683.0
533684.0
533685.0
0.0
533687.0
533764.0
533766.0
0.0
0.0
0.0
533846.0
533847.0
533848.0
533849.0
533850.0
0.0
533927.0
533928.0
533929.0
533930.0
533931.0
533932.0
533933.0
534008.0
534009.0
534010.0
534011.0
534012.0
534013.0
534014.0
534015.0
534090.0
534091.0
534093.0
534094.0
534095.0
534096.0
534097.0
534173.0
534174.0
534176.0
534177.0
534178.0
534179.0
534255.0
534256.0
534257.0
534258.0
534259.0
534260.0
534338.0
534339.0
534340.0
534341.0
534342.0
534420.0
534421.0
534422.0
534423.0
534424.0
534503.0
534504.0
534505.0
534586.0
534587.0
0.0
0.0
0.0
0.0
0.0
0.0
0.0
0.0
0.0
0.0
0.0
0.0
0.0
0.0
0.0
0.0
0.0
0.0
0.0
0.0
0.0
0.0
0.0
0.0
0.0
0.0
0.0
0.0
0.0
0.0
0.0
0.0
0.0
0.0
0.0
0.0
0.0
0.0
0.0
0.0
540325.0
540326.0
540327.0
540328.0
0.0
0.0
0.0
0.0
0.0
0.0
0.0
0.0
0.0
0.0
540405.0
0.0
540407.0
540408.0
540409.0
540410.0
540411.0
0.0
0.0
0.0
0.0
0.0
0.0
0.0
0.0
0.0
0.0
540493.0
540494.0
0.0
0.0
0.0
0.0
0.0
0.0
0.0
0.0
0.0
0.0
0.0
0.0
540575.0
540576.0
0.0
0.0
0.0
0.0
0.0
0.0
0.0
0.0
0.0
0.0
0.0
0.0
540651.0
0.0
0.0
0.0
0.0
0.0
0.0
0.0
0.0
0.0
0.0
0.0
0.0
0.0
0.0
0.0
0.0
0.0
0.0
540733.0
540734.0
0.0
0.0
0.0
0.0
0.0
0.0
0.0
0.0
0.0
540815.0
540816.0
0.0
0.0
0.0
0.0
0.0
0.0
540897.0
540898.0
540899.0
0.0
0.0
0.0
0.0
0.0
540980.0
540981.0
540982.0
0.0
0.0
0.0
0.0
0.0
0.0
0.0
541062.0
541063.0
541064.0
541065.0
0.0
0.0
0.0
0.0
0.0
0.0
0.0
0.0
0.0
0.0
0.0
0.0
0.0
541145.0
541146.0
541147.0
0.0
0.0
0.0
0.0
0.0
0.0
0.0
0.0
0.0
0.0
0.0
0.0
0.0
0.0
0.0
0.0
0.0
0.0
0.0
0.0
0.0
0.0
0.0
0.0
0.0
0.0
0.0
0.0
0.0
0.0
0.0
0.0
0.0
0.0
0.0
0.0
0.0
0.0
0.0
0.0
0.0
0.0
0.0
0.0
0.0
0.0
0.0
0.0
0.0
0.0
0.0
0.0
0.0
0.0
0.0
0.0
0.0
0.0
0.0
0.0
0.0
541472.0
541473.0
541474.0
0.0
0.0
0.0
0.0
0.0
0.0
0.0
0.0
541554.0
541555.0
541556.0
541557.0
0.0
0.0
0.0
0.0
0.0
0.0
541636.0
541637.0
541638.0
0.0
0.0
0.0
541718.0
541719.0
0.0
0.0
0.0
541800.0
541801.0
541802.0
541803.0
0.0
541882.0
541883.0
541884.0
541885.0
541963.0
541964.0
541965.0
541966.0
541967.0
541968.0
542045.0
542046.0
542047.0
542048.0
542049.0
542127.0
542128.0
542129.0
542130.0
542131.0
542132.0
542209.0
542210.0
542211.0
542212.0
542213.0
542291.0
542292.0
542293.0
542294.0
542295.0
542296.0
542297.0
542373.0
542374.0
542375.0
542376.0
542377.0
0.0
0.0
542455.0
542456.0
542457.0
542458.0
0.0
0.0
0.0
542538.0
0.0
0.0
0.0
0.0
0.0
542620.0
542621.0
542622.0
542623.0
542624.0
542625.0
542701.0
542702.0
542703.0
542705.0
542706.0
542707.0
542782.0
542783.0
542786.0
542787.0
542788.0
542789.0
542865.0
542868.0
542869.0
542870.0
542871.0
542947.0
542948.0
542949.0
542950.0
542951.0
542952.0
543029.0
543030.0
543031.0
543032.0
543033.0
543034.0
543112.0
543113.0
543114.0
543115.0
543116.0
543195.0
543196.0
543197.0
543277.0
543278.0
543279.0
0.0
0.0
0.0
0.0
0.0
0.0
0.0
0.0
0.0
0.0
0.0
0.0
0.0
0.0
0.0
0.0
0.0
0.0
0.0
0.0
0.0
0.0
0.0
0.0
0.0
0.0
0.0
0.0
0.0
549017.0
549018.0
0.0
549020.0
549021.0
0.0
0.0
0.0
0.0
0.0
0.0
0.0
0.0
0.0
0.0
549099.0
549100.0
0.0
549102.0
549103.0
0.0
0.0
0.0
0.0
0.0
0.0
0.0
0.0
0.0
549183.0
549184.0
549185.0
0.0
0.0
0.0
0.0
0.0
0.0
0.0
0.0
0.0
0.0
549261.0
549262.0
549265.0
549266.0
549267.0
549268.0
0.0
0.0
0.0
0.0
0.0
0.0
0.0
0.0
0.0
0.0
0.0
0.0
0.0
549343.0
549344.0
549347.0
549348.0
549349.0
0.0
0.0
0.0
0.0
0.0
0.0
0.0
0.0
0.0
0.0
0.0
549425.0
549426.0
549429.0
549430.0
0.0
0.0
0.0
0.0
0.0
549507.0
549508.0
0.0
0.0
549590.0
549591.0
0.0
0.0
0.0
0.0
549672.0
549673.0
549674.0
0.0
0.0
0.0
0.0
0.0
0.0
0.0
0.0
549755.0
549756.0
549757.0
549758.0
0.0
0.0
0.0
0.0
0.0
0.0
0.0
0.0
0.0
0.0
0.0
0.0
549837.0
549838.0
549839.0
549840.0
0.0
0.0
0.0
0.0
0.0
0.0
0.0
0.0
0.0
0.0
0.0
549919.0
549920.0
549921.0
549922.0
0.0
0.0
0.0
0.0
0.0
0.0
0.0
0.0
0.0
0.0
0.0
0.0
0.0
0.0
0.0
550001.0
550002.0
0.0
0.0
0.0
0.0
0.0
0.0
0.0
0.0
0.0
0.0
0.0
0.0
0.0
0.0
0.0
0.0
0.0
0.0
550082.0
550083.0
550084.0
0.0
0.0
0.0
0.0
0.0
0.0
0.0
0.0
0.0
0.0
0.0
0.0
0.0
0.0
0.0
0.0
0.0
550164.0
550165.0
0.0
0.0
0.0
0.0
0.0
0.0
0.0
0.0
0.0
0.0
0.0
0.0
550246.0
550247.0
0.0
0.0
0.0
0.0
0.0
0.0
0.0
0.0
0.0
0.0
0.0
550328.0
0.0
0.0
0.0
0.0
0.0
0.0
550410.0
550411.0
550412.0
0.0
0.0
0.0
0.0
550492.0
550493.0
550494.0
550495.0
0.0
0.0
0.0
550574.0
550575.0
550576.0
550577.0
0.0
0.0
0.0
550655.0
550656.0
550657.0
550658.0
0.0
0.0
550737.0
550738.0
550739.0
0.0
0.0
550819.0
550820.0
550901.0
550902.0
550983.0
550984.0
550985.0
551064.0
551065.0
551066.0
551146.0
551147.0
551148.0
551149.0
0.0
551228.0
551229.0
551230.0
551231.0
0.0
0.0
551311.0
551312.0
0.0
551314.0
551315.0
551316.0
551394.0
551396.0
551397.0
551398.0
551476.0
551478.0
551479.0
551480.0
551559.0
551560.0
551561.0
551639.0
551641.0
551642.0
551643.0
551721.0
551722.0
551723.0
551724.0
551725.0
551804.0
551805.0
551806.0
551887.0
0.0
0.0
0.0
0.0
0.0
0.0
0.0
0.0
0.0
0.0
0.0
0.0
0.0
0.0
0.0
0.0
0.0
0.0
0.0
0.0
0.0
0.0
0.0
0.0
0.0
0.0
0.0
0.0
0.0
0.0
0.0
0.0
557791.0
557792.0
557793.0
557794.0
557795.0
0.0
0.0
0.0
0.0
0.0
0.0
0.0
0.0
0.0
0.0
0.0
0.0
557872.0
557873.0
557875.0
557876.0
557877.0
0.0
0.0
0.0
0.0
0.0
0.0
0.0
0.0
0.0
0.0
0.0
0.0
0.0
0.0
0.0
0.0
557953.0
557954.0
557955.0
557956.0
557957.0
557958.0
557959.0
557960.0
0.0
0.0
0.0
0.0
0.0
0.0
0.0
0.0
0.0
0.0
0.0
0.0
0.0
558036.0
558037.0
558038.0
558039.0
558040.0
558041.0
558042.0
0.0
0.0
0.0
0.0
0.0
0.0
0.0
0.0
0.0
558118.0
558119.0
558120.0
558121.0
558122.0
0.0
0.0
0.0
0.0
0.0
0.0
0.0
558200.0
558201.0
558202.0
558203.0
558204.0
0.0
0.0
0.0
0.0
0.0
558282.0
558283.0
0.0
0.0
0.0
0.0
0.0
0.0
0.0
0.0
558364.0
558365.0
558366.0
0.0
0.0
0.0
0.0
0.0
0.0
0.0
0.0
0.0
558447.0
558448.0
0.0
0.0
0.0
0.0
0.0
0.0
0.0
0.0
0.0
0.0
0.0
0.0
0.0
0.0
0.0
558529.0
558530.0
558532.0
0.0
0.0
0.0
0.0
0.0
0.0
0.0
0.0
0.0
0.0
0.0
558611.0
558612.0
558613.0
558614.0
558615.0
558616.0
0.0
0.0
0.0
0.0
0.0
0.0
0.0
0.0
0.0
0.0
558693.0
558694.0
558695.0
558696.0
558697.0
558698.0
0.0
0.0
0.0
0.0
0.0
0.0
0.0
0.0
0.0
0.0
0.0
0.0
558775.0
0.0
0.0
558779.0
558780.0
0.0
0.0
0.0
0.0
0.0
0.0
0.0
0.0
0.0
0.0
558856.0
558857.0
0.0
0.0
0.0
558861.0
0.0
0.0
0.0
0.0
0.0
0.0
0.0
558938.0
558939.0
0.0
0.0
0.0
0.0
0.0
0.0
0.0
0.0
0.0
0.0
0.0
559020.0
559021.0
0.0
0.0
0.0
0.0
0.0
0.0
0.0
0.0
0.0
0.0
559102.0
559103.0
559104.0
0.0
0.0
0.0
0.0
0.0
0.0
0.0
559184.0
559185.0
559186.0
0.0
0.0
0.0
0.0
559265.0
559266.0
559267.0
559268.0
0.0
0.0
0.0
0.0
559347.0
559348.0
559349.0
559350.0
0.0
0.0
0.0
0.0
0.0
559429.0
559430.0
0.0
0.0
0.0
0.0
559511.0
559512.0
0.0
0.0
0.0
0.0
559593.0
559594.0
559595.0
0.0
0.0
0.0
559675.0
559676.0
559677.0
559678.0
0.0
0.0
559756.0
559757.0
559758.0
559759.0
559760.0
559838.0
559839.0
559841.0
559842.0
559921.0
559922.0
0.0
0.0
0.0
0.0
560006.0
0.0
0.0
560087.0
560088.0
0.0
0.0
560169.0
560170.0
0.0
0.0
560252.0
560334.0
560414.0
0.0
0.0
0.0
0.0
0.0
0.0
0.0
0.0
0.0
0.0
0.0
0.0
0.0
0.0
0.0
0.0
0.0
0.0
0.0
0.0
0.0
0.0
0.0
0.0
0.0
0.0
0.0
0.0
0.0
0.0
0.0
0.0
0.0
0.0
0.0
0.0
0.0
566569.0
566570.0
0.0
0.0
0.0
0.0
0.0
0.0
0.0
0.0
0.0
0.0
0.0
0.0
0.0
0.0
0.0
566647.0
566648.0
566649.0
566650.0
0.0
0.0
0.0
0.0
0.0
0.0
0.0
0.0
0.0
0.0
0.0
0.0
0.0
0.0
566729.0
566730.0
566731.0
566732.0
0.0
0.0
0.0
0.0
0.0
0.0
0.0
0.0
0.0
0.0
0.0
0.0
0.0
566810.0
566811.0
566812.0
566814.0
566815.0
0.0
0.0
0.0
0.0
0.0
0.0
0.0
0.0
0.0
0.0
566892.0
566893.0
566894.0
566895.0
566896.0
566897.0
0.0
0.0
0.0
0.0
0.0
0.0
0.0
566974.0
566975.0
566980.0
0.0
0.0
0.0
0.0
0.0
0.0
0.0
0.0
0.0
0.0
567056.0
567057.0
0.0
0.0
0.0
0.0
0.0
0.0
0.0
0.0
0.0
0.0
0.0
0.0
0.0
0.0
0.0
0.0
0.0
0.0
0.0
0.0
0.0
0.0
0.0
0.0
0.0
0.0
0.0
0.0
0.0
0.0
0.0
0.0
0.0
0.0
0.0
0.0
0.0
0.0
0.0
0.0
0.0
0.0
0.0
0.0
0.0
0.0
0.0
0.0
0.0
0.0
0.0
0.0
0.0
0.0
0.0
0.0
0.0
0.0
0.0
567386.0
567387.0
567388.0
567389.0
0.0
0.0
0.0
0.0
0.0
0.0
0.0
0.0
0.0
0.0
0.0
0.0
0.0
0.0
0.0
567470.0
567471.0
567472.0
0.0
0.0
0.0
0.0
0.0
0.0
0.0
0.0
0.0
0.0
0.0
567552.0
567553.0
0.0
0.0
0.0
0.0
0.0
0.0
0.0
0.0
0.0
0.0
0.0
0.0
0.0
0.0
0.0
0.0
0.0
0.0
0.0
0.0
0.0
0.0
0.0
0.0
0.0
0.0
0.0
0.0
0.0
0.0
567793.0
567794.0
567795.0
567796.0
0.0
0.0
0.0
0.0
0.0
0.0
0.0
0.0
0.0
0.0
567875.0
567876.0
567877.0
567878.0
0.0
0.0
0.0
0.0
0.0
0.0
0.0
0.0
567957.0
567958.0
0.0
0.0
0.0
0.0
0.0
568039.0
568040.0
0.0
0.0
0.0
0.0
0.0
0.0
568122.0
0.0
0.0
0.0
0.0
0.0
568203.0
568204.0
0.0
0.0
0.0
0.0
0.0
568285.0
568286.0
568287.0
0.0
0.0
0.0
0.0
568368.0
568369.0
568370.0
0.0
0.0
0.0
568449.0
568450.0
568451.0
568452.0
568531.0
568532.0
568533.0
0.0
0.0
568613.0
568614.0
568615.0
568616.0
0.0
0.0
0.0
0.0
0.0
0.0
0.0
0.0
0.0
0.0
0.0
0.0
0.0
0.0
0.0
0.0
0.0
0.0
0.0
0.0
0.0
0.0
0.0
0.0
0.0
0.0
0.0
0.0
0.0
0.0
0.0
0.0
0.0
0.0
0.0
0.0
0.0
0.0
0.0
0.0
0.0
0.0
0.0
0.0
0.0
0.0
0.0
0.0
0.0
0.0
0.0
0.0
0.0
0.0
0.0
0.0
0.0
0.0
0.0
575427.0
0.0
0.0
0.0
0.0
0.0
0.0
0.0
0.0
0.0
0.0
0.0
0.0
575506.0
575507.0
0.0
575509.0
0.0
0.0
0.0
0.0
0.0
0.0
0.0
0.0
0.0
575585.0
575586.0
575587.0
575588.0
575589.0
575590.0
575591.0
0.0
0.0
0.0
0.0
0.0
0.0
0.0
0.0
575667.0
575668.0
575669.0
575670.0
575673.0
0.0
0.0
0.0
0.0
0.0
0.0
0.0
0.0
575751.0
575755.0
0.0
0.0
0.0
0.0
0.0
0.0
0.0
0.0
0.0
0.0
0.0
0.0
0.0
0.0
0.0
0.0
0.0
0.0
0.0
0.0
0.0
0.0
0.0
0.0
0.0
0.0
0.0
0.0
0.0
0.0
0.0
0.0
0.0
0.0
0.0
0.0
0.0
0.0
0.0
0.0
0.0
0.0
0.0
0.0
0.0
0.0
0.0
0.0
0.0
0.0
0.0
0.0
0.0
0.0
0.0
0.0
0.0
0.0
0.0
0.0
576080.0
576081.0
0.0
0.0
0.0
0.0
0.0
0.0
0.0
0.0
0.0
0.0
0.0
0.0
0.0
0.0
0.0
576162.0
576163.0
0.0
0.0
0.0
0.0
0.0
0.0
576243.0
576244.0
576245.0
0.0
0.0
0.0
0.0
0.0
576323.0
576324.0
0.0
576326.0
0.0
0.0
0.0
0.0
0.0
0.0
0.0
0.0
0.0
0.0
576406.0
0.0
0.0
0.0
0.0
0.0
0.0
0.0
0.0
0.0
0.0
0.0
0.0
576485.0
576486.0
576487.0
0.0
0.0
0.0
0.0
0.0
0.0
0.0
0.0
0.0
0.0
0.0
0.0
576567.0
576568.0
0.0
0.0
0.0
0.0
0.0
0.0
0.0
0.0
576650.0
0.0
0.0
0.0
0.0
0.0
0.0
0.0
0.0
0.0
0.0
0.0
0.0
0.0
576813.0
0.0
0.0
0.0
0.0
0.0
576895.0
0.0
0.0
0.0
0.0
0.0
0.0
576977.0
576978.0
0.0
0.0
0.0
0.0
0.0
577059.0
577060.0
0.0
0.0
577142.0
577223.0
577225.0
0.0
577306.0
577307.0
0.0
0.0
0.0
0.0
0.0
0.0
0.0
0.0
0.0
0.0
0.0
0.0
0.0
0.0
0.0
0.0
0.0
0.0
0.0
0.0
0.0
0.0
0.0
0.0
0.0
0.0
0.0
0.0
0.0
0.0
0.0
0.0
0.0
0.0
0.0
0.0
0.0
0.0
0.0
0.0
584119.0
0.0
0.0
0.0
0.0
0.0
0.0
0.0
0.0
0.0
0.0
584199.0
584200.0
584201.0
584202.0
0.0
0.0
0.0
0.0
0.0
0.0
0.0
0.0
0.0
0.0
0.0
584280.0
584281.0
584282.0
584283.0
584284.0
0.0
0.0
0.0
0.0
0.0
0.0
0.0
0.0
584360.0
584361.0
584362.0
584363.0
584364.0
584365.0
584366.0
0.0
0.0
0.0
0.0
0.0
0.0
0.0
0.0
0.0
0.0
0.0
584443.0
584444.0
584445.0
584447.0
584448.0
584449.0
0.0
0.0
0.0
0.0
0.0
0.0
0.0
0.0
0.0
0.0
0.0
0.0
0.0
584529.0
0.0
0.0
0.0
0.0
0.0
0.0
0.0
0.0
0.0
0.0
0.0
0.0
0.0
0.0
0.0
0.0
0.0
0.0
0.0
0.0
0.0
0.0
0.0
0.0
0.0
0.0
0.0
0.0
0.0
0.0
0.0
0.0
0.0
0.0
0.0
0.0
0.0
0.0
0.0
0.0
0.0
0.0
0.0
0.0
0.0
0.0
0.0
0.0
0.0
0.0
0.0
0.0
0.0
0.0
0.0
0.0
0.0
0.0
0.0
0.0
0.0
584854.0
0.0
0.0
0.0
0.0
0.0
0.0
584934.0
584935.0
584936.0
0.0
0.0
0.0
0.0
0.0
0.0
0.0
0.0
0.0
0.0
585017.0
585018.0
585019.0
0.0
0.0
0.0
0.0
0.0
0.0
0.0
0.0
0.0
0.0
0.0
0.0
0.0
585100.0
0.0
0.0
0.0
0.0
0.0
0.0
0.0
0.0
0.0
585178.0
0.0
0.0
0.0
0.0
0.0
0.0
0.0
0.0
0.0
0.0
0.0
0.0
0.0
0.0
0.0
0.0
0.0
0.0
0.0
0.0
0.0
0.0
0.0
0.0
0.0
0.0
0.0
0.0
0.0
0.0
0.0
0.0
0.0
585423.0
585424.0
0.0
0.0
0.0
0.0
0.0
0.0
0.0
585505.0
585506.0
0.0
0.0
0.0
0.0
585587.0
0.0
0.0
0.0
0.0
0.0
0.0
0.0
0.0
0.0
0.0
0.0
585997.0
0.0
0.0
0.0
0.0
0.0
0.0
0.0
0.0
0.0
0.0
0.0
0.0
0.0
0.0
0.0
0.0
0.0
0.0
0.0
0.0
0.0
0.0
0.0
0.0
0.0
0.0
0.0
0.0
0.0
0.0
0.0
0.0
0.0
0.0
0.0
0.0
0.0
0.0
0.0
0.0
0.0
0.0
0.0
0.0
0.0
0.0
0.0
0.0
0.0
0.0
592973.0
592974.0
592975.0
592976.0
0.0
0.0
0.0
0.0
0.0
0.0
0.0
0.0
0.0
0.0
0.0
0.0
593054.0
593055.0
593056.0
593057.0
593058.0
0.0
0.0
0.0
0.0
0.0
0.0
0.0
0.0
0.0
0.0
593135.0
593136.0
593137.0
0.0
0.0
593140.0
593141.0
0.0
0.0
0.0
0.0
0.0
0.0
0.0
0.0
0.0
0.0
0.0
0.0
0.0
0.0
593222.0
0.0
0.0
0.0
0.0
0.0
0.0
0.0
0.0
0.0
0.0
0.0
0.0
0.0
0.0
0.0
0.0
0.0
0.0
0.0
0.0
0.0
0.0
0.0
0.0
0.0
0.0
0.0
0.0
0.0
0.0
0.0
0.0
0.0
0.0
0.0
0.0
0.0
0.0
0.0
0.0
0.0
0.0
0.0
0.0
0.0
0.0
0.0
0.0
0.0
0.0
0.0
0.0
0.0
0.0
0.0
0.0
0.0
0.0
0.0
0.0
0.0
0.0
0.0
593626.0
593627.0
0.0
0.0
0.0
0.0
0.0
0.0
0.0
0.0
0.0
0.0
0.0
0.0
0.0
0.0
0.0
0.0
0.0
0.0
0.0
0.0
0.0
0.0
0.0
0.0
0.0
0.0
0.0
0.0
0.0
0.0
0.0
0.0
0.0
0.0
593871.0
0.0
0.0
0.0
0.0
0.0
0.0
0.0
0.0
0.0
0.0
0.0
0.0
0.0
0.0
0.0
0.0
0.0
0.0
0.0
0.0
0.0
0.0
0.0
0.0
0.0
0.0
0.0
0.0
0.0
0.0
0.0
0.0
0.0
0.0
594115.0
0.0
0.0
0.0
0.0
0.0
0.0
0.0
0.0
0.0
594197.0
594198.0
0.0
0.0
0.0
0.0
594279.0
0.0
0.0
0.0
0.0
0.0
0.0
0.0
0.0
0.0
0.0
0.0
0.0
0.0
0.0
0.0
0.0
0.0
0.0
0.0
0.0
0.0
0.0
0.0
0.0
0.0
0.0
0.0
0.0
0.0
0.0
0.0
0.0
0.0
0.0
0.0
0.0
0.0
0.0
0.0
0.0
0.0
0.0
0.0
0.0
0.0
0.0
0.0
0.0
0.0
0.0
0.0
0.0
601829.0
0.0
0.0
0.0
601833.0
0.0
0.0
0.0
0.0
0.0
0.0
0.0
0.0
0.0
0.0
0.0
0.0
0.0
0.0
0.0
0.0
0.0
0.0
0.0
0.0
0.0
0.0
0.0
0.0
0.0
0.0
0.0
0.0
0.0
0.0
0.0
0.0
0.0
0.0
0.0
0.0
0.0
0.0
0.0
0.0
0.0
0.0
0.0
0.0
0.0
0.0
0.0
0.0
0.0
0.0
0.0
0.0
0.0
0.0
0.0
0.0
0.0
0.0
0.0
0.0
0.0
0.0
0.0
0.0
0.0
0.0
0.0
0.0
0.0
602318.0
0.0
0.0
0.0
0.0
0.0
0.0
0.0
0.0
0.0
0.0
0.0
0.0
0.0
0.0
0.0
0.0
0.0
0.0
0.0
0.0
0.0
0.0
0.0
0.0
0.0
0.0
0.0
0.0
0.0
0.0
0.0
0.0
0.0
0.0
0.0
0.0
0.0
0.0
0.0
0.0
0.0
0.0
0.0
0.0
0.0
0.0
0.0
0.0
602808.0
0.0
0.0
0.0
0.0
0.0
0.0
0.0
0.0
0.0
0.0
0.0
0.0
0.0
0.0
0.0
0.0
0.0
0.0
0.0
0.0
0.0
0.0
0.0
0.0
0.0
0.0
0.0
0.0
0.0
0.0
0.0
0.0
0.0
0.0
0.0
0.0
0.0
0.0
0.0
0.0
0.0
0.0
0.0
0.0
0.0
0.0
0.0
0.0
0.0
0.0
0.0
0.0
0.0
0.0
0.0
0.0
0.0
0.0
0.0
0.0
0.0
0.0
0.0
0.0
0.0
0.0
0.0
0.0
0.0
0.0
0.0
0.0
0.0
0.0
0.0
0.0
0.0
0.0
0.0
0.0
0.0
0.0
0.0
0.0
0.0
0.0
0.0
0.0
0.0
0.0
0.0
0.0
0.0
0.0
0.0
0.0
0.0
0.0
0.0
0.0
0.0
0.0
0.0
0.0
0.0
0.0
0.0
0.0
0.0
0.0
0.0
0.0
0.0
0.0
0.0
0.0
0.0
0.0
0.0
0.0
0.0
0.0
0.0
0.0
0.0
0.0
0.0
0.0
0.0
0.0
0.0
0.0
0.0
0.0
0.0
0.0
0.0
0.0
0.0
0.0
0.0
0.0
0.0
0.0
0.0
0.0
0.0
0.0
0.0
0.0
0.0
0.0
0.0
0.0
0.0
0.0
0.0
0.0
0.0
0.0
0.0
0.0
0.0
0.0
0.0
0.0
0.0
0.0
0.0
0.0
0.0
0.0
0.0
0.0
0.0
0.0
0.0
0.0
0.0
0.0
0.0
0.0
0.0
0.0
0.0
0.0
0.0
0.0
0.0
0.0
0.0
0.0
0.0
0.0
0.0
0.0
0.0
0.0
0.0
0.0
0.0
0.0
0.0
0.0
0.0
0.0
0.0
0.0
0.0
0.0
0.0
0.0
0.0
0.0
0.0
0.0
0.0
0.0
0.0
0.0
0.0
0.0
0.0
0.0
0.0
0.0
0.0
0.0
0.0
0.0
0.0
0.0
0.0
0.0
0.0
0.0
0.0
0.0
0.0
0.0
0.0
0.0
0.0
0.0
0.0
0.0
0.0
0.0
0.0
0.0
0.0
0.0
0.0
0.0
0.0
0.0
0.0
0.0
0.0
0.0
0.0
0.0
0.0
0.0
0.0
0.0
0.0
0.0
0.0
0.0
0.0
0.0
0.0
0.0
0.0
0.0
0.0
0.0
0.0
0.0
0.0
0.0
0.0
0.0
0.0
0.0
0.0
0.0
0.0
0.0
0.0
0.0
0.0
0.0
0.0
0.0
0.0
0.0
0.0
0.0
0.0
0.0
0.0
0.0
0.0
0.0
0.0
0.0
0.0
0.0
0.0
0.0
0.0
0.0
0.0
0.0
0.0
0.0
0.0
0.0
0.0
0.0
0.0
0.0
0.0
0.0
0.0
0.0
0.0
0.0
0.0
0.0
0.0
0.0
0.0
0.0
0.0
0.0
0.0
0.0
0.0
0.0
0.0
0.0
0.0
0.0
0.0
0.0
0.0
0.0
0.0
0.0
0.0
0.0
0.0
0.0
0.0
0.0
0.0
0.0
0.0
