86942.0
96237.0
96320.0
96321.0
0.0
0.0
0.0
0.0
105453.0
105454.0
105455.0
105456.0
105532.0
105533.0
105536.0
105537.0
105538.0
105539.0
105614.0
105615.0
105616.0
105617.0
0.0
0.0
105699.0
105700.0
0.0
0.0
105782.0
105783.0
105866.0
114665.0
114666.0
114669.0
114670.0
114747.0
114748.0
114749.0
114750.0
114751.0
114752.0
114754.0
0.0
114829.0
114830.0
114831.0
114832.0
114833.0
114834.0
114835.0
114836.0
114837.0
0.0
0.0
0.0
114910.0
114911.0
114912.0
114914.0
114915.0
114916.0
114917.0
114918.0
114919.0
0.0
0.0
0.0
0.0
114993.0
114994.0
114995.0
114996.0
114998.0
115001.0
0.0
0.0
0.0
115078.0
115079.0
0.0
0.0
0.0
0.0
115161.0
115162.0
0.0
0.0
0.0
0.0
115244.0
115245.0
0.0
0.0
0.0
0.0
0.0
115327.0
0.0
0.0
0.0
0.0
0.0
0.0
0.0
0.0
0.0
0.0
0.0
0.0
0.0
0.0
123884.0
123961.0
123962.0
123966.0
123968.0
124043.0
124044.0
124045.0
124046.0
124047.0
124048.0
124049.0
124121.0
124122.0
124123.0
124126.0
124127.0
124128.0
124129.0
124130.0
124131.0
124132.0
124133.0
0.0
0.0
124204.0
124205.0
124207.0
124208.0
124209.0
124210.0
124211.0
124212.0
124213.0
124214.0
124215.0
124216.0
0.0
0.0
0.0
0.0
0.0
124286.0
124287.0
124288.0
124290.0
124291.0
124292.0
124293.0
124294.0
124297.0
124298.0
0.0
0.0
0.0
0.0
0.0
124370.0
0.0
124373.0
124374.0
124375.0
124377.0
124380.0
124381.0
0.0
0.0
0.0
0.0
0.0
0.0
0.0
124457.0
124458.0
124529.0
124530.0
0.0
0.0
0.0
0.0
0.0
0.0
0.0
124540.0
124541.0
124614.0
0.0
0.0
0.0
0.0
0.0
0.0
0.0
124623.0
124624.0
124625.0
124696.0
0.0
0.0
0.0
0.0
0.0
124706.0
124707.0
124708.0
0.0
0.0
0.0
0.0
0.0
124789.0
0.0
0.0
0.0
0.0
0.0
0.0
0.0
0.0
0.0
0.0
0.0
0.0
0.0
0.0
0.0
0.0
0.0
0.0
0.0
125112.0
125113.0
125196.0
133010.0
133011.0
133091.0
133092.0
133093.0
133094.0
133095.0
133172.0
133173.0
133174.0
133175.0
133176.0
133177.0
133178.0
133179.0
133180.0
133256.0
133257.0
133258.0
133259.0
133260.0
133261.0
133262.0
133263.0
133339.0
133340.0
133341.0
133342.0
133344.0
133345.0
133346.0
133347.0
133421.0
133422.0
133423.0
133424.0
133425.0
133426.0
133427.0
133428.0
133429.0
133430.0
133497.0
133498.0
133500.0
133501.0
133502.0
133503.0
133504.0
133505.0
133507.0
133508.0
133509.0
133510.0
133511.0
0.0
0.0
0.0
0.0
133581.0
133582.0
133583.0
133584.0
133585.0
133586.0
133587.0
133588.0
133589.0
133591.0
133592.0
133593.0
133594.0
133595.0
0.0
0.0
0.0
0.0
0.0
0.0
0.0
133666.0
133668.0
133669.0
133670.0
133671.0
133672.0
133673.0
133675.0
133676.0
133677.0
133678.0
133742.0
0.0
0.0
0.0
0.0
0.0
133749.0
133751.0
133752.0
133753.0
133754.0
133755.0
133756.0
133758.0
133759.0
133760.0
133825.0
0.0
0.0
0.0
0.0
0.0
0.0
133832.0
0.0
133835.0
133836.0
133837.0
133838.0
133842.0
133908.0
133909.0
133910.0
0.0
0.0
0.0
0.0
0.0
0.0
133919.0
133920.0
133921.0
133991.0
133992.0
133993.0
0.0
0.0
0.0
0.0
0.0
134002.0
134003.0
134004.0
134005.0
134074.0
134075.0
134076.0
0.0
0.0
0.0
0.0
0.0
0.0
134085.0
134086.0
134087.0
134088.0
134158.0
134159.0
0.0
0.0
0.0
0.0
0.0
134168.0
134169.0
134170.0
134171.0
0.0
0.0
0.0
0.0
0.0
0.0
0.0
0.0
134251.0
134253.0
0.0
0.0
0.0
0.0
0.0
0.0
134406.0
134407.0
0.0
0.0
0.0
134489.0
134490.0
134491.0
134492.0
134493.0
0.0
0.0
134572.0
134573.0
134574.0
134575.0
134576.0
0.0
0.0
0.0
0.0
134657.0
134658.0
134659.0
0.0
0.0
0.0
0.0
0.0
0.0
0.0
0.0
142304.0
142306.0
142307.0
142385.0
142386.0
142387.0
142388.0
142389.0
142390.0
142391.0
142467.0
142468.0
142469.0
142470.0
142471.0
142472.0
142473.0
142474.0
142475.0
142477.0
142478.0
142479.0
142480.0
142549.0
142550.0
142551.0
142552.0
142553.0
142554.0
142555.0
142556.0
142557.0
142558.0
142559.0
142560.0
142561.0
142562.0
142563.0
142633.0
142634.0
142635.0
142636.0
142637.0
142638.0
142639.0
142640.0
142641.0
142642.0
142643.0
142644.0
142645.0
142710.0
142711.0
142718.0
142719.0
142720.0
142721.0
142722.0
142723.0
142724.0
142726.0
142727.0
142792.0
142793.0
142794.0
142796.0
142797.0
142798.0
142800.0
142801.0
142802.0
142803.0
142804.0
142805.0
142806.0
142807.0
142809.0
142875.0
142876.0
142877.0
142878.0
142879.0
142880.0
142881.0
142882.0
142883.0
142887.0
142888.0
142889.0
0.0
0.0
0.0
0.0
142959.0
142960.0
142961.0
142962.0
142964.0
142965.0
142966.0
142967.0
142970.0
142971.0
142972.0
142973.0
143037.0
143038.0
0.0
0.0
0.0
143042.0
143043.0
143044.0
143045.0
143047.0
143048.0
143049.0
143050.0
143051.0
143052.0
143053.0
143054.0
143057.0
143120.0
143121.0
0.0
0.0
0.0
0.0
143128.0
143130.0
143131.0
143132.0
143133.0
143134.0
143135.0
143136.0
143137.0
143138.0
143203.0
143204.0
143205.0
0.0
0.0
0.0
0.0
143213.0
143214.0
143215.0
143216.0
143217.0
143220.0
143221.0
143222.0
143287.0
143288.0
0.0
0.0
0.0
0.0
143298.0
143299.0
143300.0
143370.0
143371.0
143372.0
0.0
0.0
0.0
0.0
0.0
143382.0
143383.0
143453.0
143454.0
143455.0
143456.0
0.0
0.0
0.0
0.0
0.0
143464.0
143465.0
143466.0
143467.0
143535.0
143536.0
143537.0
143538.0
143539.0
0.0
0.0
0.0
0.0
0.0
143547.0
143548.0
143549.0
143550.0
143617.0
143618.0
143619.0
143620.0
143621.0
0.0
0.0
0.0
0.0
0.0
0.0
143632.0
143633.0
143701.0
143702.0
143703.0
0.0
0.0
0.0
0.0
0.0
0.0
0.0
143784.0
143785.0
143786.0
0.0
0.0
143867.0
143868.0
143869.0
0.0
0.0
0.0
143951.0
143952.0
143953.0
143954.0
143955.0
143956.0
0.0
144035.0
144036.0
144037.0
144038.0
144039.0
0.0
0.0
144118.0
144119.0
144120.0
144121.0
0.0
0.0
144201.0
0.0
0.0
0.0
0.0
0.0
0.0
0.0
0.0
0.0
151520.0
151600.0
151601.0
151681.0
151682.0
151683.0
151684.0
151685.0
151686.0
151688.0
151689.0
151760.0
151761.0
151762.0
151763.0
151764.0
151765.0
151766.0
151767.0
151768.0
151769.0
151770.0
151774.0
151775.0
151776.0
151841.0
151842.0
151844.0
151845.0
151846.0
151847.0
151848.0
151853.0
151854.0
151857.0
151858.0
151859.0
151923.0
151924.0
151925.0
151926.0
151927.0
151928.0
151929.0
151932.0
151933.0
151934.0
151935.0
151936.0
151937.0
151938.0
151939.0
151940.0
151941.0
151942.0
152005.0
152006.0
152007.0
152008.0
152009.0
152010.0
152011.0
152012.0
152013.0
152014.0
152015.0
152016.0
152017.0
152018.0
152019.0
152020.0
152021.0
152022.0
152023.0
152024.0
152088.0
152089.0
152090.0
152095.0
152096.0
152097.0
152098.0
152099.0
152100.0
152101.0
152102.0
152103.0
152104.0
152105.0
152106.0
152171.0
152172.0
152173.0
152174.0
152175.0
152176.0
152177.0
152179.0
152180.0
152181.0
152182.0
152184.0
152185.0
152186.0
0.0
0.0
0.0
152254.0
152255.0
152256.0
152257.0
152258.0
152259.0
152260.0
152261.0
152262.0
152266.0
152267.0
152268.0
152269.0
152333.0
152334.0
0.0
0.0
0.0
152339.0
152340.0
152341.0
152343.0
152344.0
152345.0
152349.0
152350.0
152351.0
152416.0
152417.0
0.0
0.0
152421.0
152422.0
152423.0
152424.0
152426.0
152427.0
152428.0
152429.0
152430.0
152431.0
152432.0
152499.0
152500.0
152504.0
152505.0
152506.0
152507.0
152509.0
152510.0
152511.0
152512.0
152513.0
152514.0
152515.0
152516.0
152517.0
152518.0
152519.0
152582.0
152583.0
152584.0
0.0
0.0
0.0
152592.0
152593.0
152594.0
152595.0
152598.0
152599.0
152600.0
152601.0
152666.0
152667.0
0.0
0.0
0.0
152676.0
152677.0
152678.0
152679.0
152683.0
152684.0
152749.0
152750.0
0.0
0.0
0.0
0.0
0.0
152761.0
152762.0
152763.0
152830.0
152831.0
152832.0
152833.0
152834.0
152835.0
0.0
0.0
0.0
0.0
0.0
152844.0
152845.0
152846.0
152913.0
152914.0
152915.0
152916.0
152917.0
152918.0
152919.0
0.0
0.0
0.0
0.0
0.0
152927.0
152928.0
152929.0
152996.0
152997.0
152998.0
152999.0
153000.0
153001.0
153002.0
0.0
0.0
0.0
0.0
0.0
153010.0
153011.0
153012.0
153079.0
153080.0
153081.0
153082.0
153083.0
0.0
0.0
0.0
0.0
0.0
0.0
153093.0
153094.0
153095.0
0.0
153163.0
153164.0
153165.0
153166.0
0.0
0.0
0.0
0.0
153176.0
153177.0
0.0
153246.0
153247.0
153248.0
153249.0
0.0
0.0
0.0
0.0
153329.0
153330.0
153331.0
153332.0
153334.0
153335.0
153336.0
0.0
0.0
0.0
153414.0
153415.0
153416.0
153417.0
153418.0
153419.0
153497.0
153498.0
153499.0
153500.0
153501.0
0.0
0.0
153581.0
153582.0
153583.0
0.0
0.0
0.0
153664.0
0.0
0.0
0.0
0.0
0.0
0.0
0.0
0.0
0.0
0.0
0.0
0.0
0.0
0.0
0.0
0.0
0.0
0.0
0.0
0.0
0.0
160899.0
160978.0
160979.0
160980.0
160981.0
160982.0
160984.0
160985.0
160986.0
160987.0
161055.0
161056.0
161057.0
161058.0
161059.0
161060.0
161061.0
161062.0
161063.0
161064.0
161067.0
161068.0
161069.0
161071.0
161072.0
161074.0
161137.0
161138.0
161139.0
161140.0
161141.0
161142.0
161143.0
161144.0
161146.0
161147.0
161148.0
161149.0
161150.0
161151.0
161152.0
161153.0
161154.0
161155.0
161157.0
161158.0
161219.0
161220.0
161221.0
161222.0
161223.0
161225.0
161226.0
161229.0
161230.0
161231.0
161232.0
161233.0
161236.0
161238.0
161301.0
161302.0
161303.0
161304.0
161305.0
161306.0
161307.0
161312.0
161315.0
161316.0
161317.0
161318.0
161321.0
161384.0
161385.0
161386.0
161387.0
161388.0
161389.0
161390.0
161391.0
161392.0
161395.0
161396.0
161398.0
161399.0
161400.0
161467.0
161468.0
161469.0
161470.0
161471.0
161472.0
161474.0
161475.0
161479.0
161480.0
161481.0
161482.0
161483.0
0.0
0.0
161550.0
161552.0
161553.0
161554.0
161555.0
161556.0
161557.0
161558.0
161559.0
161560.0
161563.0
161564.0
161565.0
161629.0
0.0
0.0
0.0
161633.0
161635.0
161636.0
161637.0
161638.0
161639.0
161640.0
161641.0
161642.0
161643.0
161645.0
161646.0
161647.0
161648.0
161711.0
161712.0
161713.0
0.0
0.0
0.0
161718.0
161719.0
161720.0
161722.0
161723.0
161724.0
161728.0
161729.0
161730.0
161794.0
161795.0
161796.0
0.0
0.0
161800.0
161801.0
161802.0
161803.0
161805.0
161806.0
161807.0
161808.0
161878.0
161879.0
161880.0
161883.0
161884.0
161885.0
161886.0
161888.0
161889.0
161890.0
161891.0
161892.0
161893.0
161894.0
161895.0
161961.0
161962.0
161963.0
161964.0
161966.0
161967.0
161968.0
0.0
0.0
161971.0
161972.0
161973.0
161974.0
161975.0
161976.0
161977.0
161978.0
161979.0
161981.0
162045.0
162046.0
0.0
0.0
0.0
162057.0
162058.0
162062.0
162064.0
162127.0
162128.0
162129.0
0.0
0.0
0.0
0.0
162140.0
162141.0
162142.0
162209.0
162210.0
162211.0
162212.0
162213.0
0.0
0.0
0.0
0.0
0.0
162223.0
162224.0
162225.0
162292.0
162293.0
162294.0
162295.0
162296.0
162297.0
162298.0
0.0
0.0
0.0
0.0
0.0
162306.0
162307.0
162308.0
162375.0
162376.0
162377.0
162378.0
162379.0
162380.0
162381.0
162382.0
0.0
0.0
0.0
0.0
162389.0
162390.0
162391.0
162458.0
162459.0
162461.0
162462.0
162463.0
162464.0
0.0
0.0
0.0
0.0
0.0
162472.0
162473.0
162474.0
0.0
0.0
162544.0
162545.0
162546.0
0.0
0.0
0.0
0.0
0.0
162555.0
0.0
0.0
162626.0
162627.0
162628.0
162629.0
0.0
0.0
0.0
0.0
0.0
0.0
162709.0
162710.0
162711.0
162712.0
162713.0
162714.0
162715.0
0.0
0.0
162792.0
162793.0
162794.0
162795.0
162796.0
162797.0
162798.0
0.0
0.0
0.0
162876.0
162877.0
162878.0
162879.0
162880.0
162881.0
0.0
0.0
162960.0
162961.0
162962.0
162963.0
0.0
0.0
0.0
163043.0
163044.0
163045.0
0.0
163125.0
163126.0
0.0
0.0
163208.0
0.0
0.0
0.0
0.0
0.0
0.0
0.0
0.0
0.0
0.0
0.0
0.0
0.0
0.0
0.0
0.0
0.0
0.0
0.0
0.0
0.0
0.0
0.0
0.0
0.0
0.0
0.0
0.0
0.0
0.0
0.0
0.0
0.0
170271.0
170272.0
170274.0
170275.0
170276.0
170282.0
170283.0
170353.0
170354.0
170355.0
170356.0
170357.0
170358.0
170359.0
170360.0
170361.0
170363.0
170364.0
170365.0
170366.0
170367.0
170368.0
170369.0
170370.0
170433.0
170434.0
170435.0
170436.0
170437.0
170438.0
170439.0
170440.0
170441.0
170442.0
170446.0
170447.0
170448.0
170449.0
170450.0
170452.0
170453.0
170454.0
170515.0
170516.0
170517.0
170518.0
170519.0
170520.0
170521.0
170522.0
170523.0
170525.0
170526.0
170527.0
170528.0
170529.0
170530.0
170531.0
170532.0
170533.0
170534.0
170536.0
170537.0
170597.0
170598.0
170599.0
170600.0
170601.0
170602.0
170604.0
170605.0
170608.0
170609.0
170610.0
170611.0
170612.0
170613.0
170614.0
170615.0
170616.0
170680.0
170681.0
170684.0
170685.0
170686.0
170691.0
170692.0
170693.0
170694.0
170695.0
170696.0
170698.0
170763.0
170764.0
170765.0
170767.0
170768.0
170769.0
170770.0
170771.0
170772.0
170777.0
170778.0
170779.0
170780.0
170846.0
170848.0
170849.0
170850.0
170851.0
170853.0
170855.0
170860.0
170861.0
170862.0
170925.0
0.0
0.0
170928.0
170929.0
170931.0
170932.0
170933.0
170934.0
170935.0
170937.0
170938.0
170942.0
170943.0
170944.0
171008.0
171009.0
0.0
0.0
0.0
171014.0
171015.0
171016.0
171017.0
171018.0
171019.0
171020.0
171021.0
171024.0
171025.0
171026.0
171027.0
171090.0
171091.0
171092.0
0.0
0.0
0.0
171097.0
171098.0
171099.0
171100.0
171101.0
171102.0
171103.0
171108.0
171109.0
171173.0
171174.0
171175.0
0.0
171180.0
171181.0
171182.0
171184.0
171185.0
171257.0
171258.0
171259.0
171260.0
171262.0
171263.0
171264.0
171265.0
171267.0
171268.0
171269.0
171270.0
171271.0
171272.0
171273.0
171274.0
171340.0
171341.0
171342.0
171343.0
171345.0
171346.0
171347.0
171348.0
0.0
171350.0
171352.0
171353.0
171354.0
171355.0
171356.0
171357.0
171358.0
171424.0
171425.0
171426.0
171429.0
0.0
0.0
171436.0
171437.0
171438.0
171440.0
171506.0
171507.0
171508.0
0.0
0.0
0.0
0.0
171518.0
171519.0
171520.0
171521.0
171588.0
171589.0
171590.0
0.0
0.0
0.0
0.0
0.0
171603.0
171604.0
171671.0
171672.0
0.0
0.0
0.0
0.0
0.0
171686.0
171687.0
171755.0
171756.0
171758.0
171759.0
171760.0
0.0
0.0
0.0
0.0
0.0
171769.0
171770.0
171838.0
171839.0
171841.0
171842.0
171843.0
0.0
0.0
0.0
0.0
0.0
171852.0
171853.0
0.0
0.0
0.0
171924.0
171925.0
171926.0
0.0
0.0
0.0
0.0
0.0
0.0
172007.0
172008.0
172009.0
172010.0
0.0
0.0
0.0
0.0
172089.0
172090.0
172091.0
172092.0
172093.0
172094.0
0.0
0.0
0.0
172171.0
172172.0
172173.0
172174.0
172175.0
172176.0
172177.0
0.0
0.0
0.0
172254.0
172255.0
172256.0
172257.0
172258.0
172259.0
172260.0
0.0
0.0
0.0
0.0
172338.0
172340.0
172341.0
172342.0
0.0
0.0
0.0
0.0
172422.0
172423.0
172424.0
0.0
0.0
0.0
172503.0
172504.0
172505.0
172506.0
0.0
0.0
0.0
0.0
172588.0
0.0
0.0
0.0
0.0
0.0
0.0
0.0
0.0
0.0
0.0
0.0
0.0
0.0
0.0
0.0
0.0
0.0
0.0
0.0
0.0
0.0
0.0
0.0
0.0
0.0
0.0
0.0
0.0
0.0
0.0
0.0
0.0
0.0
0.0
0.0
0.0
0.0
0.0
0.0
0.0
0.0
0.0
0.0
179484.0
179485.0
0.0
179565.0
179566.0
179567.0
179568.0
179569.0
179571.0
179579.0
179647.0
179648.0
179649.0
179650.0
179651.0
179652.0
179653.0
179654.0
179655.0
179656.0
179661.0
179662.0
179663.0
179731.0
179732.0
179733.0
179734.0
179735.0
179736.0
179737.0
179738.0
179739.0
179745.0
179746.0
179747.0
179748.0
179749.0
179750.0
179751.0
0.0
179812.0
179813.0
179814.0
179815.0
179816.0
179817.0
179818.0
179819.0
179820.0
179821.0
179822.0
179823.0
179827.0
179828.0
179829.0
179830.0
179831.0
179832.0
179833.0
179834.0
0.0
179894.0
179895.0
179896.0
179897.0
179898.0
179899.0
179900.0
179901.0
179902.0
179903.0
179904.0
179905.0
179906.0
179907.0
179908.0
179909.0
179910.0
179912.0
179913.0
179914.0
179915.0
179916.0
179975.0
179977.0
179978.0
179982.0
179983.0
179984.0
179986.0
179987.0
179988.0
179989.0
179990.0
179991.0
179992.0
179994.0
179995.0
180059.0
180060.0
180061.0
180064.0
180069.0
180070.0
180071.0
180072.0
180073.0
180074.0
180075.0
180077.0
180142.0
180143.0
180147.0
180153.0
180154.0
180155.0
180156.0
180158.0
180159.0
0.0
180225.0
180226.0
180229.0
180230.0
180238.0
180239.0
180240.0
180241.0
180304.0
180305.0
0.0
0.0
0.0
0.0
180310.0
180311.0
180312.0
180313.0
180314.0
180321.0
180322.0
180323.0
180387.0
180388.0
0.0
0.0
0.0
0.0
180394.0
180395.0
180396.0
180397.0
180398.0
180404.0
180405.0
180406.0
180470.0
180471.0
0.0
0.0
0.0
180477.0
180478.0
180479.0
180480.0
180481.0
180487.0
180488.0
180553.0
180554.0
180559.0
180560.0
180561.0
180562.0
180563.0
180636.0
180637.0
180638.0
180639.0
180642.0
180643.0
180644.0
180645.0
180719.0
180720.0
180721.0
180722.0
180725.0
180726.0
180727.0
180731.0
180732.0
180733.0
180734.0
180735.0
180736.0
180803.0
180804.0
180805.0
180808.0
180809.0
180810.0
0.0
180814.0
180815.0
180816.0
180817.0
180818.0
180819.0
180820.0
180885.0
180886.0
180887.0
180888.0
180892.0
0.0
0.0
180897.0
180898.0
180899.0
180900.0
180901.0
180902.0
180968.0
180969.0
180970.0
0.0
180981.0
180982.0
180983.0
180984.0
181051.0
181052.0
181053.0
0.0
0.0
181064.0
181065.0
181066.0
181134.0
181135.0
0.0
0.0
0.0
0.0
181148.0
181149.0
0.0
0.0
0.0
181221.0
181222.0
0.0
0.0
0.0
0.0
0.0
0.0
181304.0
181305.0
0.0
0.0
0.0
0.0
0.0
0.0
181387.0
181388.0
181389.0
0.0
0.0
0.0
181470.0
181471.0
181472.0
181473.0
0.0
0.0
181551.0
181552.0
181553.0
181554.0
181555.0
181556.0
0.0
0.0
0.0
0.0
181634.0
181635.0
181636.0
181637.0
181638.0
0.0
0.0
0.0
0.0
0.0
181717.0
181718.0
181719.0
181720.0
0.0
0.0
0.0
0.0
0.0
181800.0
181801.0
181802.0
181803.0
0.0
0.0
0.0
0.0
0.0
181884.0
181885.0
0.0
0.0
0.0
0.0
0.0
0.0
0.0
0.0
0.0
0.0
0.0
0.0
0.0
0.0
0.0
0.0
0.0
0.0
0.0
0.0
0.0
0.0
0.0
0.0
0.0
0.0
0.0
0.0
0.0
0.0
0.0
0.0
0.0
0.0
0.0
0.0
0.0
0.0
0.0
0.0
0.0
0.0
0.0
0.0
0.0
188781.0
0.0
188859.0
188860.0
188861.0
188862.0
188864.0
188865.0
188866.0
0.0
0.0
0.0
188942.0
188943.0
188944.0
188945.0
188946.0
188947.0
188948.0
188949.0
188950.0
188951.0
0.0
188957.0
188958.0
188959.0
188960.0
188961.0
0.0
189026.0
189027.0
189028.0
189030.0
189031.0
189032.0
189033.0
189034.0
189035.0
0.0
0.0
189041.0
189042.0
189043.0
189044.0
189045.0
189046.0
189047.0
189105.0
189106.0
189109.0
189110.0
189111.0
189112.0
189115.0
189116.0
189117.0
189118.0
0.0
0.0
189124.0
189125.0
189126.0
189127.0
189128.0
189129.0
189130.0
189188.0
189189.0
189190.0
189191.0
189192.0
189193.0
189194.0
189195.0
189196.0
189199.0
189200.0
189201.0
189205.0
189206.0
189207.0
189208.0
189209.0
189210.0
189211.0
189212.0
189213.0
0.0
0.0
189272.0
189273.0
189274.0
189275.0
189276.0
189277.0
189278.0
189279.0
189280.0
189282.0
189283.0
189284.0
189285.0
189286.0
189288.0
189289.0
189291.0
189292.0
189293.0
189295.0
0.0
189354.0
189355.0
189356.0
189357.0
189358.0
189360.0
189361.0
189362.0
189363.0
189365.0
189366.0
189367.0
189368.0
189369.0
189370.0
189371.0
189373.0
189374.0
189375.0
189436.0
189437.0
189438.0
189439.0
189440.0
189441.0
189448.0
189449.0
189450.0
189451.0
189452.0
189453.0
189454.0
189455.0
189456.0
189520.0
189521.0
189522.0
189523.0
0.0
189531.0
189532.0
189533.0
189534.0
189535.0
189536.0
189537.0
189538.0
189539.0
189602.0
189604.0
189605.0
0.0
189609.0
189610.0
189616.0
189617.0
189618.0
189619.0
189620.0
189621.0
189683.0
189684.0
189685.0
0.0
0.0
0.0
0.0
189691.0
189692.0
189693.0
189700.0
189701.0
189702.0
189703.0
189766.0
189767.0
189768.0
0.0
0.0
0.0
189773.0
189774.0
189775.0
189776.0
189783.0
189784.0
189785.0
189849.0
189850.0
0.0
0.0
0.0
189856.0
189857.0
189858.0
189866.0
189867.0
189932.0
189933.0
189939.0
189940.0
189941.0
190015.0
190016.0
190022.0
190023.0
190024.0
190025.0
190098.0
190099.0
0.0
0.0
0.0
190104.0
190105.0
190106.0
190107.0
190108.0
190113.0
190114.0
190115.0
0.0
0.0
0.0
0.0
0.0
190188.0
190189.0
190194.0
190195.0
190196.0
190197.0
190198.0
190199.0
190265.0
190266.0
0.0
190268.0
190277.0
190278.0
190279.0
190280.0
190281.0
190282.0
190348.0
190349.0
190350.0
190351.0
190360.0
190361.0
190362.0
190363.0
190364.0
190365.0
190431.0
190432.0
190433.0
190444.0
190445.0
0.0
0.0
190515.0
190516.0
190527.0
0.0
0.0
0.0
0.0
0.0
0.0
0.0
0.0
0.0
190684.0
0.0
0.0
0.0
0.0
190767.0
0.0
0.0
0.0
0.0
190851.0
0.0
0.0
0.0
0.0
0.0
191014.0
191015.0
0.0
191096.0
191097.0
191098.0
0.0
191180.0
0.0
0.0
0.0
0.0
0.0
0.0
0.0
0.0
0.0
0.0
0.0
0.0
0.0
0.0
0.0
0.0
0.0
0.0
0.0
0.0
0.0
0.0
0.0
0.0
0.0
0.0
0.0
198076.0
0.0
198160.0
198161.0
0.0
0.0
0.0
0.0
198239.0
198240.0
198243.0
198244.0
198245.0
0.0
0.0
0.0
0.0
0.0
0.0
198322.0
198323.0
198324.0
198326.0
198327.0
198328.0
198329.0
0.0
0.0
0.0
0.0
198336.0
198337.0
198338.0
198339.0
198340.0
198341.0
198342.0
0.0
0.0
198402.0
0.0
0.0
0.0
198406.0
198409.0
198410.0
198411.0
198412.0
198413.0
198414.0
0.0
0.0
0.0
0.0
198420.0
198421.0
198422.0
198423.0
198424.0
198425.0
0.0
0.0
198484.0
198485.0
198486.0
198487.0
198488.0
198489.0
198490.0
198491.0
198493.0
198494.0
198495.0
198496.0
198497.0
0.0
0.0
198504.0
198505.0
198506.0
198507.0
198508.0
0.0
0.0
0.0
198568.0
198569.0
198570.0
198571.0
198572.0
198573.0
198574.0
198575.0
198577.0
198578.0
198579.0
198580.0
198585.0
198586.0
198587.0
198588.0
198589.0
198590.0
198591.0
198592.0
0.0
0.0
0.0
198651.0
198652.0
198653.0
198654.0
198655.0
198656.0
198657.0
198658.0
198660.0
198661.0
198662.0
198663.0
198667.0
198668.0
198669.0
198670.0
198671.0
198672.0
0.0
0.0
198733.0
198734.0
198735.0
198736.0
0.0
0.0
198739.0
198740.0
198741.0
198744.0
198745.0
198746.0
198747.0
198748.0
198749.0
198750.0
198751.0
198753.0
198754.0
0.0
0.0
198816.0
198817.0
198818.0
198819.0
0.0
0.0
198827.0
198828.0
198829.0
198830.0
198831.0
198832.0
198833.0
198834.0
198835.0
198836.0
0.0
0.0
198900.0
198901.0
0.0
0.0
198910.0
198911.0
198912.0
198913.0
198914.0
198915.0
198916.0
198917.0
198918.0
198981.0
0.0
0.0
0.0
0.0
0.0
198989.0
198993.0
198994.0
198995.0
198996.0
198997.0
198998.0
198999.0
199000.0
199063.0
199064.0
0.0
0.0
0.0
0.0
199078.0
199079.0
199081.0
199082.0
199145.0
199146.0
199147.0
0.0
0.0
0.0
0.0
199154.0
199162.0
199163.0
199164.0
199228.0
199229.0
0.0
0.0
199237.0
199245.0
199246.0
199311.0
199312.0
199319.0
199320.0
199321.0
199394.0
0.0
199402.0
199403.0
199404.0
0.0
0.0
199485.0
199486.0
199487.0
0.0
0.0
0.0
199563.0
199564.0
199576.0
199577.0
0.0
199645.0
199646.0
199647.0
199657.0
199658.0
199659.0
199660.0
199728.0
199729.0
199730.0
199740.0
199741.0
199742.0
199743.0
199810.0
199811.0
199812.0
199813.0
199824.0
0.0
199893.0
0.0
199895.0
199896.0
0.0
0.0
0.0
0.0
0.0
0.0
0.0
0.0
0.0
0.0
0.0
0.0
0.0
0.0
0.0
0.0
0.0
0.0
0.0
0.0
0.0
0.0
0.0
0.0
0.0
0.0
0.0
0.0
0.0
0.0
0.0
0.0
0.0
0.0
0.0
0.0
0.0
0.0
0.0
0.0
0.0
0.0
0.0
0.0
0.0
0.0
0.0
0.0
0.0
0.0
0.0
0.0
0.0
0.0
0.0
0.0
0.0
0.0
0.0
0.0
0.0
0.0
0.0
0.0
0.0
0.0
0.0
0.0
0.0
0.0
0.0
0.0
0.0
207622.0
207623.0
207624.0
207625.0
0.0
0.0
0.0
0.0
0.0
0.0
0.0
0.0
0.0
207705.0
207706.0
207707.0
207708.0
0.0
0.0
0.0
0.0
0.0
0.0
0.0
207781.0
207782.0
207783.0
207784.0
207785.0
207788.0
207789.0
207790.0
207791.0
207792.0
0.0
0.0
0.0
0.0
207802.0
207803.0
207804.0
0.0
0.0
0.0
207864.0
207865.0
207866.0
207867.0
207868.0
207869.0
207871.0
207872.0
207873.0
207874.0
207875.0
207876.0
0.0
0.0
0.0
207883.0
207884.0
207885.0
207886.0
0.0
0.0
207947.0
207948.0
207949.0
207950.0
207952.0
207953.0
207954.0
207955.0
207956.0
207957.0
207958.0
207959.0
0.0
0.0
207965.0
207966.0
207967.0
207968.0
0.0
0.0
208031.0
208032.0
208033.0
0.0
0.0
208036.0
208037.0
208038.0
208039.0
208040.0
208041.0
208042.0
208047.0
208048.0
208049.0
208050.0
208051.0
0.0
208115.0
208116.0
0.0
0.0
208119.0
208120.0
208122.0
208123.0
208124.0
208125.0
208130.0
208131.0
208132.0
208133.0
0.0
0.0
208197.0
0.0
0.0
0.0
208205.0
208206.0
208207.0
208208.0
208209.0
208210.0
208212.0
208213.0
208214.0
208215.0
0.0
0.0
0.0
208280.0
0.0
0.0
208289.0
208290.0
208291.0
208292.0
208293.0
208294.0
208295.0
208296.0
208297.0
0.0
0.0
0.0
0.0
0.0
0.0
208372.0
208373.0
208374.0
208375.0
208376.0
208377.0
208378.0
208379.0
208442.0
0.0
0.0
0.0
0.0
0.0
0.0
208456.0
208457.0
208458.0
208459.0
208460.0
208461.0
208525.0
208526.0
0.0
0.0
0.0
0.0
208541.0
208542.0
208543.0
0.0
0.0
0.0
0.0
0.0
0.0
0.0
0.0
0.0
0.0
208941.0
209023.0
209024.0
209025.0
209107.0
209108.0
209109.0
209189.0
209190.0
209191.0
209192.0
0.0
0.0
209273.0
209274.0
209275.0
0.0
0.0
0.0
209357.0
0.0
0.0
0.0
0.0
0.0
0.0
0.0
0.0
0.0
0.0
0.0
0.0
0.0
0.0
0.0
0.0
0.0
0.0
0.0
0.0
0.0
0.0
0.0
0.0
0.0
0.0
0.0
0.0
0.0
0.0
0.0
0.0
0.0
0.0
0.0
0.0
0.0
0.0
0.0
0.0
0.0
0.0
0.0
0.0
0.0
0.0
0.0
0.0
0.0
0.0
0.0
0.0
0.0
0.0
0.0
0.0
0.0
0.0
0.0
0.0
0.0
0.0
0.0
0.0
0.0
0.0
0.0
0.0
0.0
0.0
0.0
0.0
0.0
0.0
0.0
0.0
0.0
0.0
0.0
0.0
0.0
217002.0
217003.0
217004.0
0.0
0.0
0.0
0.0
0.0
0.0
0.0
0.0
0.0
217084.0
217085.0
217086.0
217087.0
0.0
0.0
0.0
0.0
0.0
0.0
0.0
0.0
217159.0
217160.0
217161.0
217162.0
217163.0
217168.0
217169.0
217170.0
0.0
0.0
0.0
0.0
0.0
0.0
0.0
217242.0
217243.0
217244.0
217245.0
217246.0
217247.0
217248.0
217250.0
217251.0
217253.0
217254.0
0.0
0.0
0.0
0.0
0.0
0.0
0.0
0.0
217327.0
217328.0
217329.0
217331.0
217332.0
217333.0
217334.0
217335.0
217336.0
217337.0
217338.0
0.0
0.0
0.0
0.0
0.0
217411.0
217412.0
217413.0
217414.0
217415.0
217417.0
217418.0
217419.0
217420.0
217428.0
217429.0
0.0
0.0
217494.0
217495.0
217496.0
217497.0
217498.0
217501.0
217502.0
217503.0
217510.0
0.0
0.0
217578.0
217584.0
217585.0
217586.0
217592.0
217593.0
0.0
0.0
0.0
0.0
0.0
217668.0
217669.0
217670.0
217671.0
217672.0
217674.0
217675.0
0.0
0.0
0.0
0.0
0.0
217751.0
217752.0
217753.0
217754.0
217755.0
217756.0
217757.0
217758.0
0.0
0.0
0.0
0.0
217836.0
217837.0
217838.0
217839.0
217840.0
217920.0
217921.0
217922.0
0.0
218073.0
0.0
0.0
218155.0
218156.0
0.0
0.0
218237.0
218238.0
218239.0
218240.0
218319.0
218320.0
218321.0
218402.0
218403.0
218404.0
218486.0
218487.0
218488.0
218569.0
218570.0
218571.0
218653.0
218654.0
0.0
0.0
0.0
0.0
0.0
0.0
0.0
0.0
0.0
0.0
0.0
0.0
0.0
0.0
0.0
0.0
0.0
0.0
0.0
0.0
0.0
0.0
0.0
0.0
0.0
0.0
0.0
0.0
0.0
0.0
0.0
0.0
0.0
0.0
0.0
0.0
0.0
0.0
0.0
0.0
0.0
0.0
0.0
0.0
0.0
0.0
0.0
0.0
0.0
0.0
0.0
0.0
0.0
0.0
0.0
0.0
0.0
0.0
0.0
0.0
0.0
0.0
0.0
0.0
0.0
0.0
0.0
0.0
0.0
0.0
0.0
0.0
0.0
0.0
0.0
0.0
0.0
0.0
0.0
0.0
0.0
0.0
0.0
0.0
0.0
0.0
0.0
0.0
0.0
0.0
0.0
0.0
0.0
0.0
0.0
0.0
0.0
0.0
0.0
0.0
0.0
0.0
0.0
0.0
0.0
0.0
0.0
0.0
0.0
0.0
0.0
0.0
0.0
0.0
0.0
226463.0
226464.0
226465.0
226466.0
0.0
0.0
0.0
0.0
0.0
0.0
0.0
226539.0
226540.0
226541.0
226542.0
226546.0
226547.0
226548.0
0.0
0.0
0.0
0.0
0.0
0.0
0.0
0.0
226623.0
226624.0
226625.0
226626.0
226630.0
226631.0
0.0
0.0
0.0
0.0
0.0
0.0
226707.0
226708.0
226709.0
226710.0
226712.0
226713.0
226714.0
226715.0
0.0
0.0
0.0
226791.0
226792.0
226793.0
226795.0
226796.0
226797.0
226798.0
0.0
226879.0
226880.0
226881.0
0.0
0.0
226963.0
226964.0
0.0
0.0
227534.0
227535.0
227616.0
227617.0
227618.0
0.0
227698.0
227699.0
227700.0
227701.0
227702.0
0.0
227782.0
227783.0
227784.0
227786.0
227865.0
227866.0
227867.0
227948.0
227949.0
227950.0
0.0
0.0
0.0
0.0
0.0
0.0
0.0
0.0
0.0
0.0
0.0
0.0
0.0
0.0
0.0
0.0
0.0
0.0
0.0
0.0
0.0
0.0
0.0
0.0
0.0
0.0
0.0
0.0
0.0
0.0
0.0
0.0
0.0
0.0
0.0
0.0
0.0
0.0
0.0
0.0
0.0
0.0
0.0
0.0
0.0
0.0
0.0
0.0
0.0
0.0
0.0
0.0
0.0
0.0
0.0
0.0
0.0
0.0
0.0
0.0
0.0
0.0
0.0
0.0
0.0
0.0
0.0
0.0
0.0
0.0
0.0
0.0
0.0
0.0
0.0
0.0
0.0
0.0
0.0
0.0
0.0
0.0
0.0
0.0
0.0
0.0
0.0
0.0
0.0
0.0
0.0
0.0
0.0
0.0
0.0
0.0
0.0
0.0
0.0
0.0
0.0
0.0
0.0
0.0
0.0
0.0
0.0
0.0
0.0
0.0
235843.0
235844.0
235845.0
0.0
0.0
0.0
0.0
0.0
0.0
0.0
0.0
0.0
0.0
235925.0
235926.0
235927.0
0.0
0.0
0.0
0.0
0.0
0.0
0.0
0.0
0.0
0.0
236009.0
236010.0
0.0
0.0
0.0
0.0
0.0
0.0
0.0
0.0
0.0
0.0
236092.0
236093.0
0.0
0.0
0.0
0.0
0.0
236175.0
0.0
0.0
0.0
0.0
0.0
0.0
0.0
0.0
0.0
0.0
0.0
0.0
0.0
0.0
0.0
0.0
0.0
0.0
236995.0
236996.0
236997.0
237078.0
237079.0
237080.0
237081.0
237082.0
237161.0
237162.0
237163.0
237164.0
237165.0
0.0
0.0
237245.0
237246.0
237248.0
0.0
0.0
0.0
0.0
0.0
0.0
0.0
0.0
0.0
0.0
0.0
0.0
0.0
0.0
0.0
0.0
0.0
0.0
0.0
0.0
0.0
0.0
0.0
0.0
0.0
0.0
0.0
0.0
0.0
0.0
0.0
0.0
0.0
0.0
0.0
0.0
0.0
0.0
0.0
0.0
0.0
0.0
0.0
0.0
0.0
0.0
0.0
0.0
0.0
0.0
0.0
0.0
0.0
0.0
0.0
0.0
0.0
0.0
0.0
0.0
0.0
0.0
0.0
0.0
0.0
0.0
0.0
0.0
0.0
0.0
0.0
0.0
0.0
0.0
0.0
0.0
0.0
0.0
0.0
0.0
0.0
0.0
0.0
0.0
0.0
0.0
0.0
0.0
0.0
0.0
0.0
0.0
0.0
0.0
0.0
0.0
0.0
0.0
0.0
0.0
0.0
0.0
0.0
0.0
245139.0
0.0
0.0
0.0
0.0
0.0
0.0
0.0
0.0
0.0
0.0
0.0
245222.0
245223.0
0.0
0.0
0.0
0.0
0.0
0.0
0.0
0.0
0.0
0.0
245305.0
245306.0
0.0
0.0
0.0
0.0
0.0
0.0
0.0
0.0
0.0
0.0
245388.0
0.0
0.0
0.0
0.0
0.0
0.0
0.0
0.0
0.0
0.0
0.0
0.0
0.0
0.0
0.0
0.0
0.0
0.0
0.0
0.0
0.0
0.0
0.0
0.0
0.0
0.0
0.0
0.0
0.0
0.0
0.0
0.0
0.0
0.0
0.0
0.0
0.0
0.0
0.0
0.0
0.0
0.0
0.0
0.0
0.0
0.0
0.0
0.0
0.0
0.0
0.0
0.0
0.0
0.0
0.0
0.0
0.0
0.0
0.0
0.0
0.0
0.0
0.0
0.0
0.0
0.0
0.0
0.0
0.0
246457.0
246458.0
246459.0
246460.0
246541.0
246542.0
246543.0
246544.0
0.0
0.0
246624.0
246625.0
246626.0
246627.0
0.0
0.0
0.0
0.0
0.0
0.0
0.0
0.0
0.0
0.0
0.0
0.0
0.0
0.0
0.0
0.0
0.0
0.0
0.0
0.0
0.0
0.0
0.0
0.0
0.0
0.0
0.0
0.0
0.0
0.0
0.0
0.0
0.0
0.0
0.0
0.0
0.0
0.0
0.0
0.0
0.0
0.0
0.0
0.0
0.0
0.0
0.0
0.0
0.0
0.0
0.0
0.0
0.0
0.0
0.0
0.0
0.0
0.0
0.0
0.0
0.0
0.0
0.0
0.0
0.0
0.0
0.0
0.0
0.0
0.0
0.0
0.0
0.0
0.0
0.0
0.0
0.0
0.0
0.0
0.0
0.0
0.0
0.0
0.0
0.0
0.0
0.0
0.0
0.0
0.0
0.0
0.0
0.0
0.0
0.0
0.0
0.0
0.0
0.0
0.0
0.0
0.0
0.0
0.0
0.0
0.0
0.0
0.0
0.0
0.0
0.0
0.0
0.0
0.0
0.0
0.0
0.0
0.0
0.0
0.0
0.0
0.0
0.0
0.0
0.0
0.0
0.0
0.0
0.0
0.0
0.0
0.0
0.0
0.0
0.0
0.0
0.0
0.0
0.0
0.0
0.0
0.0
0.0
0.0
0.0
0.0
0.0
0.0
0.0
0.0
0.0
0.0
0.0
0.0
0.0
0.0
0.0
0.0
0.0
0.0
0.0
0.0
0.0
0.0
0.0
0.0
0.0
0.0
0.0
0.0
0.0
0.0
0.0
0.0
0.0
0.0
0.0
0.0
0.0
0.0
0.0
0.0
0.0
0.0
0.0
255920.0
255921.0
0.0
0.0
0.0
256003.0
256004.0
0.0
0.0
0.0
0.0
0.0
0.0
0.0
0.0
0.0
0.0
0.0
0.0
0.0
0.0
0.0
0.0
0.0
0.0
0.0
0.0
0.0
0.0
0.0
0.0
0.0
0.0
0.0
0.0
0.0
0.0
0.0
0.0
0.0
0.0
0.0
0.0
0.0
0.0
0.0
0.0
0.0
0.0
0.0
0.0
0.0
0.0
0.0
0.0
0.0
0.0
0.0
0.0
0.0
0.0
0.0
0.0
0.0
0.0
0.0
0.0
0.0
0.0
0.0
0.0
0.0
0.0
0.0
0.0
0.0
0.0
0.0
0.0
0.0
0.0
0.0
0.0
0.0
0.0
0.0
0.0
0.0
0.0
0.0
0.0
0.0
0.0
0.0
0.0
0.0
0.0
0.0
0.0
0.0
0.0
0.0
0.0
0.0
0.0
0.0
0.0
0.0
0.0
0.0
0.0
0.0
0.0
0.0
0.0
0.0
0.0
0.0
0.0
0.0
0.0
0.0
0.0
0.0
0.0
0.0
0.0
0.0
0.0
0.0
0.0
0.0
0.0
0.0
0.0
0.0
0.0
0.0
0.0
0.0
0.0
0.0
0.0
0.0
0.0
0.0
0.0
0.0
0.0
0.0
0.0
0.0
0.0
0.0
0.0
0.0
0.0
0.0
0.0
0.0
0.0
0.0
0.0
0.0
0.0
0.0
0.0
0.0
0.0
0.0
0.0
0.0
0.0
0.0
0.0
0.0
0.0
0.0
0.0
0.0
0.0
0.0
0.0
0.0
0.0
0.0
0.0
0.0
0.0
0.0
0.0
0.0
0.0
0.0
0.0
0.0
0.0
0.0
0.0
0.0
0.0
0.0
0.0
0.0
0.0
0.0
0.0
0.0
0.0
0.0
0.0
0.0
0.0
0.0
0.0
0.0
0.0
0.0
0.0
0.0
0.0
0.0
0.0
0.0
0.0
0.0
0.0
0.0
0.0
0.0
0.0
0.0
0.0
0.0
0.0
0.0
0.0
0.0
0.0
0.0
0.0
0.0
0.0
0.0
0.0
0.0
0.0
0.0
0.0
0.0
0.0
0.0
0.0
0.0
0.0
0.0
0.0
0.0
0.0
0.0
0.0
0.0
0.0
0.0
0.0
0.0
0.0
0.0
0.0
0.0
0.0
0.0
0.0
0.0
0.0
0.0
0.0
0.0
0.0
0.0
0.0
0.0
0.0
0.0
0.0
0.0
0.0
0.0
0.0
0.0
0.0
0.0
0.0
0.0
0.0
0.0
0.0
0.0
0.0
0.0
0.0
0.0
0.0
0.0
0.0
0.0
0.0
0.0
0.0
0.0
0.0
0.0
0.0
0.0
0.0
0.0
0.0
0.0
0.0
0.0
0.0
0.0
0.0
0.0
0.0
0.0
0.0
0.0
0.0
0.0
0.0
0.0
0.0
0.0
0.0
0.0
0.0
0.0
0.0
0.0
0.0
0.0
0.0
0.0
0.0
0.0
0.0
0.0
0.0
0.0
0.0
0.0
0.0
0.0
0.0
0.0
0.0
0.0
0.0
0.0
0.0
0.0
0.0
0.0
0.0
0.0
0.0
0.0
0.0
0.0
0.0
0.0
0.0
0.0
0.0
0.0
0.0
0.0
0.0
0.0
0.0
0.0
0.0
0.0
0.0
0.0
0.0
0.0
0.0
0.0
0.0
0.0
0.0
0.0
0.0
0.0
0.0
0.0
0.0
0.0
0.0
0.0
0.0
0.0
0.0
0.0
0.0
0.0
0.0
0.0
0.0
0.0
0.0
0.0
0.0
0.0
0.0
0.0
0.0
0.0
0.0
0.0
0.0
0.0
0.0
0.0
0.0
0.0
0.0
0.0
0.0
0.0
0.0
0.0
0.0
0.0
0.0
0.0
0.0
0.0
0.0
0.0
0.0
0.0
0.0
0.0
0.0
0.0
0.0
0.0
0.0
0.0
0.0
0.0
0.0
0.0
0.0
0.0
0.0
0.0
0.0
0.0
0.0
0.0
0.0
0.0
0.0
0.0
0.0
0.0
0.0
0.0
0.0
0.0
0.0
0.0
0.0
0.0
0.0
0.0
0.0
0.0
0.0
0.0
0.0
0.0
0.0
0.0
0.0
0.0
0.0
0.0
0.0
0.0
0.0
0.0
0.0
0.0
0.0
0.0
0.0
0.0
0.0
0.0
0.0
0.0
0.0
0.0
0.0
0.0
0.0
0.0
0.0
0.0
0.0
0.0
0.0
0.0
0.0
0.0
0.0
0.0
0.0
0.0
0.0
0.0
0.0
0.0
0.0
0.0
0.0
0.0
0.0
0.0
0.0
0.0
0.0
0.0
0.0
0.0
0.0
0.0
0.0
0.0
0.0
0.0
0.0
0.0
0.0
0.0
0.0
0.0
0.0
0.0
0.0
0.0
0.0
0.0
0.0
0.0
0.0
0.0
0.0
0.0
0.0
0.0
0.0
0.0
0.0
0.0
0.0
0.0
0.0
0.0
0.0
0.0
0.0
0.0
0.0
0.0
0.0
0.0
0.0
0.0
0.0
0.0
0.0
0.0
0.0
0.0
0.0
0.0
0.0
0.0
0.0
0.0
0.0
0.0
0.0
0.0
0.0
0.0
0.0
0.0
0.0
0.0
0.0
0.0
0.0
0.0
0.0
0.0
0.0
0.0
0.0
0.0
0.0
0.0
0.0
0.0
0.0
0.0
0.0
0.0
0.0
0.0
0.0
0.0
0.0
0.0
0.0
0.0
0.0
0.0
0.0
0.0
0.0
0.0
0.0
0.0
0.0
0.0
0.0
0.0
0.0
0.0
0.0
0.0
0.0
0.0
0.0
0.0
0.0
0.0
0.0
0.0
0.0
0.0
0.0
0.0
0.0
0.0
0.0
0.0
0.0
0.0
0.0
0.0
0.0
0.0
0.0
0.0
0.0
0.0
0.0
0.0
0.0
0.0
0.0
0.0
0.0
0.0
0.0
0.0
0.0
0.0
0.0
0.0
0.0
0.0
0.0
0.0
0.0
0.0
0.0
0.0
0.0
0.0
0.0
0.0
0.0
0.0
0.0
0.0
0.0
0.0
0.0
0.0
0.0
0.0
0.0
0.0
0.0
0.0
0.0
0.0
0.0
0.0
0.0
0.0
0.0
0.0
0.0
0.0
0.0
0.0
0.0
0.0
0.0
0.0
0.0
0.0
0.0
0.0
0.0
0.0
0.0
0.0
0.0
0.0
0.0
0.0
0.0
0.0
0.0
0.0
0.0
0.0
0.0
0.0
0.0
0.0
0.0
0.0
0.0
0.0
0.0
0.0
0.0
0.0
0.0
0.0
0.0
0.0
0.0
0.0
0.0
0.0
0.0
0.0
0.0
0.0
0.0
0.0
0.0
0.0
0.0
0.0
0.0
0.0
0.0
0.0
0.0
0.0
0.0
0.0
0.0
0.0
0.0
0.0
0.0
0.0
0.0
0.0
0.0
0.0
0.0
0.0
0.0
0.0
0.0
0.0
0.0
0.0
0.0
0.0
0.0
0.0
0.0
0.0
0.0
0.0
0.0
0.0
0.0
0.0
0.0
0.0
0.0
0.0
0.0
0.0
0.0
0.0
0.0
0.0
0.0
0.0
0.0
0.0
0.0
0.0
0.0
0.0
0.0
0.0
0.0
0.0
0.0
0.0
0.0
0.0
0.0
0.0
0.0
0.0
0.0
0.0
0.0
0.0
0.0
0.0
0.0
0.0
0.0
0.0
0.0
0.0
0.0
0.0
0.0
0.0
0.0
0.0
0.0
0.0
0.0
0.0
0.0
0.0
0.0
0.0
0.0
0.0
0.0
0.0
0.0
0.0
0.0
0.0
0.0
0.0
0.0
0.0
0.0
0.0
0.0
0.0
0.0
0.0
0.0
0.0
0.0
0.0
0.0
0.0
0.0
0.0
0.0
0.0
0.0
0.0
0.0
0.0
0.0
0.0
0.0
0.0
0.0
0.0
0.0
0.0
0.0
0.0
0.0
0.0
0.0
0.0
0.0
0.0
0.0
0.0
0.0
0.0
0.0
0.0
0.0
0.0
0.0
0.0
0.0
0.0
0.0
0.0
0.0
0.0
0.0
0.0
0.0
0.0
0.0
0.0
0.0
0.0
0.0
0.0
0.0
0.0
0.0
0.0
0.0
0.0
0.0
0.0
0.0
0.0
0.0
0.0
0.0
0.0
0.0
0.0
0.0
0.0
0.0
0.0
0.0
0.0
0.0
0.0
0.0
0.0
0.0
0.0
0.0
0.0
0.0
0.0
0.0
0.0
0.0
0.0
0.0
0.0
0.0
0.0
0.0
0.0
0.0
0.0
0.0
0.0
0.0
0.0
0.0
0.0
0.0
0.0
0.0
0.0
0.0
0.0
0.0
0.0
0.0
0.0
0.0
0.0
0.0
0.0
0.0
0.0
0.0
0.0
0.0
0.0
0.0
0.0
0.0
0.0
0.0
0.0
0.0
0.0
0.0
0.0
0.0
0.0
0.0
0.0
0.0
0.0
0.0
0.0
0.0
0.0
0.0
0.0
0.0
0.0
0.0
0.0
0.0
0.0
0.0
0.0
0.0
0.0
0.0
0.0
0.0
0.0
0.0
0.0
0.0
0.0
0.0
0.0
0.0
0.0
0.0
0.0
0.0
0.0
0.0
0.0
0.0
0.0
0.0
0.0
0.0
0.0
0.0
0.0
0.0
0.0
0.0
0.0
0.0
0.0
0.0
0.0
0.0
0.0
0.0
0.0
0.0
0.0
0.0
0.0
0.0
0.0
0.0
0.0
0.0
0.0
0.0
0.0
0.0
0.0
0.0
0.0
0.0
0.0
0.0
0.0
0.0
0.0
0.0
0.0
0.0
0.0
0.0
0.0
0.0
0.0
0.0
0.0
0.0
0.0
0.0
0.0
0.0
0.0
0.0
0.0
0.0
0.0
0.0
0.0
0.0
0.0
0.0
0.0
0.0
0.0
0.0
0.0
0.0
0.0
0.0
0.0
0.0
0.0
0.0
0.0
0.0
0.0
0.0
0.0
0.0
0.0
0.0
0.0
0.0
0.0
0.0
0.0
0.0
0.0
0.0
0.0
0.0
0.0
0.0
0.0
0.0
0.0
0.0
0.0
0.0
0.0
0.0
0.0
0.0
0.0
0.0
0.0
0.0
0.0
0.0
0.0
0.0
0.0
0.0
0.0
0.0
0.0
0.0
0.0
0.0
0.0
0.0
0.0
0.0
0.0
0.0
0.0
0.0
0.0
0.0
0.0
0.0
0.0
0.0
0.0
0.0
0.0
0.0
0.0
0.0
0.0
0.0
0.0
0.0
0.0
0.0
0.0
0.0
0.0
0.0
0.0
0.0
0.0
0.0
0.0
0.0
0.0
0.0
0.0
0.0
0.0
0.0
0.0
0.0
0.0
0.0
0.0
0.0
0.0
0.0
0.0
0.0
0.0
0.0
0.0
0.0
0.0
0.0
0.0
0.0
0.0
0.0
0.0
0.0
0.0
0.0
0.0
0.0
0.0
0.0
0.0
0.0
0.0
0.0
0.0
0.0
0.0
0.0
0.0
0.0
0.0
0.0
0.0
0.0
0.0
0.0
0.0
0.0
0.0
0.0
0.0
0.0
0.0
0.0
0.0
0.0
0.0
0.0
0.0
0.0
0.0
0.0
0.0
0.0
0.0
0.0
0.0
0.0
0.0
0.0
0.0
0.0
0.0
0.0
0.0
0.0
0.0
0.0
0.0
0.0
0.0
0.0
0.0
0.0
0.0
0.0
0.0
0.0
0.0
0.0
0.0
0.0
0.0
0.0
0.0
0.0
0.0
0.0
0.0
0.0
0.0
0.0
0.0
0.0
0.0
0.0
0.0
0.0
0.0
0.0
0.0
0.0
0.0
0.0
0.0
0.0
0.0
0.0
0.0
0.0
0.0
0.0
0.0
0.0
0.0
0.0
0.0
0.0
0.0
0.0
0.0
0.0
0.0
0.0
0.0
0.0
0.0
0.0
0.0
0.0
0.0
0.0
0.0
0.0
0.0
0.0
0.0
0.0
0.0
0.0
0.0
0.0
0.0
0.0
0.0
0.0
0.0
0.0
0.0
0.0
0.0
0.0
0.0
0.0
0.0
0.0
0.0
0.0
0.0
0.0
0.0
0.0
0.0
0.0
0.0
0.0
0.0
0.0
0.0
0.0
0.0
0.0
0.0
0.0
0.0
0.0
0.0
0.0
0.0
0.0
0.0
0.0
0.0
0.0
0.0
0.0
0.0
0.0
0.0
0.0
0.0
0.0
0.0
0.0
0.0
0.0
0.0
0.0
0.0
0.0
0.0
0.0
0.0
0.0
0.0
0.0
0.0
0.0
0.0
0.0
0.0
0.0
0.0
0.0
0.0
0.0
0.0
0.0
0.0
0.0
0.0
0.0
0.0
0.0
0.0
0.0
0.0
0.0
0.0
0.0
0.0
0.0
0.0
0.0
0.0
0.0
0.0
0.0
0.0
0.0
0.0
0.0
0.0
0.0
0.0
0.0
0.0
0.0
0.0
0.0
0.0
0.0
0.0
0.0
0.0
0.0
0.0
0.0
0.0
0.0
0.0
0.0
0.0
0.0
0.0
0.0
0.0
0.0
0.0
0.0
0.0
0.0
0.0
0.0
0.0
0.0
0.0
0.0
0.0
0.0
0.0
0.0
0.0
0.0
0.0
0.0
0.0
0.0
0.0
0.0
0.0
0.0
0.0
0.0
0.0
0.0
0.0
0.0
0.0
0.0
0.0
0.0
0.0
0.0
0.0
0.0
0.0
0.0
0.0
0.0
0.0
0.0
0.0
0.0
0.0
0.0
0.0
0.0
0.0
0.0
0.0
0.0
0.0
0.0
0.0
0.0
0.0
0.0
0.0
0.0
0.0
0.0
0.0
0.0
0.0
0.0
0.0
0.0
0.0
0.0
0.0
0.0
0.0
0.0
0.0
0.0
0.0
0.0
0.0
0.0
0.0
0.0
0.0
0.0
0.0
0.0
0.0
0.0
0.0
0.0
0.0
0.0
0.0
0.0
0.0
0.0
0.0
0.0
0.0
0.0
0.0
0.0
0.0
0.0
0.0
0.0
0.0
0.0
0.0
0.0
0.0
0.0
0.0
0.0
0.0
0.0
0.0
0.0
0.0
0.0
0.0
0.0
0.0
0.0
0.0
0.0
0.0
0.0
0.0
0.0
0.0
0.0
0.0
0.0
0.0
0.0
0.0
0.0
0.0
0.0
0.0
0.0
0.0
0.0
0.0
0.0
0.0
0.0
0.0
0.0
0.0
0.0
0.0
0.0
0.0
0.0
0.0
0.0
0.0
0.0
0.0
0.0
0.0
0.0
0.0
0.0
0.0
0.0
0.0
0.0
0.0
0.0
0.0
0.0
0.0
0.0
0.0
0.0
0.0
0.0
0.0
0.0
0.0
0.0
0.0
0.0
0.0
0.0
0.0
0.0
0.0
0.0
0.0
0.0
0.0
0.0
0.0
0.0
0.0
0.0
0.0
0.0
0.0
0.0
0.0
0.0
0.0
0.0
0.0
0.0
0.0
0.0
0.0
0.0
0.0
0.0
0.0
0.0
0.0
0.0
0.0
0.0
0.0
0.0
0.0
0.0
0.0
0.0
0.0
0.0
0.0
0.0
0.0
0.0
0.0
0.0
0.0
0.0
0.0
0.0
0.0
0.0
0.0
0.0
0.0
0.0
0.0
0.0
0.0
0.0
0.0
0.0
0.0
0.0
0.0
0.0
0.0
0.0
0.0
0.0
0.0
0.0
0.0
0.0
0.0
0.0
0.0
0.0
0.0
0.0
0.0
0.0
0.0
0.0
0.0
0.0
0.0
0.0
0.0
0.0
0.0
0.0
0.0
0.0
0.0
0.0
0.0
0.0
0.0
0.0
0.0
0.0
0.0
0.0
0.0
0.0
0.0
0.0
0.0
0.0
0.0
0.0
0.0
0.0
0.0
0.0
0.0
0.0
0.0
0.0
0.0
0.0
0.0
0.0
0.0
0.0
0.0
0.0
0.0
0.0
0.0
0.0
0.0
0.0
0.0
0.0
0.0
0.0
0.0
0.0
0.0
0.0
0.0
0.0
0.0
0.0
0.0
0.0
0.0
0.0
0.0
0.0
0.0
0.0
0.0
0.0
0.0
0.0
0.0
0.0
0.0
0.0
0.0
0.0
0.0
0.0
0.0
0.0
0.0
0.0
0.0
0.0
0.0
0.0
0.0
0.0
0.0
0.0
0.0
0.0
0.0
0.0
0.0
0.0
0.0
0.0
0.0
0.0
0.0
0.0
0.0
0.0
0.0
0.0
0.0
0.0
0.0
0.0
0.0
0.0
0.0
0.0
0.0
0.0
0.0
0.0
0.0
0.0
0.0
0.0
0.0
0.0
0.0
0.0
0.0
0.0
0.0
0.0
0.0
0.0
0.0
0.0
0.0
0.0
0.0
0.0
0.0
0.0
0.0
0.0
0.0
0.0
0.0
0.0
0.0
0.0
0.0
0.0
0.0
0.0
0.0
0.0
0.0
0.0
0.0
0.0
0.0
0.0
0.0
0.0
0.0
0.0
0.0
0.0
0.0
0.0
0.0
0.0
0.0
0.0
0.0
0.0
0.0
0.0
0.0
0.0
0.0
0.0
0.0
0.0
0.0
0.0
0.0
0.0
0.0
0.0
0.0
0.0
0.0
0.0
0.0
0.0
0.0
0.0
0.0
0.0
0.0
0.0
0.0
0.0
0.0
0.0
0.0
0.0
0.0
0.0
0.0
0.0
0.0
0.0
0.0
0.0
0.0
0.0
0.0
0.0
0.0
0.0
0.0
0.0
0.0
0.0
0.0
0.0
0.0
0.0
0.0
0.0
0.0
0.0
0.0
0.0
0.0
0.0
0.0
0.0
0.0
0.0
0.0
0.0
0.0
0.0
0.0
0.0
0.0
0.0
0.0
0.0
0.0
0.0
0.0
0.0
0.0
0.0
0.0
0.0
0.0
0.0
0.0
0.0
0.0
0.0
0.0
0.0
0.0
0.0
0.0
0.0
0.0
0.0
0.0
0.0
0.0
0.0
0.0
0.0
0.0
0.0
0.0
0.0
0.0
0.0
0.0
0.0
0.0
0.0
0.0
0.0
0.0
0.0
0.0
0.0
0.0
0.0
0.0
0.0
0.0
0.0
0.0
0.0
0.0
0.0
0.0
0.0
0.0
0.0
0.0
0.0
0.0
0.0
0.0
0.0
0.0
0.0
0.0
0.0
0.0
0.0
0.0
0.0
0.0
0.0
0.0
0.0
0.0
0.0
0.0
0.0
0.0
0.0
0.0
0.0
0.0
0.0
0.0
0.0
0.0
0.0
0.0
0.0
0.0
0.0
0.0
0.0
0.0
0.0
0.0
0.0
0.0
0.0
0.0
0.0
0.0
0.0
0.0
0.0
0.0
0.0
0.0
0.0
0.0
0.0
0.0
0.0
0.0
0.0
0.0
0.0
0.0
0.0
0.0
0.0
0.0
0.0
0.0
0.0
0.0
0.0
0.0
0.0
0.0
0.0
0.0
0.0
0.0
0.0
0.0
0.0
0.0
0.0
0.0
0.0
0.0
0.0
0.0
0.0
0.0
0.0
0.0
0.0
0.0
0.0
0.0
0.0
0.0
0.0
0.0
0.0
0.0
0.0
0.0
0.0
0.0
0.0
0.0
0.0
0.0
0.0
0.0
0.0
0.0
0.0
0.0
0.0
0.0
0.0
0.0
0.0
0.0
0.0
0.0
0.0
0.0
0.0
0.0
0.0
0.0
0.0
0.0
0.0
0.0
0.0
0.0
0.0
0.0
0.0
0.0
0.0
0.0
0.0
0.0
0.0
0.0
0.0
0.0
0.0
0.0
0.0
0.0
0.0
0.0
0.0
0.0
0.0
0.0
0.0
0.0
0.0
0.0
0.0
0.0
0.0
0.0
0.0
0.0
0.0
0.0
0.0
0.0
0.0
0.0
0.0
0.0
0.0
0.0
0.0
0.0
0.0
0.0
0.0
0.0
0.0
0.0
0.0
0.0
0.0
0.0
0.0
0.0
527327.0
527328.0
0.0
527494.0
527495.0
0.0
527577.0
0.0
0.0
0.0
0.0
0.0
0.0
0.0
0.0
0.0
0.0
0.0
0.0
0.0
0.0
0.0
0.0
0.0
0.0
0.0
0.0
0.0
0.0
0.0
0.0
0.0
0.0
0.0
0.0
0.0
0.0
0.0
0.0
0.0
0.0
0.0
0.0
0.0
0.0
0.0
0.0
0.0
0.0
0.0
0.0
0.0
0.0
0.0
0.0
0.0
0.0
0.0
0.0
0.0
0.0
0.0
0.0
0.0
0.0
0.0
0.0
0.0
0.0
0.0
0.0
0.0
0.0
0.0
0.0
0.0
0.0
0.0
0.0
0.0
0.0
0.0
0.0
0.0
0.0
0.0
0.0
0.0
0.0
0.0
0.0
0.0
0.0
0.0
0.0
0.0
0.0
0.0
0.0
0.0
0.0
0.0
0.0
0.0
0.0
0.0
0.0
0.0
0.0
0.0
0.0
0.0
0.0
0.0
0.0
0.0
0.0
0.0
0.0
0.0
0.0
0.0
0.0
0.0
0.0
0.0
0.0
0.0
0.0
0.0
0.0
0.0
0.0
0.0
0.0
0.0
0.0
0.0
0.0
0.0
0.0
0.0
0.0
0.0
0.0
0.0
0.0
0.0
0.0
0.0
0.0
0.0
0.0
0.0
0.0
0.0
0.0
0.0
0.0
0.0
0.0
0.0
0.0
0.0
0.0
0.0
0.0
0.0
0.0
0.0
0.0
0.0
0.0
0.0
0.0
0.0
0.0
0.0
0.0
0.0
0.0
0.0
0.0
0.0
0.0
0.0
0.0
0.0
0.0
0.0
0.0
0.0
0.0
0.0
0.0
0.0
0.0
0.0
0.0
0.0
0.0
0.0
0.0
0.0
0.0
0.0
0.0
0.0
0.0
0.0
0.0
0.0
0.0
0.0
536206.0
536207.0
536208.0
536209.0
536210.0
536211.0
0.0
0.0
0.0
0.0
0.0
0.0
0.0
0.0
0.0
0.0
0.0
0.0
0.0
0.0
0.0
536291.0
536292.0
536293.0
0.0
0.0
0.0
0.0
0.0
0.0
0.0
0.0
0.0
0.0
0.0
0.0
0.0
0.0
0.0
0.0
0.0
0.0
0.0
0.0
0.0
0.0
0.0
0.0
0.0
0.0
0.0
0.0
536541.0
536542.0
536543.0
0.0
0.0
0.0
0.0
0.0
536623.0
536624.0
536625.0
0.0
0.0
0.0
536706.0
536707.0
536708.0
0.0
536789.0
536874.0
536875.0
536956.0
536957.0
536958.0
536959.0
537040.0
537041.0
537042.0
537123.0
537124.0
537125.0
0.0
0.0
0.0
0.0
537207.0
537208.0
0.0
0.0
0.0
0.0
0.0
0.0
0.0
0.0
0.0
0.0
0.0
0.0
0.0
0.0
0.0
0.0
0.0
0.0
0.0
0.0
0.0
0.0
0.0
0.0
0.0
0.0
0.0
0.0
0.0
0.0
0.0
0.0
0.0
0.0
0.0
0.0
0.0
0.0
0.0
0.0
0.0
0.0
0.0
0.0
0.0
0.0
0.0
0.0
0.0
0.0
0.0
0.0
0.0
0.0
0.0
0.0
0.0
0.0
0.0
0.0
0.0
0.0
0.0
0.0
0.0
0.0
0.0
0.0
0.0
0.0
0.0
0.0
0.0
0.0
0.0
0.0
0.0
0.0
0.0
0.0
0.0
0.0
0.0
0.0
0.0
0.0
0.0
0.0
0.0
0.0
0.0
0.0
0.0
0.0
0.0
0.0
0.0
0.0
0.0
0.0
0.0
0.0
0.0
0.0
0.0
0.0
0.0
0.0
0.0
0.0
0.0
0.0
0.0
0.0
0.0
0.0
0.0
0.0
0.0
0.0
0.0
0.0
0.0
0.0
0.0
0.0
0.0
0.0
545099.0
0.0
0.0
0.0
0.0
0.0
0.0
0.0
0.0
545181.0
545182.0
545183.0
0.0
0.0
0.0
0.0
0.0
0.0
0.0
0.0
0.0
0.0
0.0
0.0
0.0
545263.0
545264.0
545265.0
545266.0
0.0
0.0
0.0
0.0
0.0
0.0
0.0
0.0
0.0
0.0
0.0
0.0
0.0
545346.0
545347.0
545348.0
0.0
0.0
0.0
0.0
0.0
0.0
0.0
0.0
0.0
0.0
0.0
0.0
0.0
0.0
0.0
0.0
0.0
0.0
0.0
0.0
0.0
0.0
0.0
0.0
0.0
545502.0
545503.0
0.0
0.0
0.0
0.0
0.0
0.0
0.0
0.0
0.0
0.0
0.0
0.0
0.0
0.0
545585.0
545586.0
545587.0
545588.0
545589.0
545590.0
545591.0
0.0
0.0
0.0
0.0
0.0
0.0
0.0
0.0
0.0
545668.0
545669.0
545670.0
545671.0
545672.0
545673.0
545674.0
545675.0
0.0
0.0
0.0
0.0
0.0
0.0
0.0
0.0
0.0
545752.0
545753.0
545754.0
545755.0
545756.0
545757.0
0.0
0.0
0.0
0.0
0.0
0.0
545837.0
545838.0
545839.0
545919.0
545920.0
545921.0
545922.0
546002.0
546003.0
546004.0
546085.0
546086.0
546168.0
546169.0
0.0
546253.0
546254.0
546336.0
546337.0
546338.0
546418.0
546419.0
546420.0
546421.0
546422.0
546501.0
546502.0
546503.0
546504.0
546505.0
546585.0
546586.0
546587.0
546588.0
0.0
0.0
0.0
546671.0
546672.0
0.0
0.0
0.0
0.0
0.0
0.0
0.0
0.0
0.0
0.0
0.0
0.0
0.0
0.0
0.0
0.0
0.0
0.0
0.0
0.0
0.0
0.0
0.0
0.0
0.0
0.0
0.0
0.0
0.0
0.0
0.0
0.0
0.0
0.0
0.0
0.0
0.0
0.0
0.0
0.0
0.0
0.0
0.0
0.0
0.0
0.0
0.0
0.0
0.0
0.0
0.0
0.0
0.0
0.0
0.0
0.0
0.0
0.0
0.0
0.0
0.0
0.0
0.0
0.0
0.0
0.0
0.0
0.0
0.0
0.0
0.0
0.0
0.0
0.0
0.0
0.0
0.0
0.0
0.0
0.0
0.0
0.0
0.0
0.0
0.0
0.0
0.0
0.0
0.0
0.0
0.0
0.0
0.0
0.0
0.0
0.0
0.0
0.0
0.0
0.0
0.0
0.0
0.0
0.0
0.0
0.0
0.0
554477.0
554478.0
554479.0
0.0
0.0
0.0
0.0
0.0
0.0
0.0
0.0
554559.0
554560.0
554561.0
554562.0
0.0
0.0
0.0
0.0
0.0
0.0
0.0
0.0
0.0
0.0
0.0
554642.0
554643.0
554644.0
554645.0
554646.0
0.0
0.0
0.0
0.0
0.0
0.0
0.0
0.0
0.0
0.0
0.0
554725.0
554726.0
554727.0
554728.0
0.0
0.0
0.0
0.0
0.0
0.0
0.0
0.0
0.0
0.0
0.0
0.0
554808.0
554809.0
554810.0
554811.0
0.0
0.0
0.0
0.0
0.0
0.0
0.0
554881.0
554882.0
554892.0
554893.0
554894.0
554895.0
0.0
0.0
0.0
0.0
554965.0
554976.0
554977.0
554978.0
554979.0
555047.0
555048.0
555049.0
555050.0
555051.0
555052.0
555053.0
555054.0
555131.0
555132.0
555133.0
555134.0
555135.0
555136.0
555137.0
555214.0
555215.0
555216.0
555217.0
555218.0
555219.0
555298.0
555299.0
555300.0
555381.0
555382.0
555398.0
555399.0
555400.0
555464.0
555465.0
555481.0
555482.0
555483.0
555547.0
555548.0
555630.0
555631.0
555713.0
555714.0
555715.0
555716.0
555717.0
555797.0
555798.0
555799.0
555800.0
555801.0
555880.0
555881.0
555882.0
555883.0
555884.0
555885.0
555964.0
555965.0
555966.0
555967.0
555968.0
556048.0
556049.0
556050.0
556051.0
556132.0
556133.0
556134.0
0.0
0.0
0.0
0.0
0.0
0.0
0.0
0.0
0.0
0.0
0.0
0.0
0.0
0.0
0.0
0.0
0.0
0.0
0.0
0.0
0.0
0.0
0.0
0.0
0.0
0.0
0.0
0.0
0.0
0.0
0.0
0.0
0.0
0.0
0.0
0.0
0.0
0.0
0.0
0.0
0.0
0.0
0.0
0.0
0.0
0.0
0.0
0.0
0.0
0.0
0.0
0.0
0.0
0.0
0.0
0.0
0.0
0.0
0.0
0.0
0.0
0.0
0.0
0.0
0.0
0.0
0.0
0.0
0.0
0.0
0.0
0.0
0.0
0.0
0.0
0.0
0.0
563856.0
0.0
0.0
0.0
0.0
0.0
0.0
0.0
0.0
563938.0
563939.0
563941.0
0.0
0.0
0.0
0.0
0.0
0.0
564021.0
564022.0
564023.0
564024.0
0.0
0.0
0.0
0.0
0.0
0.0
0.0
0.0
0.0
0.0
0.0
564104.0
564105.0
564106.0
564107.0
0.0
0.0
0.0
0.0
0.0
0.0
0.0
0.0
0.0
0.0
0.0
564187.0
564188.0
564189.0
564190.0
564191.0
564192.0
0.0
0.0
0.0
0.0
0.0
0.0
0.0
0.0
0.0
564271.0
564272.0
564273.0
564274.0
564275.0
564276.0
0.0
0.0
0.0
0.0
0.0
0.0
564355.0
564356.0
564357.0
564358.0
564359.0
564427.0
564430.0
564431.0
564432.0
564433.0
564440.0
564441.0
564442.0
564510.0
564511.0
564512.0
564513.0
564514.0
564515.0
564516.0
564533.0
564593.0
564594.0
564595.0
564596.0
564597.0
564598.0
564612.0
564613.0
564614.0
564615.0
564616.0
564677.0
564678.0
564679.0
564680.0
564694.0
564695.0
564696.0
564697.0
564698.0
564699.0
564760.0
564761.0
564776.0
564777.0
564778.0
564779.0
564780.0
564781.0
564844.0
564845.0
564858.0
564859.0
564860.0
564861.0
564862.0
564863.0
564927.0
564928.0
0.0
564932.0
564941.0
564942.0
564943.0
564944.0
564945.0
565010.0
565011.0
565014.0
565015.0
565025.0
565093.0
565094.0
565176.0
565177.0
565259.0
565260.0
565342.0
565343.0
565344.0
565345.0
565346.0
565426.0
565427.0
565428.0
565429.0
565430.0
565509.0
565510.0
565511.0
565512.0
565513.0
565593.0
565594.0
565595.0
565676.0
565677.0
0.0
0.0
0.0
0.0
0.0
0.0
0.0
0.0
0.0
0.0
0.0
0.0
0.0
0.0
0.0
0.0
566419.0
0.0
0.0
0.0
566502.0
566503.0
566585.0
566586.0
566668.0
566669.0
0.0
0.0
0.0
0.0
0.0
0.0
0.0
0.0
0.0
0.0
0.0
0.0
0.0
0.0
0.0
0.0
0.0
0.0
0.0
0.0
0.0
0.0
0.0
0.0
0.0
573150.0
0.0
0.0
0.0
0.0
0.0
573232.0
573233.0
573235.0
573236.0
0.0
0.0
0.0
0.0
0.0
573318.0
0.0
0.0
0.0
0.0
0.0
0.0
0.0
0.0
0.0
573400.0
573401.0
573402.0
573403.0
573404.0
0.0
0.0
0.0
0.0
0.0
0.0
0.0
0.0
0.0
0.0
0.0
0.0
573483.0
573484.0
573485.0
573486.0
573487.0
573488.0
0.0
0.0
0.0
0.0
0.0
0.0
0.0
0.0
0.0
0.0
0.0
573567.0
573568.0
573569.0
573570.0
573571.0
573572.0
0.0
0.0
0.0
0.0
573581.0
573582.0
0.0
0.0
0.0
0.0
0.0
0.0
0.0
573650.0
573651.0
573652.0
573653.0
573654.0
573655.0
0.0
0.0
0.0
573664.0
573665.0
0.0
0.0
0.0
0.0
0.0
573735.0
573736.0
573737.0
573738.0
573746.0
573747.0
573748.0
573806.0
573819.0
573820.0
573821.0
573828.0
573829.0
573830.0
573831.0
573889.0
573890.0
573891.0
573892.0
573893.0
573898.0
573899.0
573900.0
573903.0
573904.0
573906.0
573907.0
573908.0
573911.0
573912.0
573913.0
573914.0
573972.0
573973.0
573974.0
573975.0
573976.0
573977.0
573980.0
573981.0
573982.0
573983.0
573990.0
573991.0
573992.0
573993.0
573994.0
573995.0
573996.0
574056.0
574057.0
574058.0
574059.0
574060.0
574063.0
574064.0
574065.0
574073.0
574074.0
574075.0
574076.0
574077.0
574078.0
574139.0
574140.0
574141.0
574146.0
574147.0
574148.0
574155.0
574156.0
574157.0
574158.0
574159.0
574160.0
574161.0
574222.0
574223.0
574228.0
574230.0
574237.0
574238.0
574239.0
574240.0
574241.0
574242.0
574305.0
574306.0
574307.0
574309.0
0.0
574311.0
574312.0
574320.0
574321.0
574322.0
574323.0
574324.0
574388.0
574389.0
574390.0
574392.0
574393.0
574394.0
574395.0
574403.0
574404.0
574405.0
574471.0
574472.0
574473.0
574475.0
574476.0
574477.0
574478.0
574486.0
574487.0
574554.0
574555.0
574556.0
574559.0
574560.0
574561.0
574574.0
574637.0
574638.0
574639.0
574642.0
574643.0
574644.0
574657.0
574721.0
574722.0
574727.0
574804.0
574805.0
574806.0
574807.0
574808.0
574887.0
574888.0
574889.0
574890.0
574891.0
574971.0
574972.0
574973.0
574974.0
575055.0
575056.0
575057.0
575138.0
575139.0
575140.0
0.0
0.0
575222.0
0.0
0.0
0.0
0.0
0.0
0.0
0.0
0.0
0.0
0.0
0.0
0.0
0.0
0.0
575717.0
575799.0
575800.0
575801.0
575881.0
575882.0
575883.0
575964.0
575965.0
575966.0
576046.0
576047.0
576048.0
576129.0
576130.0
576212.0
576213.0
576295.0
576296.0
576461.0
0.0
0.0
0.0
0.0
0.0
0.0
0.0
0.0
0.0
0.0
0.0
0.0
0.0
0.0
0.0
0.0
0.0
0.0
0.0
582446.0
582447.0
0.0
0.0
0.0
582528.0
582529.0
582530.0
582532.0
582533.0
0.0
0.0
582611.0
582612.0
582613.0
582614.0
582615.0
0.0
0.0
0.0
0.0
0.0
582694.0
582695.0
582696.0
582698.0
0.0
0.0
0.0
0.0
0.0
0.0
0.0
0.0
582780.0
582781.0
582782.0
582783.0
0.0
0.0
0.0
0.0
0.0
0.0
0.0
0.0
0.0
0.0
582863.0
582864.0
582865.0
582866.0
582867.0
582868.0
0.0
0.0
0.0
0.0
0.0
0.0
0.0
0.0
0.0
0.0
582946.0
582947.0
582948.0
582949.0
582950.0
582951.0
582952.0
0.0
0.0
0.0
0.0
582960.0
582961.0
582962.0
0.0
0.0
0.0
0.0
0.0
583029.0
583030.0
583031.0
583032.0
583033.0
583034.0
583035.0
0.0
0.0
583042.0
583043.0
583044.0
583045.0
0.0
0.0
0.0
0.0
0.0
583111.0
583115.0
583116.0
583117.0
583118.0
583125.0
583126.0
583127.0
583128.0
583185.0
583186.0
0.0
0.0
583193.0
583194.0
583195.0
583199.0
583200.0
583201.0
583202.0
583203.0
583204.0
583207.0
583209.0
583210.0
583268.0
583269.0
583277.0
583278.0
583279.0
583282.0
583283.0
583284.0
583285.0
583286.0
583287.0
583288.0
583290.0
583291.0
583292.0
583293.0
583351.0
583352.0
583353.0
583354.0
583355.0
583358.0
583359.0
583360.0
583361.0
583362.0
583363.0
583366.0
583367.0
583368.0
583369.0
583370.0
583371.0
583373.0
583374.0
583375.0
583435.0
583436.0
583437.0
583438.0
583441.0
583442.0
583443.0
583444.0
583445.0
583452.0
583453.0
583454.0
583455.0
583456.0
583457.0
583518.0
583519.0
583520.0
583524.0
583525.0
583526.0
583527.0
583533.0
583534.0
583535.0
583536.0
583537.0
583538.0
583539.0
583601.0
583602.0
583607.0
583608.0
583609.0
583610.0
583616.0
583617.0
583618.0
583619.0
583620.0
0.0
583685.0
583687.0
583688.0
0.0
583690.0
583691.0
583692.0
583693.0
583699.0
583700.0
583701.0
583702.0
583767.0
583768.0
583770.0
583771.0
583772.0
583773.0
583774.0
583775.0
583781.0
583782.0
583783.0
583784.0
583849.0
583850.0
583851.0
583853.0
583854.0
583855.0
583856.0
583857.0
583864.0
583865.0
583866.0
583869.0
583933.0
583934.0
583936.0
583937.0
583938.0
583939.0
583940.0
583941.0
583947.0
583948.0
583951.0
583952.0
583953.0
584016.0
584017.0
584019.0
584020.0
584021.0
584022.0
584023.0
584024.0
584034.0
584035.0
584036.0
584100.0
584101.0
584102.0
584103.0
584104.0
584105.0
584106.0
584107.0
584117.0
584118.0
584119.0
584183.0
584184.0
584187.0
584188.0
584189.0
584190.0
584266.0
584267.0
584268.0
584271.0
584272.0
584273.0
584349.0
584350.0
584351.0
584352.0
584353.0
584354.0
584355.0
584356.0
584433.0
584434.0
584435.0
584436.0
584437.0
584438.0
584439.0
0.0
584517.0
584518.0
584519.0
584520.0
584521.0
584522.0
0.0
0.0
584601.0
584603.0
584604.0
584605.0
0.0
0.0
0.0
0.0
0.0
0.0
584687.0
0.0
0.0
0.0
0.0
0.0
0.0
0.0
0.0
0.0
0.0
0.0
0.0
0.0
584853.0
0.0
0.0
0.0
0.0
584935.0
584936.0
0.0
0.0
0.0
0.0
0.0
0.0
0.0
585177.0
585178.0
585179.0
585180.0
585261.0
585262.0
585263.0
585344.0
585345.0
585426.0
585427.0
585428.0
585508.0
585509.0
585510.0
585511.0
585591.0
585592.0
585593.0
585674.0
585675.0
585676.0
585757.0
585758.0
585759.0
585839.0
585840.0
585841.0
585842.0
585923.0
586004.0
586005.0
586088.0
0.0
0.0
0.0
0.0
0.0
0.0
0.0
0.0
0.0
0.0
0.0
0.0
0.0
591908.0
591909.0
591910.0
591990.0
591991.0
591992.0
591993.0
591994.0
591995.0
0.0
0.0
0.0
0.0
592073.0
592074.0
592075.0
592076.0
592077.0
592078.0
0.0
0.0
592152.0
592153.0
592154.0
592156.0
592157.0
592158.0
592160.0
592161.0
592162.0
0.0
0.0
0.0
592235.0
592236.0
592237.0
592242.0
592243.0
592245.0
592246.0
592247.0
592248.0
0.0
0.0
0.0
0.0
592318.0
592319.0
0.0
592325.0
592326.0
592327.0
592328.0
592329.0
592330.0
592331.0
592332.0
0.0
0.0
0.0
592339.0
592341.0
0.0
0.0
0.0
0.0
0.0
592409.0
592410.0
592411.0
592412.0
592413.0
592414.0
0.0
0.0
592422.0
592423.0
0.0
0.0
0.0
0.0
0.0
592489.0
592490.0
592495.0
592496.0
592497.0
592498.0
592499.0
592500.0
592502.0
592503.0
592505.0
592564.0
0.0
0.0
0.0
0.0
592572.0
592573.0
592574.0
592578.0
592579.0
592580.0
592581.0
592582.0
592583.0
592584.0
592585.0
592586.0
592587.0
592588.0
592589.0
592648.0
592655.0
592656.0
592657.0
592658.0
592661.0
592662.0
592663.0
592664.0
592665.0
592666.0
592667.0
592668.0
592671.0
592672.0
592731.0
592732.0
592733.0
592737.0
592738.0
592739.0
592740.0
592741.0
592742.0
592745.0
592746.0
592747.0
592748.0
592749.0
592750.0
592751.0
592814.0
592815.0
592816.0
592817.0
592819.0
592820.0
592821.0
592822.0
592823.0
592824.0
592825.0
592831.0
592833.0
592834.0
592835.0
592897.0
592898.0
592899.0
592903.0
592904.0
592905.0
592906.0
592912.0
592913.0
592914.0
592915.0
592916.0
592917.0
592980.0
592981.0
592983.0
592984.0
0.0
592986.0
592987.0
592988.0
592989.0
592995.0
592996.0
592997.0
592998.0
592999.0
593063.0
593065.0
593066.0
593067.0
0.0
0.0
593070.0
593071.0
593072.0
593078.0
593079.0
593080.0
593081.0
593146.0
593148.0
593149.0
593152.0
593153.0
593154.0
593155.0
593160.0
593161.0
593162.0
593163.0
593229.0
593230.0
593231.0
593232.0
593233.0
593234.0
593235.0
593236.0
593237.0
593241.0
593242.0
593243.0
593244.0
593245.0
593312.0
593313.0
593314.0
593315.0
593316.0
593317.0
593318.0
593319.0
593324.0
593325.0
593326.0
593327.0
593330.0
593331.0
593332.0
593395.0
593396.0
593397.0
593398.0
593399.0
593400.0
593401.0
593402.0
593403.0
593408.0
593409.0
593412.0
593413.0
593414.0
593415.0
0.0
0.0
593480.0
593481.0
593482.0
593483.0
593484.0
593485.0
593486.0
593495.0
593496.0
593497.0
593498.0
593561.0
0.0
0.0
593564.0
593565.0
593566.0
593567.0
593568.0
593569.0
593578.0
593579.0
593644.0
593645.0
593646.0
0.0
593648.0
593649.0
593650.0
593651.0
593652.0
593728.0
593729.0
593730.0
593731.0
593732.0
593733.0
593734.0
593735.0
593812.0
593813.0
593815.0
593816.0
593817.0
593818.0
0.0
593895.0
593896.0
593897.0
593898.0
593899.0
593900.0
593901.0
0.0
593979.0
593980.0
593981.0
593982.0
593983.0
593984.0
0.0
0.0
0.0
0.0
594063.0
594064.0
0.0
594066.0
594067.0
0.0
0.0
0.0
0.0
0.0
0.0
0.0
0.0
0.0
0.0
0.0
0.0
0.0
0.0
594232.0
0.0
0.0
0.0
0.0
0.0
594314.0
594315.0
0.0
0.0
0.0
0.0
0.0
0.0
594397.0
594398.0
594473.0
0.0
0.0
0.0
0.0
594479.0
594480.0
594556.0
594557.0
594558.0
594560.0
594561.0
594562.0
594638.0
594639.0
594640.0
594641.0
594721.0
594722.0
594723.0
594724.0
594804.0
594805.0
594806.0
594807.0
594887.0
594888.0
594889.0
594890.0
594970.0
594971.0
594972.0
594973.0
595053.0
595054.0
595055.0
595056.0
595136.0
595137.0
595138.0
595139.0
595219.0
595220.0
595221.0
595222.0
595302.0
595303.0
595304.0
595305.0
595383.0
595385.0
595386.0
595467.0
595468.0
595469.0
595550.0
595551.0
0.0
0.0
0.0
0.0
0.0
0.0
601371.0
601372.0
601373.0
0.0
601451.0
601452.0
601453.0
601454.0
601455.0
601456.0
601457.0
601532.0
601533.0
601534.0
601535.0
601536.0
601537.0
601538.0
601539.0
601540.0
601541.0
0.0
601614.0
601615.0
601616.0
601617.0
601622.0
601623.0
601624.0
601625.0
601626.0
601627.0
0.0
0.0
601633.0
601634.0
601697.0
601698.0
601699.0
601702.0
601705.0
601706.0
601707.0
601708.0
601709.0
601710.0
601711.0
0.0
601718.0
0.0
0.0
0.0
0.0
0.0
601785.0
601786.0
601788.0
601789.0
601790.0
601791.0
601792.0
601793.0
601794.0
601799.0
601800.0
601801.0
0.0
0.0
0.0
0.0
0.0
601868.0
601869.0
601874.0
601875.0
601876.0
601877.0
601878.0
601879.0
601881.0
601882.0
601884.0
0.0
0.0
0.0
0.0
0.0
0.0
601951.0
601952.0
601953.0
601957.0
601958.0
601959.0
601960.0
601961.0
601962.0
601963.0
601964.0
601966.0
601967.0
601968.0
0.0
0.0
0.0
602034.0
602035.0
602036.0
602037.0
602038.0
602040.0
602041.0
602042.0
602043.0
602044.0
602045.0
602046.0
602047.0
602049.0
602050.0
602110.0
602111.0
602116.0
602117.0
602118.0
602120.0
602121.0
602124.0
602125.0
602126.0
602127.0
602128.0
602130.0
602131.0
602193.0
602194.0
602195.0
602198.0
602199.0
602200.0
602201.0
602203.0
602204.0
602210.0
602211.0
602212.0
602213.0
602214.0
602276.0
602277.0
602278.0
602281.0
602282.0
602283.0
602284.0
602285.0
602291.0
602292.0
602293.0
602294.0
602295.0
602359.0
602360.0
0.0
0.0
602364.0
602365.0
602366.0
602367.0
602374.0
602376.0
602377.0
602442.0
602444.0
602445.0
602446.0
0.0
602448.0
602449.0
602450.0
602451.0
602457.0
602458.0
602459.0
602460.0
0.0
602526.0
602527.0
602528.0
602530.0
602531.0
602532.0
602533.0
602540.0
602541.0
0.0
602609.0
602610.0
602611.0
602612.0
602613.0
602614.0
602615.0
602616.0
602621.0
602622.0
602623.0
602624.0
602628.0
0.0
602692.0
602693.0
602695.0
602696.0
602703.0
602704.0
602705.0
602706.0
602708.0
602709.0
602710.0
602711.0
602774.0
602775.0
602776.0
602777.0
602778.0
602779.0
602780.0
602787.0
602788.0
602791.0
602792.0
602793.0
602794.0
602858.0
602859.0
602860.0
602861.0
602862.0
602863.0
602864.0
602873.0
602874.0
602875.0
602876.0
602877.0
0.0
602942.0
602943.0
602944.0
0.0
602946.0
602947.0
602948.0
602956.0
602957.0
602958.0
603024.0
0.0
0.0
603027.0
603028.0
603029.0
603030.0
603031.0
603108.0
603109.0
603110.0
603111.0
603112.0
603113.0
603114.0
603191.0
603192.0
603193.0
603194.0
603195.0
603196.0
603197.0
603275.0
603276.0
603277.0
603278.0
603279.0
0.0
0.0
603358.0
603359.0
603360.0
603361.0
603362.0
0.0
0.0
0.0
603442.0
603443.0
603444.0
603445.0
0.0
0.0
0.0
0.0
0.0
0.0
0.0
0.0
0.0
0.0
0.0
0.0
0.0
0.0
0.0
0.0
0.0
0.0
0.0
0.0
0.0
0.0
0.0
603693.0
603694.0
603769.0
0.0
0.0
0.0
0.0
603775.0
603776.0
603777.0
603852.0
603853.0
603855.0
603856.0
603857.0
603858.0
603859.0
603934.0
603935.0
603936.0
603938.0
603939.0
603940.0
603941.0
603942.0
604017.0
604018.0
604021.0
604022.0
604023.0
604024.0
604100.0
604101.0
604104.0
604105.0
604106.0
604107.0
0.0
604184.0
604185.0
604188.0
604189.0
604266.0
604267.0
604268.0
604269.0
604349.0
604350.0
604351.0
604352.0
604432.0
604433.0
604434.0
604435.0
604516.0
604517.0
604518.0
604599.0
604600.0
604682.0
604683.0
604684.0
604766.0
604767.0
604847.0
604848.0
610833.0
610834.0
610835.0
610843.0
610912.0
610913.0
610914.0
610915.0
610916.0
610917.0
610918.0
610919.0
610921.0
610922.0
610926.0
610927.0
610928.0
610929.0
610930.0
610994.0
610995.0
610996.0
610997.0
610998.0
611000.0
611001.0
611002.0
611004.0
611005.0
611006.0
611008.0
611009.0
611010.0
611011.0
611012.0
611013.0
611076.0
611077.0
611078.0
611080.0
611081.0
611084.0
611085.0
611086.0
611087.0
611088.0
611089.0
611090.0
611096.0
611097.0
0.0
0.0
611160.0
0.0
611163.0
611164.0
611165.0
611167.0
611168.0
611169.0
611170.0
611171.0
611172.0
611173.0
611174.0
611178.0
611179.0
611180.0
0.0
0.0
0.0
0.0
0.0
611246.0
611247.0
611248.0
611249.0
611250.0
611251.0
611254.0
611255.0
611256.0
611257.0
611258.0
611260.0
611261.0
611262.0
611263.0
0.0
0.0
0.0
0.0
0.0
0.0
611330.0
611331.0
611332.0
611337.0
611338.0
611339.0
611340.0
611341.0
611342.0
611343.0
611344.0
611345.0
611346.0
611347.0
0.0
611407.0
0.0
0.0
0.0
611413.0
611414.0
611415.0
611416.0
611417.0
611418.0
611420.0
611421.0
611422.0
611423.0
611424.0
611425.0
611426.0
611427.0
611428.0
611489.0
611490.0
0.0
0.0
611497.0
611498.0
611499.0
611500.0
611501.0
611504.0
611506.0
611507.0
611508.0
611509.0
611510.0
611572.0
611577.0
611578.0
0.0
611580.0
611581.0
611582.0
611583.0
611584.0
611588.0
611589.0
611590.0
611591.0
611592.0
611655.0
611656.0
611657.0
0.0
611660.0
611661.0
611662.0
611663.0
611670.0
611671.0
611672.0
611673.0
611674.0
611738.0
611739.0
0.0
0.0
0.0
611744.0
611745.0
611746.0
611753.0
611754.0
611755.0
611756.0
611821.0
0.0
611823.0
611824.0
0.0
0.0
611828.0
611829.0
611837.0
611838.0
0.0
611905.0
611906.0
611908.0
611909.0
611910.0
611911.0
611912.0
611914.0
611915.0
611916.0
611917.0
611919.0
611920.0
611922.0
611987.0
611988.0
611989.0
611990.0
611991.0
611992.0
611993.0
611994.0
611995.0
611997.0
611998.0
611999.0
612000.0
612001.0
612002.0
612003.0
612006.0
612071.0
0.0
0.0
0.0
612080.0
612081.0
612082.0
612083.0
612084.0
612085.0
612087.0
612088.0
612089.0
612154.0
612155.0
612156.0
612157.0
612164.0
612169.0
612170.0
612171.0
612172.0
612173.0
612238.0
612239.0
612240.0
0.0
612251.0
612252.0
612253.0
612254.0
612255.0
612321.0
612322.0
0.0
0.0
0.0
612334.0
612335.0
612336.0
612337.0
0.0
0.0
0.0
0.0
612408.0
0.0
0.0
0.0
612490.0
612491.0
0.0
0.0
0.0
612573.0
612574.0
612575.0
612655.0
612656.0
612657.0
612658.0
0.0
0.0
612738.0
612739.0
612740.0
612741.0
0.0
0.0
612819.0
612820.0
612821.0
612822.0
612823.0
612824.0
0.0
0.0
0.0
612903.0
612904.0
612905.0
612906.0
0.0
0.0
0.0
0.0
0.0
612986.0
612987.0
612988.0
0.0
0.0
0.0
0.0
0.0
0.0
0.0
0.0
0.0
0.0
0.0
0.0
0.0
0.0
0.0
613154.0
613155.0
613230.0
613231.0
613232.0
613233.0
613234.0
0.0
613236.0
613237.0
613238.0
613313.0
613314.0
613316.0
613317.0
613318.0
613319.0
613320.0
613321.0
613396.0
613397.0
613399.0
613400.0
613401.0
613402.0
613403.0
0.0
613480.0
613482.0
613483.0
613484.0
613485.0
613486.0
0.0
0.0
0.0
613566.0
613567.0
613568.0
613649.0
613650.0
613651.0
613732.0
613733.0
613979.0
614062.0
614063.0
614146.0
0.0
0.0
0.0
0.0
0.0
0.0
0.0
0.0
0.0
0.0
0.0
0.0
0.0
620293.0
620294.0
620295.0
620296.0
620297.0
620298.0
620301.0
620305.0
620306.0
620307.0
620374.0
620375.0
620376.0
620377.0
620378.0
620379.0
620380.0
620381.0
620383.0
620384.0
620388.0
620389.0
620390.0
620391.0
620392.0
620393.0
620456.0
620457.0
620458.0
620459.0
620460.0
620463.0
620464.0
620465.0
620466.0
620467.0
620468.0
620469.0
620470.0
620471.0
620472.0
620473.0
620474.0
620475.0
620476.0
620539.0
0.0
620541.0
620542.0
620543.0
620544.0
620546.0
620547.0
620548.0
620549.0
620550.0
620551.0
620552.0
620553.0
620557.0
620558.0
620559.0
0.0
0.0
0.0
0.0
0.0
620625.0
620626.0
620627.0
620628.0
620629.0
620630.0
620633.0
620634.0
620635.0
620636.0
620637.0
620638.0
620639.0
620640.0
620641.0
620642.0
0.0
0.0
0.0
0.0
0.0
620709.0
620710.0
620711.0
620716.0
620717.0
620718.0
620719.0
620720.0
620721.0
620722.0
620723.0
620724.0
620725.0
620786.0
0.0
0.0
0.0
0.0
620791.0
620792.0
620793.0
620794.0
620795.0
620796.0
620797.0
620798.0
620800.0
620801.0
620802.0
620803.0
620805.0
620806.0
620868.0
620869.0
620870.0
0.0
0.0
620876.0
620877.0
620878.0
620879.0
620880.0
620881.0
620885.0
620886.0
620887.0
620888.0
620889.0
620951.0
620952.0
620953.0
0.0
0.0
0.0
620959.0
620960.0
620961.0
620962.0
620963.0
620967.0
620968.0
620969.0
620970.0
621034.0
621035.0
0.0
0.0
621041.0
621042.0
621043.0
621049.0
621050.0
621051.0
621052.0
621053.0
621117.0
621118.0
0.0
0.0
0.0
0.0
621123.0
621124.0
621125.0
621133.0
621134.0
621135.0
621200.0
0.0
0.0
0.0
0.0
621206.0
621207.0
621216.0
0.0
621284.0
621285.0
621286.0
621287.0
621288.0
621289.0
621290.0
621293.0
621294.0
621296.0
621297.0
621298.0
621299.0
621300.0
621301.0
621368.0
621369.0
621370.0
621371.0
621372.0
621373.0
621376.0
621377.0
621378.0
621379.0
621380.0
621381.0
621382.0
621385.0
621386.0
621450.0
621451.0
621452.0
621458.0
621459.0
621460.0
621461.0
621463.0
621464.0
621468.0
621469.0
621533.0
621534.0
621535.0
621541.0
621543.0
621544.0
621547.0
621548.0
621549.0
621550.0
621551.0
621616.0
621617.0
621618.0
621623.0
621624.0
621625.0
621629.0
621630.0
621631.0
621632.0
621633.0
621634.0
621699.0
621700.0
621701.0
0.0
621706.0
621707.0
621708.0
621712.0
621713.0
621714.0
621715.0
621716.0
0.0
0.0
0.0
0.0
0.0
621789.0
621790.0
621791.0
0.0
0.0
0.0
0.0
0.0
621873.0
621874.0
0.0
0.0
0.0
0.0
621952.0
621956.0
621957.0
622035.0
622036.0
0.0
0.0
622117.0
622118.0
622119.0
0.0
0.0
622199.0
622200.0
622201.0
622202.0
0.0
0.0
622282.0
622283.0
622284.0
0.0
0.0
622364.0
0.0
622366.0
0.0
0.0
0.0
622447.0
0.0
0.0
622526.0
622527.0
0.0
0.0
0.0
0.0
0.0
622609.0
622610.0
0.0
0.0
0.0
0.0
622615.0
622692.0
622693.0
0.0
622695.0
622696.0
622697.0
622698.0
622775.0
622776.0
622777.0
622778.0
622779.0
622780.0
622781.0
0.0
622859.0
622860.0
622861.0
622862.0
622863.0
622864.0
0.0
0.0
0.0
622946.0
622947.0
623028.0
623029.0
623030.0
623111.0
623112.0
623113.0
0.0
623194.0
623195.0
0.0
0.0
0.0
0.0
0.0
0.0
0.0
0.0
0.0
0.0
0.0
0.0
0.0
0.0
0.0
0.0
0.0
0.0
0.0
0.0
629756.0
629757.0
629758.0
629759.0
629766.0
629767.0
629768.0
629769.0
0.0
629837.0
629838.0
629839.0
629840.0
629841.0
629842.0
629843.0
629844.0
629845.0
629846.0
629847.0
629848.0
629849.0
629850.0
629851.0
629852.0
629853.0
629854.0
629919.0
629920.0
629921.0
629922.0
629923.0
629924.0
629925.0
629926.0
629927.0
629928.0
629929.0
629930.0
629931.0
629932.0
629933.0
629935.0
629936.0
629937.0
0.0
630003.0
630004.0
630005.0
630006.0
630007.0
630008.0
630009.0
630010.0
630011.0
630012.0
630013.0
630014.0
630015.0
630016.0
630017.0
630018.0
630019.0
630020.0
630021.0
630022.0
0.0
0.0
0.0
630086.0
630087.0
630088.0
630089.0
630090.0
630091.0
630096.0
630097.0
630098.0
630099.0
630100.0
630101.0
630104.0
630165.0
0.0
0.0
0.0
0.0
630170.0
630171.0
630172.0
630173.0
630174.0
630175.0
630176.0
630177.0
630180.0
630181.0
630182.0
630184.0
630185.0
630248.0
630249.0
0.0
0.0
0.0
0.0
0.0
630255.0
630256.0
630257.0
630258.0
630259.0
630260.0
630264.0
630265.0
630266.0
630267.0
630268.0
630331.0
630332.0
0.0
0.0
0.0
0.0
630338.0
630339.0
630340.0
630341.0
630342.0
630343.0
630346.0
630347.0
630348.0
630349.0
630414.0
630415.0
630416.0
0.0
0.0
630420.0
630421.0
630429.0
630430.0
630431.0
630432.0
630497.0
630498.0
0.0
0.0
630502.0
630503.0
630504.0
630506.0
630512.0
630515.0
630579.0
630580.0
0.0
0.0
0.0
630584.0
630585.0
630586.0
630589.0
630664.0
630665.0
630666.0
630667.0
630668.0
630669.0
630672.0
630675.0
630676.0
630677.0
630678.0
630679.0
630680.0
630681.0
630746.0
630747.0
630748.0
630749.0
630750.0
630751.0
630752.0
630754.0
630755.0
630756.0
630757.0
630758.0
630759.0
630760.0
630761.0
630762.0
630763.0
630764.0
630765.0
630829.0
630830.0
630836.0
630837.0
630838.0
630839.0
630840.0
630845.0
630912.0
630913.0
630919.0
630920.0
630921.0
630922.0
630923.0
630925.0
630926.0
630927.0
630928.0
630929.0
630930.0
631000.0
631002.0
631003.0
631004.0
631005.0
631007.0
631008.0
631009.0
631010.0
631011.0
631012.0
631013.0
631078.0
631079.0
631083.0
631085.0
631086.0
631087.0
631090.0
631091.0
631092.0
631093.0
631094.0
631095.0
0.0
0.0
631166.0
631167.0
631168.0
631169.0
631170.0
631171.0
631249.0
631250.0
631251.0
631252.0
631253.0
0.0
631333.0
631334.0
631335.0
631336.0
631416.0
631417.0
631418.0
0.0
631500.0
0.0
0.0
0.0
0.0
0.0
0.0
631827.0
0.0
0.0
631989.0
0.0
0.0
0.0
0.0
0.0
632072.0
0.0
0.0
0.0
632076.0
0.0
0.0
0.0
632156.0
632157.0
0.0
632159.0
0.0
0.0
632239.0
632240.0
632241.0
632242.0
0.0
0.0
632324.0
632325.0
0.0
632407.0
632408.0
0.0
632490.0
632491.0
0.0
632574.0
0.0
632657.0
0.0
0.0
0.0
0.0
0.0
0.0
0.0
0.0
0.0
0.0
0.0
0.0
0.0
0.0
0.0
0.0
0.0
639219.0
639220.0
639221.0
639228.0
639229.0
639230.0
639231.0
639301.0
639302.0
639303.0
639304.0
639305.0
639306.0
639307.0
639308.0
639309.0
639310.0
639311.0
639312.0
639315.0
639382.0
639383.0
639384.0
639385.0
639386.0
639387.0
639388.0
639389.0
639390.0
639391.0
639392.0
639393.0
639394.0
639395.0
639396.0
639397.0
639465.0
639466.0
639467.0
639469.0
639470.0
639471.0
639472.0
639473.0
639474.0
639476.0
639477.0
639478.0
639483.0
639484.0
0.0
0.0
0.0
639549.0
639550.0
639552.0
639553.0
639554.0
639555.0
639556.0
639557.0
639560.0
639561.0
0.0
0.0
0.0
0.0
639633.0
639634.0
639635.0
639636.0
639637.0
639638.0
639639.0
639640.0
639643.0
639644.0
639711.0
0.0
0.0
0.0
0.0
639717.0
639718.0
639719.0
639720.0
639721.0
639722.0
639726.0
639727.0
639794.0
639795.0
639798.0
639799.0
639800.0
639808.0
639809.0
639876.0
639877.0
639878.0
0.0
639880.0
639881.0
639882.0
639883.0
639885.0
639886.0
639891.0
639959.0
639960.0
0.0
639962.0
639963.0
639964.0
639967.0
639968.0
639969.0
639970.0
639971.0
639972.0
640043.0
640044.0
640045.0
640046.0
640047.0
640050.0
640051.0
640053.0
640054.0
640055.0
640056.0
640057.0
640058.0
640059.0
640125.0
640126.0
640127.0
640128.0
640129.0
640130.0
640132.0
640133.0
640134.0
640135.0
640136.0
640138.0
640139.0
640140.0
640141.0
640142.0
640143.0
640208.0
640209.0
640215.0
640216.0
640217.0
640218.0
640219.0
640221.0
640224.0
640225.0
640226.0
0.0
640292.0
640296.0
640298.0
640300.0
640301.0
640303.0
640304.0
640305.0
640306.0
640307.0
640308.0
640309.0
0.0
640375.0
640379.0
640381.0
640383.0
640384.0
640386.0
640387.0
640388.0
640389.0
640390.0
640391.0
640457.0
640462.0
640463.0
640465.0
640466.0
640467.0
640469.0
640470.0
640471.0
640472.0
640545.0
640546.0
640548.0
640549.0
640552.0
640553.0
640629.0
640630.0
640631.0
640632.0
640713.0
640714.0
640715.0
640796.0
640797.0
640878.0
640879.0
640880.0
640962.0
0.0
0.0
0.0
0.0
0.0
0.0
0.0
0.0
641620.0
0.0
641703.0
0.0
641786.0
641869.0
0.0
0.0
0.0
0.0
0.0
0.0
0.0
0.0
648768.0
648769.0
648770.0
648771.0
648772.0
648849.0
648850.0
648851.0
648852.0
648853.0
648854.0
648855.0
648856.0
648933.0
648934.0
648935.0
648936.0
648937.0
648938.0
648939.0
648940.0
0.0
649013.0
649014.0
649015.0
649016.0
649017.0
649018.0
649019.0
649020.0
649022.0
649023.0
649095.0
649096.0
649097.0
649098.0
649099.0
649100.0
649101.0
649105.0
649106.0
649177.0
649178.0
649179.0
649187.0
649188.0
649258.0
649259.0
649260.0
649261.0
649264.0
649265.0
649266.0
649267.0
649341.0
649342.0
649343.0
649346.0
649347.0
649348.0
649349.0
649350.0
649351.0
649352.0
649353.0
649355.0
649422.0
649423.0
649424.0
649425.0
649428.0
649429.0
649430.0
649431.0
649432.0
649433.0
649434.0
649435.0
649436.0
649437.0
649438.0
649504.0
649505.0
649506.0
649507.0
649508.0
649510.0
649511.0
649512.0
649513.0
649514.0
649515.0
649521.0
649522.0
649587.0
649588.0
649593.0
649594.0
649599.0
649600.0
649601.0
649604.0
649670.0
649673.0
649674.0
649676.0
649677.0
649678.0
649679.0
649682.0
649683.0
649684.0
649685.0
649686.0
649687.0
649757.0
649758.0
649759.0
649760.0
649761.0
649762.0
649763.0
649765.0
649766.0
649767.0
649768.0
649769.0
649770.0
649841.0
649842.0
649843.0
649844.0
649845.0
649847.0
649848.0
649849.0
649850.0
649925.0
649926.0
649927.0
649928.0
649930.0
649931.0
649932.0
650009.0
650010.0
650011.0
650013.0
650014.0
650015.0
650092.0
650093.0
650175.0
650176.0
650258.0
650259.0
650340.0
650341.0
651082.0
0.0
658233.0
658234.0
658315.0
658316.0
658317.0
658318.0
658319.0
658393.0
658394.0
658395.0
658397.0
658398.0
658399.0
658400.0
658401.0
658402.0
658475.0
658476.0
658477.0
658478.0
658484.0
658556.0
658557.0
658558.0
658559.0
658560.0
658638.0
658639.0
658640.0
658641.0
658644.0
658645.0
658646.0
658647.0
658720.0
658721.0
658722.0
658723.0
658725.0
658726.0
658727.0
658728.0
658729.0
658730.0
658731.0
658732.0
658733.0
658734.0
658801.0
658802.0
658803.0
658804.0
658805.0
658807.0
658808.0
658809.0
658810.0
658811.0
658812.0
658813.0
658814.0
658815.0
658816.0
658817.0
658884.0
658885.0
658886.0
658887.0
658889.0
658890.0
658892.0
658893.0
658894.0
658896.0
658897.0
658898.0
658900.0
658966.0
658967.0
658968.0
658969.0
658972.0
658973.0
658974.0
658975.0
658976.0
658978.0
658979.0
658980.0
658981.0
658982.0
658983.0
659050.0
659051.0
659052.0
659053.0
659055.0
659056.0
659057.0
659058.0
659061.0
659062.0
659063.0
659064.0
659065.0
659066.0
659135.0
659136.0
659137.0
659138.0
659139.0
659140.0
659141.0
659144.0
659145.0
659146.0
659147.0
659148.0
659220.0
659221.0
659222.0
659223.0
659224.0
659225.0
659227.0
659228.0
659229.0
659305.0
659306.0
659308.0
659309.0
659310.0
659311.0
659312.0
659388.0
659389.0
659391.0
659392.0
659393.0
659394.0
659474.0
659475.0
659637.0
659638.0
659720.0
659802.0
659803.0
0.0
0.0
667696.0
667777.0
667778.0
667779.0
667780.0
667854.0
667855.0
667856.0
667857.0
667858.0
667859.0
667860.0
667936.0
667937.0
667938.0
667939.0
667940.0
667941.0
667942.0
668018.0
668019.0
668020.0
668021.0
668022.0
668023.0
668024.0
668025.0
668026.0
668100.0
668101.0
668102.0
668103.0
668104.0
668105.0
668106.0
668107.0
668108.0
668109.0
668110.0
668112.0
668113.0
668181.0
668182.0
668183.0
668184.0
668185.0
668186.0
668187.0
668188.0
668189.0
668190.0
668191.0
668192.0
668193.0
668194.0
668195.0
668196.0
668263.0
668264.0
668265.0
668266.0
668267.0
668269.0
668271.0
668272.0
668273.0
668275.0
668276.0
668277.0
668278.0
668279.0
668346.0
668347.0
668348.0
668349.0
668350.0
668351.0
668352.0
668353.0
668354.0
668355.0
668357.0
668358.0
668359.0
668360.0
668361.0
668362.0
668430.0
668431.0
668432.0
668433.0
668434.0
668435.0
668436.0
668437.0
668440.0
668441.0
668442.0
668443.0
668444.0
668515.0
668516.0
668517.0
668518.0
668519.0
668523.0
668524.0
668525.0
668599.0
668600.0
668601.0
668602.0
668604.0
668606.0
668607.0
668608.0
668683.0
668684.0
668685.0
668686.0
668687.0
668688.0
668689.0
668690.0
668767.0
668769.0
668770.0
668771.0
668772.0
668850.0
668852.0
668853.0
668854.0
668933.0
668935.0
668936.0
669015.0
669016.0
669018.0
669019.0
669098.0
669099.0
669101.0
669102.0
669181.0
669182.0
669183.0
669184.0
669267.0
677238.0
677317.0
677318.0
677319.0
677320.0
677398.0
677399.0
677400.0
677401.0
677402.0
677403.0
677404.0
677405.0
677480.0
677481.0
677482.0
677483.0
677484.0
677485.0
677486.0
677487.0
677488.0
677489.0
677490.0
677491.0
677563.0
677564.0
677565.0
677566.0
677568.0
677569.0
677570.0
677571.0
677572.0
677573.0
677574.0
677644.0
677645.0
677646.0
677647.0
677650.0
677651.0
677652.0
677653.0
677654.0
677655.0
677656.0
677657.0
677726.0
677727.0
677728.0
677729.0
677730.0
677731.0
677732.0
677733.0
677734.0
677735.0
677737.0
677738.0
677739.0
677740.0
677809.0
677810.0
677811.0
677812.0
677813.0
677814.0
677815.0
677816.0
677819.0
677820.0
677821.0
677822.0
677894.0
677895.0
677896.0
677897.0
677898.0
677904.0
677979.0
677980.0
677983.0
677984.0
677985.0
677986.0
677987.0
678062.0
678063.0
678065.0
678066.0
678067.0
678068.0
678069.0
678070.0
678145.0
678146.0
678148.0
678149.0
678150.0
678151.0
678228.0
678229.0
678231.0
678232.0
678233.0
678311.0
678312.0
678313.0
678314.0
678315.0
678316.0
678394.0
678395.0
678396.0
678397.0
678398.0
678477.0
678478.0
678479.0
678480.0
678481.0
678560.0
678561.0
678562.0
678563.0
678564.0
678646.0
686948.0
686949.0
686950.0
686952.0
686953.0
687029.0
687030.0
687031.0
687032.0
687033.0
687034.0
687035.0
687036.0
687111.0
687112.0
687113.0
687114.0
687115.0
687117.0
687118.0
687193.0
687194.0
687197.0
687199.0
687200.0
687201.0
687276.0
687283.0
687358.0
687359.0
687360.0
687361.0
687362.0
687363.0
687364.0
687365.0
687366.0
687367.0
687441.0
687442.0
687443.0
687444.0
687445.0
687446.0
687525.0
687527.0
687528.0
687530.0
687607.0
687608.0
687609.0
687610.0
687611.0
687612.0
687690.0
687691.0
687692.0
687693.0
687694.0
687695.0
687773.0
687774.0
687775.0
687776.0
687777.0
687857.0
687858.0
687859.0
687860.0
687939.0
687940.0
687942.0
687943.0
688026.0
696492.0
696493.0
696494.0
696497.0
696576.0
696579.0
696739.0
696740.0
696745.0
696821.0
696822.0
696823.0
696824.0
696903.0
696904.0
696905.0
696906.0
696907.0
696986.0
696987.0
696988.0
696989.0
696990.0
696991.0
696992.0
697069.0
697070.0
697071.0
697072.0
697073.0
697074.0
697075.0
697153.0
697154.0
697155.0
697156.0
697236.0
697237.0
697238.0
697239.0
697319.0
697320.0
697321.0
697322.0
0.0
706284.0
706287.0
706366.0
706367.0
706369.0
706370.0
706372.0
706449.0
706450.0
706451.0
706452.0
706453.0
706454.0
706455.0
706532.0
706534.0
706535.0
706537.0
706616.0
706617.0
706618.0
706700.0
706701.0
715831.0
715832.0
715833.0
715834.0
715913.0
715914.0
715915.0
715916.0
715996.0
716079.0
