0.0
0.0
0.0
0.0
0.0
0.0
0.0
0.0
0.0
0.0
0.0
0.0
0.0
0.0
0.0
0.0
0.0
0.0
0.0
0.0
0.0
0.0
0.0
0.0
0.0
0.0
0.0
0.0
0.0
0.0
0.0
0.0
0.0
0.0
0.0
0.0
0.0
0.0
0.0
0.0
0.0
0.0
0.0
0.0
0.0
0.0
0.0
0.0
0.0
0.0
0.0
0.0
0.0
0.0
0.0
0.0
0.0
0.0
0.0
0.0
0.0
0.0
0.0
0.0
0.0
0.0
0.0
0.0
0.0
0.0
0.0
0.0
0.0
0.0
0.0
0.0
0.0
0.0
0.0
0.0
0.0
0.0
0.0
0.0
0.0
0.0
0.0
0.0
0.0
0.0
0.0
0.0
0.0
0.0
0.0
0.0
0.0
0.0
0.0
0.0
0.0
0.0
0.0
0.0
0.0
0.0
0.0
0.0
0.0
0.0
0.0
0.0
0.0
0.0
0.0
0.0
0.0
0.0
0.0
0.0
0.0
0.0
0.0
0.0
0.0
0.0
0.0
0.0
0.0
0.0
0.0
0.0
0.0
0.0
0.0
0.0
0.0
0.0
0.0
0.0
0.0
0.0
0.0
0.0
0.0
0.0
0.0
0.0
0.0
0.0
0.0
0.0
0.0
0.0
0.0
0.0
0.0
0.0
0.0
0.0
0.0
0.0
0.0
0.0
0.0
0.0
0.0
0.0
0.0
0.0
0.0
0.0
0.0
0.0
0.0
0.0
0.0
0.0
0.0
0.0
0.0
0.0
0.0
0.0
0.0
0.0
0.0
0.0
0.0
0.0
0.0
0.0
0.0
0.0
0.0
0.0
0.0
0.0
0.0
0.0
0.0
0.0
0.0
0.0
0.0
0.0
0.0
0.0
0.0
0.0
0.0
0.0
0.0
0.0
0.0
0.0
0.0
0.0
0.0
0.0
0.0
0.0
0.0
0.0
0.0
0.0
0.0
0.0
0.0
0.0
0.0
0.0
0.0
0.0
0.0
0.0
0.0
0.0
0.0
0.0
0.0
0.0
0.0
0.0
0.0
0.0
0.0
0.0
0.0
0.0
0.0
0.0
0.0
0.0
0.0
0.0
0.0
0.0
0.0
0.0
0.0
0.0
0.0
0.0
0.0
0.0
0.0
0.0
0.0
0.0
0.0
0.0
0.0
0.0
0.0
0.0
0.0
0.0
0.0
0.0
0.0
0.0
0.0
0.0
0.0
0.0
0.0
0.0
0.0
0.0
0.0
0.0
0.0
0.0
0.0
0.0
0.0
0.0
0.0
0.0
0.0
0.0
0.0
0.0
0.0
0.0
0.0
0.0
0.0
0.0
0.0
0.0
0.0
0.0
0.0
0.0
0.0
0.0
0.0
0.0
0.0
0.0
0.0
0.0
0.0
0.0
0.0
0.0
0.0
0.0
0.0
0.0
0.0
0.0
0.0
0.0
0.0
0.0
0.0
0.0
0.0
0.0
0.0
0.0
0.0
0.0
0.0
0.0
0.0
0.0
0.0
0.0
0.0
0.0
0.0
0.0
0.0
0.0
0.0
0.0
0.0
0.0
0.0
0.0
0.0
0.0
0.0
0.0
0.0
0.0
0.0
0.0
0.0
0.0
0.0
0.0
0.0
0.0
0.0
0.0
0.0
0.0
0.0
0.0
0.0
0.0
0.0
0.0
0.0
0.0
0.0
0.0
148208.0
148209.0
0.0
0.0
0.0
0.0
0.0
0.0
0.0
0.0
0.0
0.0
0.0
148288.0
148290.0
148291.0
0.0
0.0
0.0
0.0
0.0
0.0
0.0
0.0
0.0
0.0
0.0
0.0
0.0
0.0
0.0
148372.0
0.0
0.0
0.0
0.0
0.0
0.0
0.0
0.0
0.0
0.0
0.0
0.0
148454.0
148455.0
148456.0
0.0
0.0
0.0
0.0
0.0
0.0
0.0
0.0
0.0
0.0
0.0
148538.0
0.0
0.0
0.0
0.0
0.0
0.0
0.0
0.0
0.0
0.0
0.0
0.0
0.0
0.0
0.0
0.0
0.0
0.0
0.0
0.0
0.0
0.0
0.0
0.0
0.0
0.0
0.0
0.0
0.0
0.0
0.0
0.0
0.0
0.0
0.0
0.0
0.0
0.0
0.0
0.0
0.0
0.0
0.0
0.0
0.0
0.0
0.0
0.0
0.0
0.0
0.0
0.0
0.0
0.0
0.0
0.0
0.0
0.0
0.0
0.0
0.0
0.0
0.0
0.0
0.0
0.0
0.0
0.0
0.0
0.0
0.0
0.0
0.0
0.0
0.0
0.0
0.0
0.0
0.0
0.0
0.0
0.0
0.0
0.0
0.0
0.0
0.0
156672.0
0.0
0.0
0.0
0.0
0.0
0.0
0.0
0.0
0.0
0.0
0.0
0.0
0.0
0.0
0.0
156754.0
156755.0
0.0
0.0
0.0
0.0
0.0
0.0
0.0
0.0
0.0
0.0
0.0
0.0
156837.0
156838.0
156839.0
156840.0
156841.0
0.0
0.0
0.0
0.0
0.0
0.0
0.0
0.0
0.0
156919.0
156920.0
156921.0
156922.0
156923.0
0.0
0.0
0.0
0.0
0.0
0.0
0.0
0.0
0.0
0.0
0.0
0.0
0.0
157002.0
157003.0
157004.0
157005.0
0.0
0.0
0.0
0.0
0.0
0.0
0.0
0.0
0.0
0.0
0.0
0.0
157084.0
157085.0
157086.0
157087.0
157088.0
0.0
0.0
0.0
0.0
0.0
0.0
0.0
0.0
0.0
0.0
0.0
0.0
0.0
0.0
157167.0
0.0
157169.0
157170.0
0.0
0.0
0.0
0.0
0.0
0.0
0.0
0.0
0.0
0.0
0.0
0.0
0.0
0.0
0.0
0.0
0.0
0.0
0.0
0.0
0.0
0.0
0.0
0.0
0.0
0.0
0.0
0.0
0.0
0.0
0.0
0.0
0.0
0.0
0.0
0.0
0.0
0.0
0.0
0.0
0.0
0.0
0.0
0.0
0.0
0.0
0.0
0.0
0.0
0.0
0.0
0.0
0.0
0.0
0.0
0.0
0.0
0.0
0.0
0.0
0.0
0.0
0.0
0.0
0.0
0.0
0.0
0.0
0.0
0.0
0.0
0.0
0.0
0.0
0.0
0.0
0.0
0.0
0.0
0.0
0.0
0.0
0.0
0.0
0.0
0.0
0.0
0.0
0.0
0.0
0.0
0.0
0.0
0.0
0.0
0.0
0.0
0.0
0.0
0.0
0.0
0.0
0.0
0.0
0.0
0.0
0.0
0.0
0.0
0.0
0.0
0.0
0.0
0.0
0.0
0.0
0.0
0.0
0.0
0.0
0.0
0.0
0.0
0.0
0.0
0.0
0.0
0.0
0.0
0.0
0.0
0.0
0.0
0.0
0.0
0.0
0.0
0.0
0.0
0.0
0.0
0.0
0.0
0.0
0.0
0.0
0.0
0.0
0.0
0.0
0.0
0.0
0.0
165303.0
165304.0
0.0
0.0
0.0
0.0
0.0
0.0
0.0
0.0
0.0
0.0
0.0
0.0
0.0
165385.0
165386.0
165387.0
165390.0
0.0
0.0
0.0
0.0
0.0
0.0
0.0
0.0
165468.0
165469.0
165470.0
165471.0
165473.0
0.0
0.0
0.0
0.0
0.0
0.0
0.0
0.0
165552.0
165553.0
165554.0
0.0
0.0
0.0
0.0
0.0
0.0
0.0
0.0
0.0
0.0
0.0
0.0
165633.0
165634.0
165635.0
165636.0
165637.0
0.0
0.0
0.0
0.0
0.0
0.0
0.0
0.0
0.0
0.0
0.0
0.0
0.0
0.0
0.0
165716.0
165717.0
165718.0
165719.0
165720.0
0.0
0.0
0.0
0.0
0.0
0.0
0.0
0.0
0.0
0.0
0.0
0.0
0.0
165799.0
165800.0
165801.0
165802.0
165803.0
0.0
0.0
0.0
0.0
0.0
0.0
0.0
0.0
0.0
0.0
0.0
0.0
165882.0
165883.0
165884.0
0.0
0.0
0.0
0.0
0.0
0.0
0.0
0.0
0.0
0.0
0.0
0.0
0.0
0.0
0.0
0.0
0.0
0.0
0.0
0.0
0.0
0.0
0.0
0.0
0.0
0.0
0.0
0.0
0.0
0.0
0.0
0.0
0.0
0.0
0.0
0.0
0.0
0.0
0.0
0.0
0.0
0.0
0.0
0.0
0.0
0.0
0.0
0.0
0.0
0.0
0.0
0.0
0.0
0.0
0.0
0.0
0.0
0.0
0.0
0.0
0.0
0.0
0.0
0.0
0.0
0.0
0.0
0.0
0.0
0.0
0.0
0.0
0.0
0.0
0.0
0.0
0.0
0.0
0.0
0.0
0.0
0.0
0.0
0.0
0.0
0.0
0.0
0.0
0.0
0.0
0.0
0.0
0.0
0.0
0.0
0.0
0.0
0.0
0.0
0.0
0.0
0.0
0.0
0.0
0.0
0.0
0.0
0.0
0.0
0.0
0.0
0.0
0.0
0.0
0.0
0.0
0.0
0.0
0.0
0.0
0.0
0.0
0.0
0.0
0.0
0.0
0.0
0.0
0.0
0.0
0.0
0.0
0.0
0.0
0.0
0.0
0.0
0.0
0.0
0.0
0.0
0.0
0.0
173771.0
0.0
0.0
0.0
0.0
0.0
0.0
0.0
0.0
0.0
0.0
0.0
0.0
0.0
0.0
0.0
173853.0
173854.0
173855.0
0.0
0.0
0.0
0.0
0.0
0.0
0.0
0.0
0.0
0.0
0.0
0.0
0.0
173933.0
173934.0
173935.0
173937.0
173938.0
173939.0
0.0
0.0
0.0
0.0
0.0
0.0
0.0
0.0
0.0
0.0
0.0
0.0
174015.0
174016.0
174017.0
174018.0
174020.0
174021.0
174022.0
0.0
0.0
0.0
0.0
0.0
0.0
0.0
0.0
0.0
174098.0
174099.0
174100.0
174101.0
174103.0
174105.0
174106.0
0.0
0.0
0.0
0.0
0.0
0.0
0.0
0.0
0.0
0.0
0.0
174181.0
174182.0
174183.0
174184.0
174185.0
174186.0
0.0
0.0
0.0
0.0
0.0
0.0
0.0
0.0
0.0
0.0
0.0
174266.0
174267.0
174268.0
174269.0
174270.0
0.0
0.0
0.0
0.0
0.0
0.0
0.0
0.0
0.0
0.0
0.0
0.0
0.0
0.0
174348.0
174349.0
174350.0
174351.0
174352.0
0.0
0.0
0.0
0.0
0.0
0.0
0.0
0.0
0.0
0.0
0.0
0.0
0.0
174431.0
174432.0
174433.0
174434.0
174435.0
0.0
0.0
0.0
0.0
0.0
0.0
0.0
0.0
0.0
0.0
0.0
0.0
174515.0
174516.0
0.0
0.0
0.0
0.0
0.0
0.0
0.0
0.0
0.0
0.0
0.0
0.0
0.0
0.0
0.0
0.0
0.0
0.0
0.0
0.0
0.0
0.0
0.0
0.0
0.0
0.0
0.0
0.0
0.0
0.0
0.0
0.0
0.0
0.0
0.0
0.0
0.0
0.0
0.0
0.0
0.0
0.0
0.0
0.0
0.0
0.0
0.0
0.0
0.0
0.0
0.0
0.0
0.0
0.0
0.0
0.0
0.0
0.0
0.0
0.0
0.0
0.0
0.0
0.0
0.0
0.0
0.0
0.0
0.0
0.0
0.0
0.0
0.0
0.0
0.0
0.0
0.0
0.0
0.0
0.0
0.0
0.0
0.0
0.0
0.0
0.0
0.0
0.0
0.0
0.0
0.0
0.0
0.0
0.0
0.0
0.0
0.0
0.0
0.0
0.0
0.0
0.0
0.0
0.0
0.0
0.0
0.0
0.0
0.0
0.0
0.0
0.0
0.0
0.0
0.0
0.0
0.0
0.0
0.0
0.0
0.0
0.0
0.0
0.0
0.0
0.0
0.0
0.0
0.0
0.0
0.0
0.0
0.0
0.0
0.0
0.0
0.0
0.0
0.0
0.0
0.0
0.0
0.0
0.0
0.0
0.0
0.0
0.0
0.0
0.0
0.0
0.0
0.0
0.0
0.0
182316.0
0.0
0.0
0.0
0.0
0.0
0.0
0.0
0.0
0.0
0.0
0.0
0.0
0.0
182399.0
0.0
182401.0
182402.0
182403.0
0.0
0.0
0.0
0.0
0.0
0.0
0.0
0.0
0.0
182481.0
182482.0
182483.0
182484.0
182485.0
182486.0
0.0
0.0
0.0
0.0
0.0
0.0
182564.0
182565.0
182566.0
182567.0
182568.0
182569.0
182570.0
0.0
0.0
0.0
0.0
0.0
0.0
0.0
0.0
0.0
182647.0
182648.0
182651.0
182652.0
182653.0
0.0
0.0
0.0
0.0
0.0
0.0
0.0
0.0
0.0
0.0
182730.0
182731.0
182733.0
182734.0
182735.0
182736.0
0.0
0.0
0.0
0.0
0.0
0.0
0.0
0.0
0.0
0.0
0.0
0.0
182812.0
182813.0
182814.0
182815.0
182816.0
182817.0
182818.0
182819.0
0.0
0.0
0.0
0.0
0.0
0.0
0.0
0.0
0.0
0.0
182896.0
182897.0
182898.0
182899.0
182900.0
182901.0
0.0
0.0
0.0
0.0
0.0
0.0
0.0
0.0
0.0
0.0
0.0
182982.0
182983.0
182984.0
0.0
0.0
0.0
0.0
0.0
0.0
0.0
0.0
0.0
0.0
0.0
0.0
183065.0
183066.0
183067.0
0.0
0.0
0.0
0.0
0.0
0.0
0.0
0.0
0.0
0.0
0.0
0.0
0.0
0.0
0.0
0.0
0.0
0.0
0.0
0.0
0.0
0.0
0.0
0.0
0.0
0.0
0.0
0.0
0.0
0.0
0.0
0.0
0.0
0.0
0.0
0.0
0.0
0.0
0.0
0.0
0.0
0.0
0.0
0.0
0.0
0.0
0.0
0.0
0.0
0.0
0.0
0.0
0.0
0.0
0.0
0.0
0.0
0.0
0.0
0.0
0.0
0.0
0.0
0.0
0.0
0.0
0.0
0.0
0.0
0.0
0.0
0.0
0.0
0.0
0.0
0.0
0.0
0.0
0.0
0.0
0.0
0.0
0.0
0.0
0.0
0.0
0.0
0.0
0.0
0.0
0.0
0.0
0.0
0.0
0.0
0.0
0.0
0.0
0.0
0.0
0.0
0.0
0.0
0.0
0.0
0.0
0.0
0.0
0.0
0.0
0.0
0.0
0.0
0.0
0.0
0.0
0.0
0.0
0.0
0.0
0.0
0.0
0.0
0.0
0.0
0.0
0.0
0.0
0.0
0.0
0.0
0.0
0.0
0.0
0.0
0.0
0.0
0.0
0.0
0.0
0.0
0.0
0.0
0.0
0.0
0.0
0.0
0.0
0.0
0.0
0.0
0.0
0.0
0.0
0.0
0.0
0.0
0.0
0.0
0.0
0.0
0.0
0.0
0.0
0.0
0.0
0.0
0.0
0.0
0.0
0.0
190864.0
190865.0
0.0
0.0
0.0
0.0
0.0
0.0
0.0
0.0
0.0
190948.0
190950.0
190951.0
190952.0
0.0
0.0
0.0
0.0
0.0
0.0
0.0
0.0
0.0
0.0
0.0
191030.0
191031.0
191032.0
191033.0
191034.0
191035.0
191036.0
191037.0
0.0
0.0
0.0
0.0
0.0
0.0
0.0
0.0
0.0
0.0
0.0
0.0
191113.0
191114.0
191115.0
191116.0
191117.0
191119.0
0.0
0.0
0.0
0.0
0.0
0.0
0.0
0.0
0.0
191195.0
191196.0
191198.0
191199.0
191200.0
0.0
0.0
0.0
0.0
0.0
0.0
0.0
0.0
0.0
0.0
0.0
191278.0
191279.0
191280.0
191281.0
191282.0
191283.0
191284.0
0.0
0.0
0.0
0.0
0.0
0.0
0.0
0.0
191361.0
191362.0
191363.0
191364.0
191365.0
191366.0
191367.0
0.0
0.0
0.0
0.0
0.0
0.0
0.0
0.0
0.0
0.0
191444.0
191445.0
191446.0
191447.0
191448.0
191449.0
191450.0
0.0
0.0
0.0
0.0
0.0
0.0
0.0
0.0
0.0
0.0
191528.0
191529.0
191531.0
191532.0
191533.0
0.0
0.0
0.0
0.0
0.0
0.0
0.0
0.0
0.0
0.0
0.0
191615.0
191616.0
0.0
0.0
0.0
0.0
0.0
0.0
0.0
0.0
0.0
0.0
0.0
0.0
0.0
0.0
0.0
0.0
0.0
0.0
0.0
0.0
0.0
0.0
0.0
0.0
0.0
0.0
0.0
0.0
0.0
0.0
0.0
0.0
0.0
0.0
0.0
0.0
0.0
0.0
0.0
0.0
0.0
0.0
0.0
0.0
0.0
0.0
0.0
0.0
0.0
0.0
0.0
0.0
0.0
0.0
0.0
0.0
0.0
0.0
0.0
0.0
0.0
0.0
0.0
0.0
0.0
0.0
0.0
0.0
0.0
0.0
0.0
0.0
0.0
0.0
0.0
0.0
0.0
0.0
0.0
0.0
0.0
0.0
0.0
0.0
0.0
0.0
0.0
0.0
0.0
0.0
0.0
0.0
0.0
0.0
0.0
0.0
0.0
0.0
0.0
0.0
0.0
0.0
0.0
0.0
0.0
0.0
0.0
0.0
0.0
0.0
0.0
0.0
0.0
0.0
0.0
0.0
0.0
0.0
0.0
0.0
0.0
0.0
0.0
0.0
0.0
0.0
0.0
0.0
0.0
0.0
0.0
0.0
0.0
0.0
0.0
0.0
0.0
0.0
0.0
0.0
0.0
0.0
0.0
0.0
0.0
0.0
0.0
0.0
0.0
0.0
0.0
0.0
0.0
0.0
0.0
0.0
0.0
0.0
0.0
0.0
0.0
0.0
0.0
0.0
0.0
0.0
0.0
0.0
0.0
0.0
199413.0
0.0
0.0
0.0
0.0
0.0
0.0
0.0
0.0
0.0
0.0
199496.0
199497.0
0.0
0.0
0.0
0.0
0.0
0.0
0.0
0.0
0.0
199578.0
199579.0
199580.0
199582.0
199583.0
199586.0
0.0
0.0
0.0
0.0
0.0
0.0
0.0
0.0
0.0
0.0
0.0
0.0
199661.0
199662.0
199663.0
199664.0
199665.0
199666.0
199667.0
199669.0
0.0
0.0
0.0
0.0
0.0
0.0
0.0
0.0
0.0
0.0
0.0
0.0
0.0
199744.0
199745.0
199746.0
199747.0
199748.0
199749.0
199750.0
199752.0
0.0
0.0
0.0
0.0
0.0
0.0
0.0
0.0
0.0
0.0
0.0
199827.0
199828.0
199829.0
199830.0
199833.0
0.0
0.0
0.0
0.0
0.0
0.0
0.0
0.0
0.0
0.0
199909.0
199910.0
199911.0
199912.0
199913.0
0.0
0.0
0.0
0.0
0.0
0.0
0.0
0.0
0.0
199992.0
199993.0
199994.0
199995.0
0.0
0.0
0.0
0.0
0.0
0.0
0.0
0.0
0.0
0.0
200075.0
200076.0
200077.0
200078.0
0.0
0.0
0.0
0.0
0.0
0.0
0.0
0.0
0.0
0.0
0.0
200159.0
0.0
0.0
0.0
0.0
0.0
0.0
0.0
0.0
0.0
0.0
0.0
0.0
0.0
0.0
0.0
0.0
0.0
0.0
0.0
0.0
0.0
0.0
0.0
0.0
0.0
0.0
0.0
0.0
0.0
0.0
0.0
0.0
0.0
0.0
0.0
0.0
0.0
0.0
0.0
0.0
0.0
0.0
0.0
0.0
0.0
0.0
0.0
0.0
0.0
0.0
0.0
0.0
0.0
0.0
0.0
0.0
0.0
0.0
0.0
0.0
0.0
0.0
0.0
0.0
0.0
0.0
0.0
0.0
0.0
0.0
0.0
0.0
0.0
0.0
0.0
0.0
0.0
0.0
0.0
0.0
0.0
0.0
0.0
0.0
0.0
0.0
0.0
0.0
0.0
0.0
0.0
0.0
0.0
0.0
0.0
0.0
0.0
0.0
0.0
0.0
0.0
0.0
0.0
0.0
0.0
0.0
0.0
0.0
0.0
0.0
0.0
0.0
0.0
0.0
0.0
0.0
0.0
0.0
0.0
0.0
0.0
0.0
0.0
0.0
0.0
0.0
0.0
0.0
0.0
0.0
0.0
0.0
0.0
0.0
0.0
0.0
0.0
0.0
0.0
0.0
0.0
0.0
0.0
0.0
0.0
0.0
0.0
0.0
0.0
0.0
0.0
0.0
0.0
0.0
0.0
0.0
0.0
0.0
0.0
0.0
0.0
0.0
0.0
0.0
0.0
208044.0
0.0
0.0
0.0
0.0
0.0
0.0
0.0
0.0
208127.0
208128.0
0.0
0.0
0.0
0.0
0.0
0.0
0.0
0.0
0.0
208210.0
208211.0
208212.0
208217.0
0.0
0.0
0.0
0.0
0.0
0.0
0.0
0.0
0.0
0.0
0.0
0.0
208293.0
208294.0
208295.0
208296.0
208297.0
208298.0
208299.0
208300.0
208301.0
0.0
0.0
0.0
0.0
0.0
0.0
0.0
0.0
0.0
0.0
0.0
0.0
0.0
208375.0
208376.0
208377.0
208378.0
208379.0
208381.0
208382.0
208383.0
0.0
0.0
0.0
0.0
0.0
0.0
0.0
0.0
0.0
0.0
0.0
0.0
208458.0
208459.0
208460.0
208465.0
208466.0
0.0
0.0
0.0
0.0
0.0
0.0
208541.0
208542.0
208543.0
208544.0
208548.0
208549.0
0.0
0.0
0.0
0.0
0.0
0.0
0.0
0.0
208624.0
208625.0
208626.0
208629.0
208630.0
208631.0
208632.0
208634.0
0.0
0.0
0.0
0.0
0.0
0.0
0.0
0.0
0.0
208707.0
208708.0
208709.0
208711.0
208712.0
208713.0
208714.0
208716.0
0.0
0.0
0.0
0.0
0.0
0.0
0.0
0.0
0.0
0.0
208793.0
208794.0
208795.0
208796.0
208799.0
208800.0
0.0
0.0
0.0
0.0
0.0
0.0
0.0
208876.0
208877.0
208878.0
208881.0
208882.0
208883.0
0.0
0.0
0.0
0.0
0.0
0.0
0.0
208959.0
208960.0
208964.0
208965.0
0.0
0.0
0.0
0.0
0.0
0.0
0.0
0.0
0.0
0.0
0.0
0.0
0.0
0.0
0.0
0.0
0.0
0.0
0.0
0.0
0.0
0.0
0.0
0.0
0.0
0.0
0.0
0.0
0.0
0.0
0.0
0.0
0.0
0.0
0.0
0.0
0.0
0.0
0.0
0.0
0.0
0.0
0.0
0.0
0.0
0.0
0.0
0.0
0.0
0.0
0.0
0.0
0.0
0.0
0.0
0.0
0.0
0.0
0.0
0.0
0.0
0.0
0.0
0.0
0.0
0.0
0.0
0.0
0.0
210438.0
210520.0
0.0
0.0
0.0
0.0
0.0
0.0
0.0
0.0
0.0
0.0
0.0
0.0
0.0
0.0
0.0
0.0
0.0
0.0
0.0
0.0
0.0
0.0
0.0
0.0
0.0
0.0
0.0
0.0
0.0
0.0
0.0
0.0
0.0
0.0
0.0
0.0
216593.0
216594.0
0.0
0.0
0.0
0.0
0.0
0.0
0.0
216677.0
216678.0
216681.0
0.0
0.0
0.0
0.0
0.0
0.0
0.0
0.0
0.0
0.0
216760.0
216761.0
0.0
0.0
0.0
0.0
0.0
0.0
0.0
216843.0
216844.0
0.0
0.0
0.0
0.0
0.0
0.0
0.0
216925.0
216926.0
216927.0
0.0
0.0
0.0
0.0
0.0
0.0
0.0
0.0
0.0
217007.0
217008.0
217009.0
217015.0
0.0
0.0
0.0
0.0
0.0
0.0
217090.0
217091.0
217092.0
217098.0
217099.0
0.0
217173.0
217174.0
217175.0
217181.0
217182.0
217183.0
0.0
0.0
0.0
217255.0
217256.0
217258.0
217263.0
217264.0
217265.0
217266.0
0.0
0.0
0.0
0.0
217338.0
217344.0
217345.0
217346.0
217347.0
217348.0
0.0
0.0
0.0
217427.0
217428.0
217429.0
217430.0
217431.0
217432.0
0.0
0.0
217507.0
217508.0
217509.0
217510.0
217512.0
217513.0
217514.0
0.0
0.0
0.0
217591.0
217592.0
217594.0
217595.0
217596.0
217597.0
217598.0
0.0
0.0
217676.0
217677.0
217678.0
217679.0
217680.0
0.0
0.0
217759.0
217760.0
217761.0
217762.0
217763.0
0.0
0.0
0.0
217843.0
217844.0
217845.0
0.0
0.0
0.0
0.0
0.0
0.0
0.0
0.0
0.0
0.0
0.0
0.0
0.0
0.0
0.0
0.0
0.0
0.0
0.0
0.0
0.0
0.0
0.0
0.0
0.0
0.0
0.0
0.0
0.0
0.0
0.0
218659.0
0.0
0.0
0.0
218739.0
218740.0
218741.0
218742.0
0.0
0.0
0.0
218821.0
218822.0
218823.0
218824.0
218825.0
0.0
218903.0
218904.0
218905.0
218906.0
218907.0
218986.0
218987.0
218988.0
218989.0
219070.0
219071.0
219152.0
219153.0
0.0
0.0
0.0
0.0
0.0
0.0
0.0
0.0
0.0
0.0
0.0
0.0
0.0
0.0
0.0
0.0
0.0
0.0
0.0
0.0
0.0
0.0
0.0
0.0
0.0
0.0
0.0
0.0
0.0
0.0
0.0
0.0
0.0
0.0
0.0
0.0
0.0
0.0
0.0
0.0
0.0
0.0
0.0
0.0
0.0
0.0
0.0
0.0
0.0
0.0
225226.0
225227.0
0.0
0.0
0.0
0.0
0.0
0.0
225309.0
225310.0
225312.0
225313.0
0.0
0.0
0.0
0.0
225391.0
225392.0
225393.0
225394.0
225395.0
225396.0
0.0
0.0
0.0
0.0
225475.0
225476.0
225477.0
0.0
225557.0
225558.0
225565.0
0.0
0.0
0.0
0.0
225639.0
225640.0
225648.0
225649.0
0.0
0.0
0.0
0.0
0.0
225722.0
225730.0
225731.0
225732.0
0.0
0.0
0.0
0.0
0.0
0.0
225804.0
225805.0
225810.0
225811.0
225814.0
225815.0
0.0
0.0
0.0
225887.0
225893.0
225895.0
225896.0
225897.0
225898.0
0.0
0.0
0.0
225970.0
225975.0
225976.0
225977.0
225978.0
225979.0
225980.0
0.0
0.0
226058.0
226059.0
226060.0
226061.0
226062.0
226063.0
0.0
0.0
226140.0
226141.0
226142.0
226143.0
226144.0
226145.0
0.0
0.0
0.0
226223.0
226224.0
226225.0
226226.0
226227.0
226229.0
226230.0
0.0
0.0
0.0
0.0
0.0
226307.0
226308.0
226309.0
226311.0
226312.0
0.0
0.0
0.0
0.0
226391.0
226392.0
226393.0
226394.0
226395.0
0.0
0.0
0.0
0.0
226475.0
226476.0
226477.0
226478.0
0.0
0.0
0.0
0.0
226558.0
226559.0
0.0
0.0
0.0
0.0
0.0
0.0
0.0
0.0
0.0
0.0
0.0
0.0
0.0
0.0
0.0
0.0
0.0
0.0
0.0
0.0
0.0
0.0
0.0
0.0
0.0
0.0
0.0
0.0
0.0
0.0
0.0
0.0
0.0
0.0
0.0
0.0
0.0
0.0
227208.0
0.0
0.0
0.0
0.0
0.0
227290.0
227291.0
227292.0
0.0
0.0
0.0
0.0
227371.0
227372.0
227373.0
227374.0
227375.0
0.0
0.0
227453.0
227454.0
227455.0
227456.0
227457.0
227536.0
227537.0
227538.0
227539.0
227540.0
227619.0
227620.0
227621.0
227702.0
227703.0
227784.0
227785.0
227867.0
0.0
0.0
0.0
0.0
0.0
0.0
0.0
0.0
0.0
0.0
0.0
0.0
0.0
0.0
0.0
0.0
0.0
0.0
0.0
0.0
0.0
0.0
0.0
0.0
0.0
0.0
0.0
0.0
0.0
0.0
0.0
0.0
0.0
0.0
0.0
0.0
0.0
0.0
0.0
0.0
0.0
0.0
0.0
0.0
233858.0
233859.0
0.0
0.0
0.0
233941.0
233942.0
233943.0
233944.0
233948.0
0.0
234023.0
234024.0
234025.0
234026.0
234027.0
234106.0
234107.0
234108.0
234109.0
234110.0
0.0
234188.0
234189.0
234190.0
234191.0
234192.0
0.0
0.0
234271.0
234273.0
234274.0
234280.0
234281.0
0.0
234353.0
234354.0
234356.0
234357.0
234363.0
0.0
0.0
0.0
0.0
0.0
234436.0
234437.0
234442.0
234443.0
234444.0
0.0
0.0
0.0
0.0
0.0
234519.0
234520.0
234525.0
234526.0
0.0
0.0
0.0
0.0
0.0
234607.0
234608.0
234609.0
0.0
0.0
234690.0
234691.0
234694.0
234695.0
0.0
0.0
0.0
0.0
0.0
234772.0
234773.0
234774.0
234775.0
234777.0
0.0
0.0
0.0
0.0
234855.0
234856.0
234857.0
234858.0
234859.0
234860.0
0.0
0.0
0.0
0.0
0.0
234938.0
234939.0
234940.0
234941.0
234942.0
234943.0
0.0
0.0
0.0
0.0
0.0
235023.0
235024.0
235025.0
235027.0
0.0
0.0
0.0
0.0
0.0
235107.0
235108.0
0.0
0.0
0.0
235191.0
0.0
0.0
0.0
0.0
0.0
0.0
0.0
0.0
0.0
0.0
0.0
0.0
0.0
0.0
0.0
0.0
0.0
0.0
0.0
0.0
0.0
0.0
235674.0
235675.0
0.0
0.0
0.0
235757.0
235758.0
0.0
0.0
235839.0
235840.0
235841.0
0.0
0.0
0.0
0.0
0.0
235922.0
235923.0
235924.0
0.0
0.0
0.0
236004.0
236005.0
236006.0
236007.0
0.0
0.0
0.0
236087.0
236088.0
236089.0
236090.0
236170.0
236171.0
236172.0
236251.0
236252.0
236253.0
236254.0
236333.0
236334.0
236335.0
236416.0
236417.0
0.0
0.0
0.0
0.0
0.0
0.0
0.0
0.0
0.0
0.0
0.0
0.0
0.0
0.0
0.0
0.0
0.0
242574.0
242575.0
242579.0
242580.0
0.0
0.0
242655.0
242656.0
242658.0
242662.0
242663.0
242664.0
242738.0
242739.0
242740.0
242741.0
242746.0
242747.0
242820.0
242821.0
242822.0
242823.0
242824.0
242827.0
242828.0
242829.0
242903.0
242904.0
242905.0
242906.0
242985.0
242986.0
242987.0
242988.0
242993.0
242995.0
243068.0
243069.0
243075.0
243076.0
243078.0
0.0
0.0
0.0
0.0
0.0
0.0
243157.0
243158.0
243160.0
0.0
0.0
0.0
0.0
0.0
0.0
243239.0
243240.0
243241.0
243243.0
243244.0
0.0
0.0
0.0
0.0
0.0
0.0
0.0
243322.0
243323.0
243324.0
243325.0
243326.0
243327.0
0.0
0.0
0.0
0.0
0.0
0.0
0.0
0.0
243404.0
243405.0
243406.0
243407.0
243408.0
243409.0
0.0
0.0
0.0
0.0
0.0
0.0
0.0
0.0
243487.0
243488.0
243489.0
243490.0
243491.0
0.0
0.0
0.0
0.0
243570.0
243571.0
243572.0
243573.0
243574.0
0.0
0.0
0.0
0.0
0.0
0.0
0.0
0.0
0.0
0.0
0.0
0.0
0.0
0.0
0.0
0.0
0.0
0.0
0.0
0.0
0.0
0.0
244140.0
244220.0
244221.0
244223.0
244224.0
244303.0
244304.0
244306.0
244307.0
244386.0
244387.0
244388.0
244389.0
244390.0
0.0
244469.0
244470.0
244471.0
244472.0
244473.0
0.0
0.0
244552.0
244553.0
244554.0
244555.0
244556.0
0.0
0.0
0.0
244636.0
244637.0
244638.0
244639.0
0.0
0.0
244719.0
244721.0
244722.0
0.0
244802.0
244803.0
244804.0
244883.0
244884.0
244885.0
244886.0
244965.0
244966.0
244967.0
245047.0
245048.0
245049.0
251287.0
251288.0
251289.0
251290.0
251295.0
251370.0
251371.0
251372.0
251373.0
251377.0
251378.0
251379.0
251452.0
251453.0
251454.0
251455.0
251456.0
251458.0
251459.0
251460.0
251461.0
251535.0
251536.0
251537.0
251538.0
251542.0
251618.0
251619.0
251620.0
251624.0
251626.0
251707.0
251708.0
251709.0
251710.0
251711.0
0.0
0.0
0.0
0.0
251789.0
251790.0
251791.0
251792.0
251793.0
0.0
0.0
0.0
0.0
0.0
0.0
0.0
251871.0
251872.0
251873.0
251874.0
251875.0
251876.0
0.0
0.0
0.0
0.0
0.0
0.0
0.0
0.0
251954.0
251955.0
251956.0
251957.0
251958.0
0.0
0.0
0.0
0.0
0.0
0.0
0.0
0.0
252037.0
252038.0
252039.0
0.0
0.0
0.0
0.0
252120.0
252121.0
0.0
0.0
0.0
0.0
0.0
0.0
0.0
0.0
0.0
252602.0
252603.0
252606.0
0.0
252685.0
252686.0
252687.0
252689.0
252690.0
252696.0
252768.0
252769.0
252770.0
252771.0
252772.0
252773.0
252777.0
252778.0
252779.0
0.0
252852.0
252853.0
252854.0
252855.0
252856.0
252860.0
252861.0
0.0
252935.0
252937.0
252938.0
252939.0
0.0
253018.0
253019.0
253020.0
253021.0
253022.0
253101.0
253102.0
253103.0
253104.0
253105.0
253185.0
253186.0
253187.0
253188.0
0.0
253268.0
253270.0
253271.0
0.0
253352.0
253353.0
253354.0
0.0
253434.0
253435.0
253436.0
253515.0
253516.0
253517.0
253518.0
253597.0
253598.0
253599.0
253600.0
253679.0
253680.0
253681.0
253762.0
253763.0
259919.0
259920.0
259921.0
260002.0
260003.0
260004.0
260010.0
260085.0
260086.0
260087.0
260090.0
260091.0
260092.0
260093.0
260168.0
260169.0
260173.0
260174.0
260256.0
260257.0
260258.0
260338.0
260339.0
260341.0
260342.0
260421.0
260422.0
260423.0
260424.0
0.0
0.0
0.0
260504.0
260505.0
260506.0
260507.0
0.0
0.0
0.0
260586.0
260587.0
260588.0
0.0
261002.0
261003.0
261067.0
261068.0
261084.0
261085.0
261086.0
261087.0
261150.0
261151.0
261152.0
261154.0
261155.0
261161.0
261162.0
261167.0
261168.0
261169.0
261170.0
261233.0
261234.0
261235.0
261237.0
261238.0
261239.0
261244.0
261245.0
261250.0
261251.0
261252.0
261253.0
261254.0
261317.0
261318.0
261320.0
261321.0
261322.0
261327.0
261328.0
261333.0
261334.0
261335.0
261336.0
261400.0
261401.0
261403.0
261404.0
261405.0
261409.0
261410.0
261411.0
261416.0
261417.0
261483.0
261484.0
261485.0
261486.0
261487.0
261488.0
261492.0
261493.0
261494.0
0.0
261566.0
261567.0
261568.0
261569.0
261570.0
261571.0
261576.0
0.0
261649.0
261650.0
261651.0
261652.0
261653.0
261654.0
0.0
0.0
261733.0
261734.0
261735.0
261736.0
261737.0
261818.0
261819.0
261820.0
261900.0
261901.0
261902.0
261982.0
261983.0
261984.0
261985.0
0.0
0.0
262065.0
262066.0
262067.0
262147.0
262148.0
262149.0
262150.0
262229.0
262230.0
262231.0
262232.0
262311.0
262312.0
262313.0
262314.0
262394.0
262395.0
268722.0
268723.0
268805.0
268806.0
268808.0
268809.0
268888.0
268890.0
268891.0
268892.0
268970.0
268971.0
268972.0
268973.0
268974.0
269053.0
269054.0
269055.0
269056.0
269137.0
269138.0
269551.0
269617.0
269633.0
269634.0
269635.0
269699.0
269700.0
269701.0
269703.0
269704.0
269705.0
269715.0
269716.0
269717.0
269718.0
269783.0
269786.0
269787.0
269788.0
269793.0
269797.0
269798.0
269799.0
269865.0
269866.0
269868.0
269869.0
269870.0
269871.0
269876.0
269877.0
269880.0
269881.0
269882.0
269948.0
269949.0
269950.0
269951.0
269952.0
269953.0
269954.0
269959.0
269960.0
269962.0
269963.0
269964.0
269965.0
269966.0
270032.0
270033.0
270034.0
270035.0
270036.0
270037.0
270041.0
270042.0
270043.0
270045.0
270046.0
270047.0
270048.0
270049.0
270050.0
270114.0
270115.0
270116.0
270117.0
270118.0
270119.0
270124.0
270125.0
270126.0
270131.0
270132.0
270198.0
270199.0
270200.0
270201.0
270202.0
270207.0
270208.0
270209.0
270282.0
270283.0
270284.0
270285.0
270290.0
270291.0
270292.0
270366.0
270367.0
270368.0
270448.0
270449.0
270450.0
270451.0
270530.0
270531.0
270532.0
270533.0
270613.0
270614.0
270615.0
270616.0
270696.0
270697.0
270698.0
270779.0
270780.0
270781.0
270861.0
270862.0
270863.0
270864.0
270942.0
270943.0
270944.0
270945.0
270946.0
271027.0
271028.0
271110.0
277273.0
277274.0
277355.0
277356.0
277357.0
277437.0
277438.0
277440.0
277441.0
277520.0
277521.0
277522.0
277523.0
277524.0
277603.0
277604.0
277605.0
277686.0
277687.0
278183.0
278249.0
278250.0
278331.0
278332.0
278333.0
278334.0
278335.0
278336.0
278337.0
278343.0
278344.0
278345.0
278347.0
278348.0
278415.0
278416.0
278417.0
278418.0
278419.0
278420.0
278425.0
278426.0
278427.0
278428.0
278429.0
278430.0
278431.0
278432.0
278498.0
278499.0
278500.0
278501.0
278502.0
278503.0
278508.0
278509.0
278510.0
278511.0
278512.0
278513.0
278581.0
278582.0
278583.0
278584.0
278585.0
278591.0
278592.0
278593.0
278594.0
278595.0
278596.0
278597.0
278664.0
278665.0
278666.0
278667.0
278668.0
278674.0
278675.0
278676.0
278677.0
278678.0
278679.0
278680.0
278681.0
278682.0
278747.0
278748.0
278749.0
278750.0
278751.0
278756.0
278757.0
278758.0
278760.0
278761.0
278762.0
278763.0
278764.0
278765.0
278832.0
278833.0
278834.0
278839.0
278840.0
278841.0
278914.0
278915.0
278916.0
278922.0
278923.0
278924.0
278996.0
278997.0
278998.0
278999.0
279006.0
279007.0
279079.0
279080.0
279081.0
279162.0
279163.0
279245.0
279246.0
279327.0
279328.0
279329.0
279410.0
279411.0
279412.0
279493.0
279494.0
279495.0
279575.0
279576.0
279577.0
279578.0
279658.0
279659.0
279660.0
279742.0
279743.0
279825.0
285905.0
285906.0
285987.0
285988.0
285989.0
286069.0
286070.0
286071.0
286072.0
286152.0
286153.0
286154.0
286155.0
286156.0
286881.0
286882.0
286883.0
286891.0
286892.0
286893.0
286964.0
286965.0
286966.0
286967.0
286968.0
286969.0
286973.0
286974.0
286975.0
286976.0
286977.0
286979.0
287047.0
287048.0
287049.0
287050.0
287051.0
287052.0
287053.0
287057.0
287058.0
287059.0
287060.0
287061.0
287062.0
287131.0
287132.0
287133.0
287134.0
287135.0
287140.0
287141.0
287142.0
287143.0
287144.0
287145.0
287213.0
287214.0
287215.0
287216.0
287217.0
287224.0
287225.0
287226.0
287297.0
287298.0
287299.0
287307.0
287308.0
287309.0
287311.0
287381.0
287382.0
287389.0
287390.0
287392.0
287393.0
287394.0
287463.0
287464.0
287465.0
287471.0
287472.0
287473.0
287475.0
287476.0
287477.0
287546.0
287547.0
287554.0
287555.0
287556.0
287629.0
287630.0
287637.0
287638.0
287639.0
287711.0
287712.0
287713.0
287720.0
287721.0
287794.0
287795.0
287796.0
287877.0
287878.0
287879.0
287960.0
287961.0
287962.0
288042.0
288043.0
288044.0
288125.0
288126.0
288127.0
288208.0
288209.0
288210.0
288291.0
288292.0
288293.0
288373.0
288374.0
288375.0
288376.0
288457.0
288458.0
288459.0
288460.0
288541.0
288543.0
294538.0
294620.0
294621.0
294702.0
294703.0
294704.0
294786.0
294787.0
295513.0
295514.0
295515.0
295523.0
295525.0
295597.0
295598.0
295601.0
295606.0
295607.0
295608.0
295609.0
295680.0
295681.0
295682.0
295683.0
295684.0
295691.0
295692.0
295693.0
295763.0
295764.0
295765.0
295766.0
295767.0
295775.0
295776.0
295847.0
295848.0
295849.0
295850.0
295856.0
295857.0
295858.0
295930.0
295931.0
295932.0
295938.0
295939.0
295940.0
295941.0
295943.0
296012.0
296013.0
296014.0
296015.0
296021.0
296022.0
296023.0
296024.0
296025.0
296026.0
296095.0
296096.0
296097.0
296103.0
296104.0
296105.0
296106.0
296107.0
296108.0
296179.0
296180.0
296185.0
296186.0
296187.0
296188.0
296261.0
296262.0
296263.0
296268.0
296269.0
296270.0
296271.0
296344.0
296345.0
296346.0
296352.0
296353.0
296427.0
296428.0
296510.0
296511.0
296593.0
296675.0
296758.0
296841.0
296924.0
296925.0
297006.0
297007.0
297008.0
297089.0
297090.0
297091.0
297092.0
297172.0
297173.0
297174.0
303253.0
303336.0
304229.0
304230.0
304240.0
304241.0
304242.0
304243.0
304244.0
304315.0
304324.0
304325.0
304326.0
304398.0
304399.0
304480.0
304481.0
304482.0
304562.0
304563.0
304564.0
304570.0
304571.0
304572.0
304645.0
304646.0
304647.0
304652.0
304653.0
304654.0
304655.0
304656.0
304729.0
304734.0
304735.0
304736.0
304737.0
304738.0
304739.0
304740.0
304811.0
304817.0
304818.0
304819.0
304894.0
304895.0
304900.0
304901.0
304902.0
304977.0
304983.0
304984.0
312957.0
312958.0
313283.0
313285.0
313286.0
313361.0
313366.0
313367.0
313368.0
313369.0
313370.0
313449.0
313450.0
313531.0
313532.0
313533.0
313614.0
313615.0
321915.0
321916.0
321999.0
322081.0
322082.0
322163.0
322164.0
322165.0
322246.0
322247.0
322248.0
322330.0
322331.0
330795.0
330796.0
330797.0
330879.0
382505.0
382506.0
382588.0
382589.0
382590.0
382672.0
382673.0
382755.0
382756.0
382838.0
382839.0
390972.0
390973.0
391054.0
391055.0
391056.0
391057.0
391137.0
391138.0
391140.0
391220.0
391221.0
391222.0
391303.0
391304.0
391386.0
391387.0
391388.0
391469.0
391470.0
391471.0
399605.0
399606.0
399687.0
399688.0
399689.0
399690.0
399693.0
399770.0
399771.0
399772.0
399773.0
399776.0
399777.0
399853.0
399854.0
399857.0
399858.0
399859.0
399860.0
399936.0
399937.0
400018.0
400019.0
400020.0
400102.0
400103.0
408238.0
408320.0
408321.0
408322.0
408323.0
408325.0
408402.0
408403.0
408404.0
408405.0
408406.0
408407.0
408408.0
408409.0
408410.0
408485.0
408486.0
408487.0
408489.0
408490.0
408491.0
408492.0
408493.0
408568.0
408569.0
408570.0
408575.0
408651.0
408652.0
408653.0
408734.0
408735.0
408811.0
408894.0
408977.0
409059.0
409060.0
409142.0
409225.0
416952.0
416953.0
416954.0
416955.0
416956.0
417028.0
417035.0
417036.0
417037.0
417038.0
417039.0
417040.0
417041.0
417042.0
417111.0
417118.0
417119.0
417122.0
417123.0
417124.0
417125.0
417126.0
417194.0
417201.0
417202.0
417206.0
417207.0
417208.0
417277.0
417284.0
417285.0
417286.0
417359.0
417360.0
417365.0
417366.0
417367.0
417368.0
417442.0
417443.0
417444.0
417449.0
417525.0
417526.0
417527.0
417607.0
417608.0
417609.0
417690.0
417691.0
417692.0
417773.0
417774.0
417856.0
417857.0
417939.0
417940.0
418021.0
418022.0
418023.0
418104.0
418105.0
418187.0
418188.0
418189.0
425410.0
425493.0
425578.0
425585.0
425586.0
425587.0
425659.0
425660.0
425661.0
425667.0
425668.0
425669.0
425670.0
425671.0
425672.0
425673.0
425674.0
425742.0
425743.0
425744.0
425750.0
425751.0
425753.0
425754.0
425755.0
425756.0
425757.0
425758.0
425825.0
425826.0
425827.0
425833.0
425834.0
425835.0
425841.0
425908.0
425909.0
425910.0
425916.0
425917.0
425918.0
425991.0
425992.0
425993.0
425997.0
425998.0
425999.0
426000.0
426073.0
426074.0
426075.0
426081.0
426156.0
426157.0
426158.0
426238.0
426239.0
426240.0
426321.0
426322.0
426323.0
426404.0
426405.0
426487.0
426488.0
426489.0
426569.0
426570.0
426571.0
426572.0
426653.0
426654.0
426655.0
426736.0
426737.0
426818.0
426819.0
426820.0
426821.0
426902.0
426903.0
434042.0
434043.0
434125.0
434208.0
434209.0
434210.0
434217.0
434218.0
434222.0
434223.0
434224.0
434292.0
434293.0
434294.0
434299.0
434300.0
434301.0
434302.0
434303.0
434304.0
434305.0
434306.0
434307.0
434308.0
434374.0
434375.0
434383.0
434385.0
434386.0
434387.0
434388.0
434389.0
434390.0
434391.0
434392.0
434456.0
434457.0
434458.0
434466.0
434473.0
434539.0
434540.0
434541.0
434548.0
434549.0
434550.0
434622.0
434623.0
434630.0
434631.0
434632.0
434633.0
434705.0
434706.0
434713.0
434714.0
434715.0
434787.0
434788.0
434789.0
434870.0
434871.0
434872.0
434952.0
434953.0
434954.0
435035.0
435036.0
435037.0
435118.0
435119.0
435120.0
435201.0
435202.0
435203.0
435284.0
435285.0
435286.0
435367.0
435368.0
435450.0
435451.0
435452.0
442673.0
442674.0
442675.0
442756.0
442757.0
442758.0
442839.0
442840.0
442841.0
442842.0
442843.0
442844.0
442849.0
442850.0
442854.0
442855.0
442856.0
442857.0
442923.0
442924.0
442925.0
442926.0
442932.0
442933.0
442934.0
442936.0
442937.0
442938.0
442939.0
442940.0
442941.0
443006.0
443007.0
443008.0
443015.0
443017.0
443018.0
443019.0
443022.0
443023.0
443024.0
443025.0
443088.0
443089.0
443090.0
443091.0
443098.0
443170.0
443171.0
443172.0
443173.0
443181.0
443182.0
443253.0
443254.0
443255.0
443262.0
443263.0
443264.0
443265.0
443335.0
443336.0
443337.0
443345.0
443346.0
443347.0
443418.0
443419.0
443420.0
443501.0
443502.0
443503.0
443583.0
443584.0
443585.0
443667.0
443668.0
443750.0
443751.0
443752.0
443833.0
443834.0
443835.0
443916.0
443917.0
443918.0
443999.0
444000.0
451222.0
451223.0
451305.0
451306.0
451388.0
451389.0
451402.0
451403.0
451404.0
451405.0
451406.0
451471.0
451472.0
451473.0
451474.0
451485.0
451486.0
451487.0
451488.0
451489.0
451554.0
451555.0
451556.0
451557.0
451558.0
451564.0
451567.0
451568.0
451569.0
451572.0
451573.0
451638.0
451639.0
451640.0
451647.0
451648.0
451650.0
451651.0
451720.0
451721.0
451722.0
451723.0
451802.0
451803.0
451804.0
451805.0
451813.0
451814.0
451885.0
451886.0
451887.0
451894.0
451895.0
451896.0
451897.0
451967.0
451968.0
451969.0
451970.0
451977.0
451978.0
451979.0
451980.0
452050.0
452051.0
452052.0
452053.0
452054.0
452132.0
452133.0
452134.0
452135.0
452136.0
452137.0
452215.0
452216.0
452217.0
452298.0
452299.0
452300.0
452382.0
452383.0
452384.0
452385.0
452464.0
452465.0
452466.0
452467.0
452468.0
452548.0
452549.0
452550.0
452631.0
452632.0
459855.0
459856.0
459857.0
459858.0
459938.0
459939.0
459940.0
459952.0
459953.0
459954.0
460020.0
460021.0
460022.0
460023.0
460034.0
460035.0
460036.0
460037.0
460038.0
0.0
460103.0
460104.0
460105.0
460117.0
460118.0
460120.0
460121.0
0.0
460187.0
460189.0
460199.0
460200.0
460269.0
460270.0
460271.0
460272.0
460281.0
460282.0
460353.0
460354.0
460435.0
460436.0
460437.0
460444.0
460517.0
460518.0
460519.0
460520.0
460521.0
460527.0
460528.0
460529.0
460600.0
460601.0
460602.0
460603.0
460604.0
460611.0
460682.0
460683.0
460684.0
460685.0
460686.0
460687.0
460765.0
460766.0
460767.0
460768.0
460769.0
460847.0
460848.0
460849.0
460850.0
460851.0
460930.0
460931.0
460932.0
460933.0
461013.0
461014.0
461015.0
461016.0
461017.0
461097.0
461098.0
461099.0
461100.0
461180.0
461181.0
461182.0
0.0
467589.0
467590.0
0.0
0.0
467671.0
467672.0
467673.0
467674.0
0.0
0.0
0.0
467755.0
467756.0
0.0
0.0
0.0
0.0
0.0
0.0
0.0
0.0
468489.0
0.0
468571.0
468572.0
468573.0
468586.0
468653.0
468654.0
468655.0
468670.0
0.0
468736.0
468737.0
468738.0
0.0
468819.0
468820.0
468902.0
468903.0
0.0
468985.0
468986.0
468987.0
0.0
0.0
469068.0
469069.0
469070.0
469071.0
0.0
0.0
469151.0
469152.0
469153.0
469154.0
469159.0
0.0
469234.0
469235.0
469236.0
469237.0
0.0
469317.0
469318.0
469319.0
469320.0
469398.0
469399.0
469400.0
469401.0
469402.0
0.0
469481.0
469482.0
469483.0
469564.0
469565.0
469645.0
469647.0
469648.0
469729.0
469730.0
469731.0
0.0
469812.0
0.0
0.0
0.0
0.0
0.0
0.0
476221.0
476223.0
0.0
0.0
0.0
476302.0
476303.0
476304.0
476305.0
476306.0
0.0
0.0
0.0
0.0
0.0
476384.0
476385.0
476386.0
476387.0
476388.0
476389.0
0.0
0.0
0.0
0.0
476468.0
476469.0
476470.0
476471.0
0.0
0.0
0.0
0.0
0.0
0.0
0.0
0.0
0.0
0.0
0.0
0.0
0.0
0.0
0.0
0.0
0.0
0.0
477204.0
477205.0
477286.0
477287.0
477288.0
477369.0
477370.0
477371.0
477452.0
477453.0
477454.0
0.0
0.0
477535.0
477536.0
477537.0
0.0
0.0
477618.0
477619.0
477620.0
0.0
0.0
0.0
477701.0
477702.0
477703.0
0.0
0.0
0.0
477784.0
477785.0
477786.0
0.0
477868.0
477869.0
477950.0
477951.0
477952.0
0.0
478031.0
478032.0
478033.0
478034.0
0.0
478113.0
478114.0
478115.0
478116.0
478196.0
478197.0
478279.0
478280.0
478362.0
478363.0
0.0
0.0
0.0
0.0
0.0
0.0
0.0
0.0
0.0
0.0
0.0
0.0
0.0
0.0
484850.0
484855.0
484856.0
0.0
0.0
0.0
484932.0
484933.0
484934.0
484936.0
484937.0
484938.0
484941.0
484942.0
0.0
0.0
0.0
485015.0
485016.0
485017.0
485018.0
485019.0
485020.0
485021.0
485025.0
485026.0
0.0
0.0
0.0
485098.0
485099.0
485100.0
485101.0
485102.0
0.0
0.0
0.0
0.0
485182.0
485183.0
0.0
0.0
0.0
0.0
0.0
0.0
0.0
0.0
0.0
0.0
0.0
0.0
0.0
0.0
0.0
0.0
0.0
0.0
0.0
0.0
0.0
0.0
0.0
0.0
0.0
0.0
0.0
0.0
0.0
0.0
0.0
0.0
0.0
0.0
0.0
0.0
485919.0
485920.0
486002.0
486003.0
486004.0
486084.0
486085.0
486086.0
486087.0
486168.0
486169.0
486170.0
0.0
0.0
486251.0
486252.0
486253.0
0.0
0.0
0.0
486335.0
486336.0
486418.0
486500.0
486501.0
486582.0
486583.0
486584.0
486664.0
486665.0
486666.0
486746.0
486747.0
486748.0
486829.0
486830.0
486995.0
0.0
0.0
0.0
0.0
0.0
0.0
0.0
0.0
0.0
0.0
0.0
0.0
0.0
0.0
0.0
0.0
0.0
0.0
0.0
0.0
0.0
0.0
0.0
493404.0
0.0
493481.0
493482.0
493487.0
493488.0
493490.0
0.0
493563.0
493564.0
493565.0
493566.0
493567.0
493568.0
493569.0
493570.0
493573.0
493574.0
493575.0
493646.0
493647.0
493648.0
493649.0
493650.0
493651.0
493652.0
493657.0
493658.0
0.0
0.0
493729.0
493730.0
493731.0
493732.0
493733.0
493738.0
493739.0
0.0
0.0
0.0
0.0
0.0
0.0
0.0
493813.0
493814.0
493815.0
493820.0
493821.0
493822.0
0.0
0.0
0.0
0.0
0.0
0.0
0.0
493896.0
493903.0
493904.0
493905.0
0.0
0.0
0.0
0.0
0.0
0.0
0.0
493985.0
493986.0
493987.0
493989.0
0.0
0.0
0.0
0.0
0.0
0.0
0.0
0.0
0.0
0.0
0.0
494153.0
494155.0
0.0
0.0
494235.0
494236.0
494318.0
494319.0
0.0
0.0
0.0
0.0
0.0
0.0
0.0
0.0
0.0
0.0
0.0
0.0
0.0
0.0
0.0
0.0
0.0
0.0
0.0
0.0
0.0
0.0
0.0
494718.0
494719.0
0.0
0.0
494801.0
494802.0
0.0
0.0
0.0
0.0
0.0
494884.0
494885.0
0.0
0.0
0.0
0.0
494967.0
494968.0
0.0
0.0
0.0
495050.0
495051.0
0.0
0.0
495132.0
495133.0
495215.0
495216.0
495297.0
495298.0
495378.0
495379.0
495380.0
495462.0
0.0
0.0
0.0
0.0
0.0
0.0
0.0
0.0
0.0
0.0
0.0
0.0
0.0
0.0
0.0
0.0
0.0
0.0
0.0
0.0
0.0
0.0
0.0
0.0
0.0
0.0
0.0
0.0
0.0
0.0
0.0
0.0
0.0
502030.0
502031.0
502034.0
502039.0
0.0
0.0
0.0
0.0
0.0
0.0
502112.0
502113.0
502114.0
502117.0
502118.0
502119.0
502122.0
502123.0
0.0
0.0
0.0
0.0
0.0
502195.0
502196.0
502197.0
502198.0
502199.0
502200.0
502201.0
502202.0
502205.0
502206.0
502207.0
502278.0
502279.0
502280.0
502281.0
502282.0
502283.0
502287.0
502288.0
502289.0
502290.0
502291.0
0.0
0.0
502360.0
502361.0
502362.0
502363.0
502364.0
502369.0
502370.0
502371.0
502372.0
502373.0
502374.0
0.0
0.0
0.0
502444.0
502445.0
502446.0
502447.0
502451.0
502452.0
502453.0
502454.0
502455.0
502456.0
502457.0
0.0
0.0
0.0
502527.0
502528.0
502529.0
502533.0
502534.0
502535.0
502536.0
502537.0
502538.0
502539.0
502540.0
0.0
0.0
502615.0
502616.0
502617.0
502618.0
502619.0
502620.0
502621.0
502622.0
0.0
0.0
502699.0
502700.0
502701.0
502702.0
502703.0
502704.0
502705.0
0.0
0.0
0.0
502782.0
502783.0
502784.0
502785.0
502786.0
502787.0
502788.0
0.0
0.0
502865.0
502866.0
502867.0
502868.0
502869.0
502870.0
0.0
0.0
502951.0
0.0
0.0
0.0
0.0
0.0
0.0
0.0
0.0
0.0
0.0
0.0
0.0
0.0
0.0
0.0
0.0
0.0
0.0
0.0
0.0
0.0
0.0
0.0
0.0
503434.0
0.0
0.0
0.0
503516.0
0.0
0.0
0.0
0.0
503599.0
0.0
503681.0
503682.0
0.0
0.0
503764.0
503847.0
503930.0
504012.0
0.0
0.0
0.0
0.0
0.0
0.0
0.0
0.0
0.0
0.0
0.0
0.0
0.0
0.0
0.0
0.0
0.0
0.0
0.0
0.0
0.0
0.0
0.0
0.0
0.0
0.0
0.0
0.0
510502.0
510503.0
0.0
0.0
0.0
0.0
0.0
0.0
510580.0
510581.0
510585.0
510586.0
510587.0
510588.0
0.0
0.0
0.0
0.0
0.0
0.0
510661.0
510662.0
510663.0
510667.0
510668.0
510671.0
510672.0
0.0
0.0
0.0
0.0
0.0
0.0
0.0
0.0
510744.0
510745.0
510746.0
510749.0
510750.0
510751.0
510754.0
510755.0
0.0
0.0
0.0
0.0
0.0
510827.0
510828.0
510829.0
510832.0
510833.0
510837.0
510838.0
510839.0
510840.0
0.0
0.0
0.0
0.0
510910.0
510915.0
510917.0
510918.0
510919.0
510920.0
510921.0
510922.0
510923.0
0.0
0.0
510992.0
510993.0
510995.0
510998.0
511000.0
511001.0
511002.0
511003.0
511004.0
511005.0
511006.0
0.0
0.0
511075.0
511076.0
511077.0
511078.0
511081.0
511082.0
511083.0
511084.0
511088.0
511089.0
0.0
0.0
0.0
511158.0
511159.0
511160.0
511163.0
511164.0
511165.0
511166.0
511171.0
511172.0
511173.0
0.0
0.0
511242.0
511243.0
511247.0
511248.0
511253.0
511254.0
0.0
511330.0
511331.0
511332.0
511333.0
511336.0
511337.0
0.0
0.0
0.0
511414.0
511415.0
511416.0
511417.0
511418.0
511419.0
0.0
0.0
0.0
0.0
511498.0
511499.0
511500.0
511501.0
0.0
0.0
0.0
511581.0
511584.0
0.0
0.0
0.0
0.0
0.0
0.0
0.0
0.0
0.0
0.0
0.0
0.0
0.0
0.0
0.0
0.0
0.0
0.0
0.0
0.0
0.0
0.0
0.0
0.0
0.0
0.0
0.0
0.0
0.0
0.0
0.0
0.0
0.0
0.0
0.0
0.0
0.0
0.0
0.0
0.0
0.0
0.0
0.0
0.0
0.0
0.0
0.0
0.0
0.0
0.0
0.0
0.0
0.0
0.0
0.0
0.0
0.0
519131.0
519136.0
0.0
0.0
0.0
0.0
0.0
0.0
0.0
519212.0
519213.0
519214.0
519217.0
519218.0
519219.0
519220.0
519221.0
0.0
0.0
0.0
0.0
519294.0
519295.0
519296.0
519299.0
519300.0
519301.0
519304.0
0.0
0.0
0.0
0.0
0.0
0.0
0.0
519376.0
519377.0
519378.0
519379.0
519380.0
519382.0
519383.0
0.0
0.0
0.0
0.0
0.0
0.0
519460.0
519462.0
519463.0
519464.0
519465.0
0.0
0.0
0.0
0.0
0.0
519546.0
519547.0
519548.0
519549.0
519550.0
519552.0
0.0
0.0
519625.0
519629.0
519630.0
519631.0
519632.0
519633.0
0.0
0.0
0.0
519707.0
519708.0
519709.0
519712.0
519713.0
519714.0
519715.0
0.0
0.0
519790.0
519791.0
519792.0
519793.0
519795.0
519796.0
519797.0
519798.0
519799.0
519800.0
519801.0
519802.0
0.0
0.0
0.0
0.0
519874.0
519875.0
519876.0
519878.0
519879.0
519880.0
519881.0
519882.0
519883.0
519884.0
0.0
0.0
0.0
0.0
0.0
0.0
519957.0
519958.0
519959.0
519962.0
519963.0
519964.0
519965.0
519966.0
519967.0
519968.0
0.0
0.0
0.0
0.0
0.0
0.0
520046.0
520047.0
520048.0
520049.0
520050.0
520051.0
0.0
0.0
0.0
0.0
0.0
0.0
0.0
520130.0
520131.0
520132.0
520133.0
520134.0
0.0
0.0
0.0
0.0
0.0
0.0
0.0
520216.0
520217.0
0.0
0.0
0.0
0.0
0.0
0.0
0.0
0.0
0.0
0.0
0.0
0.0
0.0
0.0
0.0
0.0
0.0
0.0
0.0
0.0
0.0
0.0
0.0
0.0
0.0
0.0
0.0
0.0
0.0
0.0
0.0
0.0
0.0
0.0
0.0
0.0
0.0
0.0
0.0
0.0
0.0
0.0
0.0
0.0
0.0
0.0
0.0
0.0
0.0
0.0
0.0
0.0
0.0
0.0
0.0
0.0
0.0
0.0
0.0
0.0
0.0
0.0
0.0
0.0
0.0
0.0
0.0
0.0
0.0
0.0
0.0
0.0
0.0
0.0
0.0
0.0
0.0
0.0
0.0
0.0
0.0
0.0
0.0
0.0
0.0
0.0
0.0
0.0
0.0
0.0
0.0
0.0
0.0
0.0
0.0
0.0
0.0
0.0
0.0
0.0
0.0
0.0
0.0
0.0
0.0
0.0
0.0
0.0
0.0
0.0
0.0
0.0
0.0
0.0
0.0
0.0
0.0
0.0
0.0
0.0
0.0
0.0
0.0
0.0
0.0
0.0
0.0
0.0
0.0
0.0
0.0
0.0
0.0
0.0
527762.0
527763.0
0.0
0.0
0.0
0.0
0.0
0.0
0.0
0.0
527844.0
527845.0
527846.0
527847.0
527850.0
527851.0
0.0
0.0
0.0
0.0
0.0
0.0
527927.0
527928.0
527932.0
0.0
0.0
0.0
0.0
0.0
0.0
528009.0
528010.0
528012.0
528017.0
0.0
0.0
0.0
0.0
0.0
0.0
0.0
0.0
528094.0
528095.0
528097.0
528100.0
528101.0
528102.0
0.0
0.0
0.0
0.0
0.0
528178.0
528183.0
528184.0
528185.0
528186.0
0.0
0.0
0.0
0.0
0.0
0.0
528256.0
528257.0
528261.0
528265.0
528266.0
528267.0
528268.0
528269.0
0.0
0.0
0.0
0.0
0.0
0.0
528339.0
528340.0
528344.0
528345.0
528346.0
528347.0
528348.0
528349.0
528350.0
528351.0
528352.0
0.0
0.0
0.0
0.0
528422.0
528423.0
528424.0
528425.0
528427.0
528428.0
528429.0
528430.0
528431.0
528432.0
528433.0
528434.0
528435.0
528436.0
0.0
0.0
0.0
0.0
0.0
528506.0
528507.0
528508.0
528509.0
528511.0
528512.0
528513.0
528514.0
528515.0
528516.0
528517.0
528518.0
0.0
0.0
0.0
0.0
0.0
0.0
0.0
0.0
0.0
528589.0
528590.0
528591.0
528592.0
528597.0
528599.0
528600.0
528601.0
528602.0
0.0
0.0
0.0
0.0
0.0
0.0
0.0
0.0
0.0
0.0
528674.0
528675.0
528682.0
528683.0
528684.0
0.0
0.0
0.0
0.0
0.0
0.0
0.0
0.0
0.0
528765.0
528766.0
0.0
0.0
0.0
0.0
0.0
0.0
0.0
0.0
0.0
0.0
0.0
0.0
0.0
0.0
0.0
0.0
0.0
0.0
0.0
0.0
0.0
0.0
0.0
0.0
0.0
0.0
0.0
0.0
0.0
0.0
0.0
0.0
0.0
0.0
0.0
0.0
0.0
0.0
0.0
0.0
0.0
0.0
0.0
0.0
0.0
0.0
0.0
0.0
0.0
0.0
0.0
0.0
0.0
0.0
0.0
0.0
0.0
0.0
0.0
0.0
0.0
0.0
0.0
0.0
0.0
0.0
0.0
0.0
0.0
0.0
0.0
0.0
0.0
0.0
0.0
0.0
0.0
0.0
0.0
0.0
0.0
0.0
0.0
0.0
0.0
0.0
0.0
0.0
0.0
0.0
0.0
0.0
0.0
0.0
0.0
0.0
0.0
0.0
0.0
0.0
0.0
0.0
0.0
0.0
0.0
0.0
0.0
0.0
0.0
0.0
0.0
0.0
0.0
0.0
0.0
0.0
0.0
0.0
0.0
0.0
0.0
0.0
0.0
0.0
0.0
0.0
0.0
0.0
0.0
0.0
0.0
0.0
0.0
0.0
0.0
0.0
0.0
0.0
0.0
0.0
0.0
0.0
0.0
0.0
0.0
0.0
0.0
0.0
0.0
0.0
0.0
0.0
0.0
0.0
0.0
0.0
0.0
0.0
0.0
0.0
0.0
0.0
0.0
0.0
0.0
0.0
0.0
0.0
0.0
0.0
0.0
0.0
0.0
0.0
0.0
0.0
0.0
0.0
0.0
0.0
0.0
0.0
0.0
0.0
0.0
0.0
0.0
0.0
536394.0
536395.0
0.0
0.0
0.0
0.0
0.0
0.0
0.0
0.0
0.0
536477.0
536478.0
0.0
0.0
0.0
0.0
0.0
0.0
0.0
0.0
0.0
0.0
0.0
536560.0
536561.0
536562.0
0.0
0.0
0.0
0.0
0.0
536644.0
536645.0
536650.0
536651.0
0.0
0.0
0.0
0.0
0.0
0.0
536727.0
536728.0
536729.0
536731.0
536733.0
536734.0
536735.0
536736.0
0.0
0.0
0.0
0.0
0.0
0.0
0.0
536807.0
536808.0
536810.0
536811.0
536813.0
536814.0
536815.0
536816.0
536817.0
536818.0
536819.0
0.0
0.0
0.0
0.0
0.0
0.0
536888.0
536889.0
536890.0
536891.0
536893.0
536894.0
536895.0
536896.0
536897.0
536898.0
536899.0
0.0
0.0
0.0
0.0
536971.0
536972.0
536973.0
536976.0
536977.0
536978.0
536979.0
536980.0
536981.0
0.0
0.0
0.0
0.0
0.0
0.0
0.0
537055.0
537056.0
537057.0
537058.0
537060.0
537061.0
537062.0
537063.0
0.0
0.0
0.0
0.0
0.0
0.0
0.0
0.0
537138.0
537139.0
537140.0
537141.0
537150.0
0.0
0.0
0.0
0.0
0.0
0.0
0.0
0.0
0.0
537222.0
537223.0
537224.0
537233.0
0.0
0.0
0.0
0.0
0.0
0.0
0.0
0.0
0.0
0.0
0.0
0.0
0.0
537306.0
537307.0
0.0
0.0
537315.0
537316.0
0.0
0.0
0.0
0.0
0.0
0.0
0.0
0.0
0.0
0.0
0.0
0.0
0.0
0.0
0.0
0.0
0.0
0.0
0.0
0.0
0.0
0.0
0.0
0.0
0.0
0.0
0.0
0.0
0.0
0.0
0.0
0.0
0.0
0.0
0.0
0.0
0.0
0.0
0.0
0.0
0.0
0.0
0.0
0.0
0.0
0.0
0.0
0.0
0.0
0.0
0.0
0.0
0.0
0.0
0.0
0.0
0.0
0.0
0.0
0.0
0.0
0.0
0.0
0.0
0.0
0.0
0.0
0.0
0.0
0.0
0.0
0.0
0.0
0.0
0.0
0.0
0.0
0.0
0.0
0.0
0.0
0.0
0.0
0.0
0.0
0.0
0.0
0.0
0.0
0.0
0.0
0.0
0.0
0.0
0.0
0.0
0.0
0.0
0.0
0.0
0.0
0.0
0.0
0.0
0.0
0.0
0.0
0.0
0.0
0.0
0.0
0.0
0.0
0.0
0.0
0.0
0.0
0.0
0.0
0.0
0.0
0.0
0.0
0.0
0.0
0.0
0.0
0.0
0.0
0.0
0.0
0.0
0.0
0.0
0.0
0.0
0.0
0.0
0.0
0.0
0.0
0.0
0.0
0.0
0.0
0.0
0.0
0.0
0.0
0.0
0.0
0.0
0.0
0.0
0.0
0.0
0.0
0.0
0.0
0.0
0.0
0.0
0.0
0.0
0.0
0.0
0.0
0.0
0.0
0.0
0.0
0.0
0.0
0.0
0.0
0.0
0.0
0.0
0.0
0.0
0.0
0.0
0.0
0.0
0.0
0.0
0.0
0.0
0.0
0.0
0.0
0.0
0.0
0.0
0.0
0.0
0.0
0.0
0.0
0.0
0.0
0.0
0.0
0.0
0.0
0.0
0.0
0.0
0.0
0.0
0.0
545193.0
545194.0
545197.0
0.0
0.0
0.0
0.0
0.0
0.0
0.0
545276.0
545277.0
545279.0
545280.0
545281.0
545282.0
545283.0
0.0
0.0
0.0
0.0
0.0
0.0
545364.0
545365.0
545366.0
545367.0
545368.0
0.0
0.0
0.0
0.0
0.0
0.0
545438.0
545439.0
545440.0
545441.0
545448.0
545449.0
545450.0
0.0
0.0
0.0
0.0
0.0
0.0
545521.0
545522.0
545523.0
545524.0
545527.0
545528.0
0.0
0.0
0.0
0.0
0.0
0.0
545604.0
545605.0
545606.0
545607.0
0.0
0.0
0.0
545687.0
545688.0
545689.0
545690.0
0.0
0.0
0.0
0.0
0.0
0.0
0.0
545771.0
545772.0
545773.0
545774.0
0.0
0.0
0.0
0.0
0.0
0.0
0.0
0.0
0.0
0.0
0.0
545854.0
545855.0
545856.0
545857.0
0.0
0.0
0.0
0.0
0.0
0.0
0.0
0.0
0.0
0.0
0.0
0.0
545938.0
545939.0
545940.0
0.0
0.0
0.0
0.0
0.0
0.0
0.0
0.0
0.0
0.0
0.0
0.0
0.0
0.0
0.0
0.0
0.0
0.0
0.0
0.0
0.0
0.0
0.0
0.0
0.0
0.0
0.0
0.0
0.0
0.0
0.0
0.0
0.0
0.0
0.0
0.0
0.0
0.0
0.0
0.0
0.0
0.0
0.0
0.0
0.0
0.0
0.0
0.0
0.0
0.0
0.0
0.0
0.0
0.0
0.0
0.0
0.0
0.0
0.0
0.0
0.0
0.0
0.0
0.0
0.0
0.0
0.0
0.0
0.0
0.0
0.0
0.0
0.0
0.0
0.0
0.0
0.0
0.0
0.0
0.0
0.0
0.0
0.0
0.0
0.0
0.0
0.0
0.0
0.0
0.0
0.0
0.0
0.0
0.0
0.0
0.0
0.0
0.0
0.0
0.0
0.0
0.0
0.0
0.0
0.0
0.0
0.0
0.0
0.0
0.0
0.0
0.0
0.0
0.0
0.0
0.0
0.0
0.0
0.0
0.0
0.0
0.0
0.0
0.0
0.0
0.0
0.0
0.0
0.0
0.0
0.0
0.0
0.0
0.0
0.0
0.0
0.0
0.0
0.0
0.0
0.0
0.0
0.0
0.0
0.0
0.0
0.0
0.0
0.0
0.0
0.0
0.0
0.0
0.0
0.0
0.0
0.0
0.0
0.0
0.0
0.0
0.0
0.0
0.0
0.0
0.0
0.0
0.0
0.0
0.0
0.0
0.0
0.0
0.0
0.0
0.0
0.0
0.0
0.0
0.0
0.0
0.0
0.0
0.0
0.0
0.0
0.0
0.0
0.0
0.0
0.0
553824.0
553825.0
553826.0
0.0
0.0
0.0
0.0
0.0
0.0
0.0
0.0
0.0
0.0
0.0
553907.0
553908.0
553909.0
553910.0
553911.0
553912.0
553913.0
0.0
0.0
0.0
0.0
0.0
0.0
0.0
0.0
553990.0
553991.0
553992.0
553993.0
553994.0
553995.0
553996.0
553997.0
0.0
0.0
0.0
0.0
0.0
0.0
0.0
0.0
554072.0
554073.0
554075.0
554076.0
554077.0
554078.0
554079.0
554080.0
554082.0
0.0
0.0
0.0
0.0
0.0
0.0
0.0
0.0
554154.0
554156.0
554157.0
554162.0
554163.0
0.0
0.0
0.0
0.0
0.0
0.0
0.0
0.0
0.0
554237.0
554239.0
554240.0
554244.0
0.0
0.0
0.0
0.0
0.0
0.0
0.0
554320.0
554321.0
554322.0
554323.0
554326.0
554327.0
0.0
0.0
0.0
0.0
0.0
554403.0
554404.0
554405.0
554406.0
554408.0
554409.0
554410.0
0.0
0.0
0.0
0.0
0.0
0.0
0.0
0.0
0.0
554486.0
554487.0
554489.0
0.0
0.0
0.0
0.0
0.0
0.0
0.0
0.0
0.0
0.0
0.0
0.0
0.0
0.0
554570.0
554571.0
554572.0
0.0
0.0
0.0
0.0
0.0
0.0
0.0
0.0
0.0
0.0
554654.0
0.0
0.0
0.0
0.0
0.0
0.0
0.0
0.0
0.0
0.0
0.0
0.0
0.0
0.0
0.0
0.0
0.0
0.0
0.0
0.0
0.0
0.0
0.0
0.0
0.0
0.0
0.0
0.0
0.0
0.0
0.0
0.0
0.0
0.0
0.0
0.0
0.0
0.0
0.0
0.0
0.0
0.0
0.0
0.0
0.0
0.0
0.0
0.0
0.0
0.0
0.0
0.0
0.0
0.0
0.0
0.0
0.0
0.0
0.0
0.0
0.0
0.0
0.0
0.0
0.0
0.0
0.0
0.0
0.0
0.0
0.0
0.0
0.0
0.0
0.0
0.0
0.0
0.0
0.0
0.0
0.0
0.0
0.0
0.0
0.0
0.0
0.0
0.0
0.0
0.0
0.0
0.0
0.0
0.0
0.0
0.0
0.0
0.0
0.0
0.0
0.0
0.0
0.0
0.0
0.0
0.0
0.0
0.0
0.0
0.0
0.0
0.0
0.0
0.0
0.0
0.0
0.0
0.0
0.0
0.0
0.0
0.0
0.0
0.0
0.0
0.0
0.0
0.0
0.0
0.0
0.0
0.0
0.0
0.0
0.0
0.0
0.0
0.0
0.0
0.0
0.0
0.0
0.0
0.0
0.0
0.0
0.0
0.0
0.0
0.0
0.0
0.0
0.0
0.0
0.0
0.0
0.0
0.0
0.0
0.0
0.0
0.0
0.0
0.0
0.0
0.0
0.0
0.0
0.0
0.0
0.0
0.0
0.0
0.0
0.0
0.0
0.0
0.0
0.0
0.0
0.0
0.0
0.0
0.0
0.0
0.0
562540.0
0.0
0.0
0.0
0.0
0.0
0.0
0.0
562622.0
562623.0
562624.0
562625.0
562626.0
562627.0
0.0
0.0
0.0
0.0
0.0
0.0
0.0
562703.0
562704.0
562705.0
562706.0
562707.0
562708.0
562709.0
562710.0
562711.0
562712.0
0.0
0.0
0.0
0.0
0.0
0.0
562787.0
562788.0
562789.0
562790.0
562791.0
562792.0
562793.0
562794.0
562795.0
562796.0
0.0
0.0
0.0
0.0
0.0
0.0
0.0
0.0
562869.0
562870.0
562871.0
562872.0
562873.0
562874.0
562875.0
562876.0
562877.0
562878.0
0.0
0.0
0.0
0.0
0.0
0.0
0.0
562952.0
562953.0
562954.0
562955.0
562957.0
562958.0
562959.0
562960.0
562961.0
0.0
0.0
0.0
0.0
0.0
563035.0
563036.0
563037.0
563038.0
563040.0
563041.0
0.0
0.0
0.0
0.0
0.0
0.0
0.0
0.0
0.0
0.0
563119.0
563120.0
563121.0
563122.0
563123.0
563124.0
0.0
0.0
0.0
0.0
0.0
0.0
0.0
563202.0
563203.0
563204.0
563205.0
563207.0
0.0
0.0
0.0
0.0
0.0
0.0
0.0
0.0
0.0
0.0
0.0
563286.0
563290.0
563291.0
0.0
0.0
0.0
0.0
0.0
0.0
0.0
0.0
0.0
0.0
0.0
0.0
0.0
0.0
563372.0
563373.0
563374.0
0.0
0.0
0.0
0.0
0.0
0.0
0.0
0.0
0.0
0.0
0.0
0.0
0.0
0.0
0.0
0.0
0.0
0.0
0.0
0.0
0.0
0.0
0.0
0.0
0.0
0.0
0.0
0.0
0.0
0.0
0.0
0.0
0.0
0.0
0.0
0.0
0.0
0.0
0.0
0.0
0.0
0.0
0.0
0.0
0.0
0.0
0.0
0.0
0.0
0.0
0.0
0.0
0.0
0.0
0.0
0.0
0.0
0.0
0.0
0.0
0.0
0.0
0.0
0.0
0.0
0.0
0.0
0.0
0.0
0.0
0.0
0.0
0.0
0.0
0.0
0.0
0.0
0.0
0.0
0.0
0.0
0.0
0.0
0.0
0.0
0.0
0.0
0.0
0.0
0.0
0.0
0.0
0.0
0.0
0.0
0.0
0.0
0.0
0.0
0.0
0.0
0.0
0.0
0.0
0.0
0.0
0.0
0.0
0.0
0.0
0.0
0.0
0.0
0.0
0.0
0.0
0.0
0.0
0.0
0.0
0.0
0.0
0.0
0.0
0.0
0.0
0.0
0.0
0.0
0.0
0.0
0.0
0.0
0.0
0.0
0.0
0.0
0.0
0.0
0.0
0.0
0.0
0.0
0.0
0.0
0.0
0.0
0.0
0.0
0.0
0.0
0.0
0.0
0.0
0.0
0.0
0.0
0.0
0.0
0.0
0.0
0.0
0.0
0.0
0.0
0.0
0.0
0.0
0.0
0.0
0.0
0.0
0.0
571336.0
571338.0
571339.0
571340.0
571341.0
0.0
0.0
0.0
0.0
0.0
0.0
0.0
0.0
0.0
0.0
571419.0
571421.0
571422.0
571423.0
571424.0
571425.0
571426.0
571427.0
0.0
0.0
0.0
0.0
0.0
0.0
0.0
0.0
0.0
0.0
0.0
571501.0
571502.0
571504.0
571505.0
571506.0
571507.0
571508.0
571509.0
571510.0
0.0
0.0
0.0
0.0
0.0
0.0
0.0
0.0
571585.0
571587.0
571588.0
571589.0
571590.0
571591.0
571592.0
571593.0
0.0
0.0
0.0
0.0
0.0
0.0
571667.0
571668.0
571669.0
571670.0
571671.0
571672.0
571673.0
0.0
0.0
0.0
0.0
0.0
0.0
0.0
0.0
571751.0
571752.0
571753.0
571754.0
571756.0
571757.0
0.0
0.0
0.0
0.0
0.0
0.0
0.0
571834.0
571835.0
571836.0
571837.0
571839.0
571840.0
0.0
0.0
0.0
0.0
0.0
0.0
0.0
0.0
0.0
0.0
0.0
571918.0
571919.0
571922.0
571923.0
0.0
0.0
0.0
0.0
0.0
0.0
0.0
0.0
0.0
0.0
0.0
0.0
0.0
0.0
0.0
572004.0
572005.0
0.0
0.0
0.0
0.0
0.0
0.0
0.0
0.0
0.0
0.0
0.0
0.0
0.0
0.0
0.0
0.0
0.0
572088.0
0.0
0.0
0.0
0.0
0.0
0.0
0.0
0.0
0.0
0.0
0.0
0.0
0.0
0.0
0.0
0.0
0.0
0.0
0.0
0.0
0.0
0.0
0.0
0.0
0.0
0.0
0.0
0.0
0.0
0.0
0.0
0.0
0.0
0.0
0.0
0.0
0.0
0.0
0.0
0.0
0.0
0.0
0.0
0.0
0.0
0.0
0.0
0.0
0.0
0.0
0.0
0.0
0.0
0.0
0.0
0.0
0.0
0.0
0.0
0.0
0.0
0.0
0.0
0.0
0.0
0.0
0.0
0.0
0.0
0.0
0.0
0.0
0.0
0.0
0.0
0.0
0.0
0.0
0.0
0.0
0.0
0.0
0.0
0.0
0.0
0.0
0.0
0.0
0.0
0.0
0.0
0.0
0.0
0.0
0.0
0.0
0.0
0.0
0.0
0.0
0.0
0.0
0.0
0.0
0.0
0.0
0.0
0.0
0.0
0.0
0.0
0.0
0.0
0.0
0.0
0.0
0.0
0.0
0.0
0.0
0.0
0.0
0.0
0.0
0.0
0.0
0.0
0.0
0.0
0.0
0.0
0.0
0.0
0.0
0.0
0.0
0.0
0.0
0.0
0.0
0.0
0.0
0.0
0.0
580051.0
0.0
0.0
0.0
0.0
0.0
0.0
0.0
0.0
0.0
0.0
0.0
580134.0
580136.0
580137.0
580138.0
0.0
0.0
0.0
0.0
0.0
0.0
0.0
0.0
0.0
0.0
580217.0
580219.0
580220.0
580221.0
580222.0
580224.0
0.0
0.0
0.0
0.0
0.0
0.0
0.0
0.0
0.0
0.0
580300.0
580302.0
580303.0
580304.0
580305.0
0.0
0.0
0.0
0.0
0.0
0.0
0.0
0.0
0.0
580383.0
580384.0
580385.0
580386.0
580387.0
580388.0
580389.0
0.0
0.0
0.0
0.0
0.0
0.0
0.0
0.0
0.0
580466.0
580467.0
580468.0
580469.0
580471.0
580472.0
0.0
0.0
0.0
0.0
0.0
0.0
0.0
0.0
0.0
580552.0
580554.0
580555.0
0.0
0.0
0.0
0.0
0.0
0.0
0.0
0.0
0.0
0.0
0.0
0.0
0.0
580636.0
580637.0
0.0
0.0
0.0
0.0
0.0
0.0
0.0
0.0
0.0
0.0
0.0
0.0
0.0
0.0
0.0
0.0
0.0
0.0
0.0
0.0
0.0
0.0
0.0
0.0
0.0
0.0
0.0
0.0
0.0
0.0
0.0
0.0
0.0
0.0
0.0
0.0
0.0
0.0
0.0
0.0
0.0
0.0
0.0
0.0
0.0
0.0
0.0
0.0
0.0
0.0
0.0
0.0
0.0
0.0
0.0
0.0
0.0
0.0
0.0
0.0
0.0
0.0
0.0
0.0
0.0
0.0
0.0
0.0
0.0
0.0
0.0
0.0
0.0
0.0
0.0
0.0
0.0
0.0
0.0
0.0
0.0
0.0
0.0
0.0
0.0
0.0
0.0
0.0
0.0
0.0
0.0
0.0
0.0
0.0
0.0
0.0
0.0
0.0
0.0
0.0
0.0
0.0
0.0
0.0
0.0
0.0
0.0
0.0
0.0
0.0
0.0
0.0
0.0
0.0
0.0
0.0
0.0
0.0
0.0
0.0
0.0
0.0
0.0
0.0
0.0
0.0
0.0
0.0
0.0
0.0
0.0
0.0
0.0
0.0
0.0
0.0
0.0
0.0
0.0
0.0
0.0
0.0
0.0
0.0
0.0
588852.0
0.0
0.0
0.0
0.0
0.0
0.0
0.0
588935.0
588936.0
0.0
0.0
0.0
0.0
0.0
0.0
0.0
0.0
0.0
589018.0
589019.0
589020.0
0.0
0.0
0.0
0.0
0.0
0.0
0.0
0.0
0.0
0.0
0.0
589100.0
589101.0
589102.0
589103.0
589104.0
0.0
0.0
0.0
0.0
0.0
0.0
0.0
0.0
0.0
0.0
589183.0
589184.0
589185.0
589186.0
0.0
0.0
0.0
0.0
0.0
0.0
0.0
0.0
0.0
0.0
589269.0
0.0
0.0
0.0
0.0
0.0
0.0
0.0
0.0
0.0
0.0
0.0
0.0
0.0
0.0
0.0
0.0
0.0
0.0
0.0
0.0
0.0
0.0
0.0
0.0
0.0
0.0
0.0
0.0
0.0
0.0
0.0
0.0
0.0
0.0
0.0
0.0
0.0
0.0
0.0
0.0
0.0
0.0
0.0
0.0
0.0
0.0
0.0
0.0
0.0
0.0
0.0
0.0
0.0
0.0
0.0
0.0
0.0
0.0
0.0
0.0
0.0
0.0
0.0
0.0
0.0
0.0
0.0
0.0
0.0
0.0
0.0
0.0
0.0
0.0
0.0
0.0
0.0
0.0
0.0
0.0
0.0
0.0
0.0
0.0
0.0
0.0
0.0
0.0
0.0
0.0
0.0
0.0
0.0
0.0
0.0
0.0
0.0
0.0
0.0
0.0
0.0
0.0
0.0
0.0
0.0
0.0
0.0
0.0
0.0
0.0
0.0
0.0
0.0
0.0
0.0
0.0
0.0
0.0
0.0
0.0
0.0
0.0
0.0
0.0
0.0
0.0
0.0
0.0
0.0
0.0
0.0
0.0
0.0
0.0
0.0
0.0
0.0
0.0
0.0
0.0
0.0
0.0
0.0
0.0
0.0
597733.0
597734.0
597735.0
0.0
0.0
0.0
0.0
0.0
0.0
0.0
0.0
597816.0
0.0
597818.0
0.0
0.0
0.0
0.0
0.0
0.0
0.0
0.0
0.0
0.0
0.0
0.0
0.0
0.0
0.0
0.0
0.0
0.0
0.0
0.0
0.0
0.0
0.0
0.0
0.0
0.0
0.0
0.0
0.0
0.0
0.0
0.0
0.0
0.0
0.0
0.0
0.0
0.0
0.0
0.0
0.0
0.0
0.0
0.0
0.0
0.0
0.0
0.0
0.0
0.0
0.0
0.0
0.0
0.0
0.0
0.0
0.0
0.0
0.0
0.0
0.0
0.0
0.0
0.0
0.0
0.0
0.0
0.0
0.0
0.0
0.0
0.0
0.0
0.0
0.0
0.0
0.0
0.0
0.0
0.0
0.0
0.0
0.0
0.0
0.0
0.0
0.0
0.0
0.0
0.0
0.0
0.0
0.0
0.0
0.0
0.0
0.0
0.0
0.0
0.0
0.0
0.0
0.0
0.0
0.0
0.0
0.0
0.0
0.0
0.0
0.0
0.0
0.0
0.0
0.0
0.0
0.0
0.0
0.0
0.0
0.0
0.0
0.0
0.0
0.0
0.0
0.0
0.0
0.0
0.0
0.0
0.0
0.0
0.0
0.0
0.0
0.0
0.0
0.0
0.0
606364.0
0.0
0.0
0.0
0.0
0.0
606448.0
0.0
0.0
0.0
0.0
0.0
0.0
0.0
0.0
0.0
0.0
0.0
0.0
0.0
0.0
0.0
0.0
0.0
0.0
0.0
0.0
0.0
0.0
0.0
0.0
0.0
0.0
0.0
0.0
0.0
0.0
0.0
0.0
0.0
0.0
0.0
0.0
0.0
0.0
0.0
0.0
0.0
0.0
0.0
0.0
0.0
0.0
0.0
0.0
0.0
0.0
0.0
0.0
0.0
0.0
0.0
0.0
0.0
0.0
0.0
0.0
0.0
0.0
0.0
0.0
0.0
0.0
0.0
0.0
0.0
0.0
0.0
0.0
0.0
0.0
0.0
0.0
0.0
0.0
0.0
0.0
0.0
0.0
0.0
0.0
0.0
0.0
0.0
0.0
0.0
0.0
0.0
0.0
0.0
0.0
0.0
0.0
0.0
0.0
0.0
0.0
0.0
0.0
0.0
0.0
0.0
0.0
0.0
0.0
0.0
0.0
0.0
0.0
0.0
0.0
0.0
0.0
0.0
0.0
0.0
0.0
0.0
0.0
0.0
0.0
0.0
0.0
0.0
0.0
0.0
0.0
0.0
0.0
0.0
0.0
0.0
0.0
0.0
0.0
0.0
0.0
0.0
0.0
0.0
0.0
0.0
0.0
0.0
0.0
0.0
0.0
0.0
0.0
0.0
0.0
0.0
0.0
0.0
0.0
0.0
0.0
0.0
0.0
0.0
0.0
0.0
0.0
0.0
0.0
0.0
0.0
0.0
0.0
0.0
0.0
0.0
0.0
0.0
0.0
0.0
0.0
0.0
0.0
0.0
0.0
0.0
0.0
0.0
0.0
0.0
0.0
0.0
0.0
0.0
0.0
0.0
0.0
0.0
0.0
0.0
0.0
0.0
0.0
0.0
0.0
0.0
0.0
0.0
0.0
0.0
0.0
0.0
0.0
0.0
0.0
0.0
0.0
0.0
0.0
0.0
0.0
0.0
0.0
0.0
0.0
0.0
0.0
0.0
0.0
0.0
0.0
0.0
0.0
0.0
0.0
0.0
0.0
0.0
0.0
0.0
0.0
0.0
0.0
0.0
0.0
0.0
0.0
0.0
0.0
0.0
0.0
0.0
0.0
0.0
0.0
0.0
0.0
0.0
0.0
0.0
0.0
0.0
0.0
0.0
0.0
0.0
0.0
0.0
0.0
0.0
0.0
0.0
0.0
0.0
0.0
0.0
0.0
0.0
0.0
0.0
0.0
0.0
0.0
0.0
0.0
0.0
0.0
0.0
0.0
0.0
0.0
0.0
0.0
0.0
0.0
0.0
0.0
0.0
0.0
0.0
0.0
0.0
0.0
0.0
0.0
0.0
0.0
0.0
0.0
0.0
0.0
0.0
0.0
0.0
0.0
0.0
0.0
0.0
0.0
0.0
0.0
0.0
0.0
0.0
0.0
0.0
0.0
0.0
0.0
0.0
0.0
0.0
0.0
0.0
0.0
0.0
0.0
0.0
0.0
0.0
0.0
0.0
0.0
0.0
0.0
0.0
0.0
0.0
0.0
0.0
0.0
0.0
0.0
0.0
0.0
0.0
0.0
0.0
0.0
0.0
0.0
0.0
0.0
0.0
0.0
0.0
0.0
0.0
0.0
0.0
0.0
0.0
0.0
0.0
0.0
0.0
0.0
0.0
0.0
0.0
0.0
0.0
0.0
0.0
0.0
0.0
0.0
0.0
0.0
0.0
0.0
0.0
0.0
0.0
0.0
0.0
0.0
0.0
0.0
0.0
0.0
0.0
0.0
0.0
0.0
0.0
0.0
0.0
0.0
0.0
0.0
0.0
0.0
0.0
0.0
0.0
0.0
0.0
0.0
0.0
0.0
0.0
0.0
0.0
0.0
0.0
0.0
0.0
0.0
0.0
0.0
0.0
0.0
0.0
0.0
0.0
0.0
0.0
0.0
0.0
0.0
0.0
0.0
0.0
0.0
0.0
0.0
0.0
