0.0
0.0
0.0
0.0
0.0
0.0
0.0
0.0
0.0
0.0
0.0
0.0
0.0
0.0
0.0
0.0
0.0
0.0
0.0
0.0
0.0
0.0
0.0
0.0
0.0
0.0
0.0
0.0
0.0
0.0
0.0
0.0
0.0
0.0
0.0
0.0
0.0
0.0
0.0
0.0
0.0
0.0
0.0
0.0
0.0
0.0
0.0
0.0
0.0
0.0
0.0
0.0
0.0
0.0
0.0
0.0
0.0
0.0
0.0
0.0
0.0
0.0
0.0
0.0
0.0
0.0
0.0
0.0
0.0
0.0
0.0
0.0
0.0
0.0
0.0
0.0
0.0
0.0
0.0
0.0
0.0
0.0
0.0
0.0
0.0
0.0
0.0
0.0
0.0
0.0
0.0
0.0
0.0
0.0
0.0
0.0
0.0
0.0
0.0
0.0
0.0
0.0
0.0
0.0
0.0
0.0
0.0
0.0
0.0
0.0
0.0
0.0
0.0
0.0
0.0
0.0
0.0
0.0
0.0
0.0
0.0
0.0
0.0
0.0
0.0
0.0
0.0
0.0
0.0
0.0
0.0
0.0
0.0
0.0
0.0
0.0
0.0
0.0
0.0
0.0
0.0
0.0
0.0
0.0
0.0
0.0
0.0
0.0
0.0
0.0
0.0
0.0
0.0
0.0
0.0
0.0
0.0
0.0
0.0
0.0
0.0
0.0
0.0
0.0
0.0
0.0
0.0
0.0
0.0
0.0
0.0
0.0
0.0
0.0
0.0
0.0
0.0
0.0
0.0
0.0
0.0
0.0
0.0
0.0
0.0
0.0
0.0
0.0
0.0
0.0
0.0
0.0
0.0
0.0
0.0
0.0
0.0
0.0
0.0
0.0
0.0
0.0
0.0
0.0
0.0
0.0
0.0
0.0
0.0
0.0
0.0
0.0
0.0
0.0
0.0
0.0
0.0
0.0
0.0
0.0
0.0
0.0
0.0
0.0
0.0
0.0
0.0
0.0
0.0
0.0
0.0
0.0
0.0
0.0
0.0
0.0
0.0
0.0
0.0
0.0
0.0
0.0
0.0
0.0
0.0
0.0
0.0
0.0
0.0
0.0
0.0
0.0
0.0
0.0
0.0
0.0
0.0
0.0
0.0
0.0
0.0
0.0
0.0
0.0
0.0
0.0
0.0
0.0
0.0
0.0
0.0
0.0
0.0
0.0
0.0
0.0
0.0
0.0
0.0
0.0
0.0
0.0
0.0
0.0
0.0
0.0
0.0
0.0
0.0
0.0
0.0
0.0
0.0
0.0
0.0
0.0
0.0
0.0
0.0
0.0
0.0
0.0
0.0
0.0
0.0
0.0
0.0
0.0
0.0
0.0
0.0
0.0
0.0
0.0
0.0
0.0
0.0
0.0
0.0
0.0
0.0
0.0
0.0
0.0
0.0
0.0
0.0
0.0
0.0
0.0
0.0
0.0
0.0
0.0
0.0
0.0
0.0
0.0
0.0
0.0
0.0
0.0
0.0
0.0
0.0
0.0
0.0
0.0
0.0
0.0
0.0
0.0
0.0
0.0
0.0
0.0
0.0
0.0
0.0
0.0
0.0
0.0
0.0
0.0
0.0
0.0
0.0
0.0
0.0
0.0
0.0
0.0
0.0
0.0
0.0
0.0
0.0
0.0
0.0
0.0
0.0
0.0
0.0
0.0
0.0
0.0
0.0
0.0
0.0
0.0
0.0
0.0
0.0
0.0
0.0
0.0
0.0
0.0
0.0
0.0
0.0
0.0
0.0
0.0
0.0
0.0
0.0
0.0
0.0
0.0
0.0
0.0
0.0
0.0
0.0
0.0
0.0
0.0
0.0
0.0
0.0
0.0
0.0
0.0
0.0
0.0
109784.0
109786.0
109787.0
0.0
0.0
0.0
0.0
0.0
0.0
0.0
109865.0
109866.0
0.0
0.0
0.0
0.0
0.0
0.0
0.0
0.0
0.0
0.0
0.0
0.0
0.0
0.0
0.0
0.0
0.0
0.0
0.0
0.0
0.0
0.0
0.0
0.0
0.0
0.0
0.0
0.0
0.0
0.0
0.0
0.0
0.0
0.0
0.0
0.0
0.0
0.0
0.0
0.0
0.0
0.0
0.0
0.0
0.0
0.0
0.0
0.0
0.0
0.0
0.0
0.0
0.0
0.0
0.0
0.0
0.0
0.0
0.0
0.0
0.0
0.0
0.0
0.0
0.0
0.0
0.0
0.0
0.0
0.0
0.0
0.0
0.0
0.0
0.0
0.0
0.0
0.0
0.0
0.0
0.0
0.0
0.0
0.0
0.0
0.0
0.0
0.0
0.0
0.0
0.0
0.0
0.0
0.0
0.0
0.0
0.0
0.0
0.0
0.0
0.0
0.0
0.0
0.0
0.0
0.0
0.0
0.0
0.0
0.0
0.0
0.0
0.0
0.0
0.0
0.0
0.0
0.0
0.0
0.0
0.0
0.0
0.0
117318.0
0.0
0.0
0.0
0.0
0.0
0.0
0.0
0.0
0.0
0.0
0.0
117399.0
117400.0
0.0
0.0
0.0
0.0
0.0
0.0
0.0
0.0
0.0
0.0
117479.0
117480.0
117481.0
117482.0
117483.0
0.0
0.0
0.0
0.0
0.0
0.0
0.0
117560.0
117561.0
117562.0
117563.0
0.0
0.0
0.0
0.0
0.0
0.0
0.0
0.0
0.0
0.0
0.0
0.0
0.0
0.0
0.0
0.0
0.0
0.0
0.0
0.0
0.0
0.0
0.0
0.0
0.0
0.0
0.0
0.0
0.0
0.0
0.0
0.0
0.0
0.0
0.0
0.0
0.0
0.0
0.0
0.0
0.0
0.0
0.0
0.0
0.0
0.0
0.0
0.0
0.0
0.0
0.0
0.0
0.0
0.0
0.0
0.0
0.0
0.0
0.0
0.0
0.0
0.0
0.0
0.0
0.0
0.0
0.0
0.0
0.0
0.0
0.0
0.0
0.0
0.0
124368.0
124369.0
0.0
0.0
0.0
0.0
0.0
0.0
0.0
124449.0
124450.0
0.0
0.0
0.0
0.0
0.0
0.0
0.0
0.0
0.0
124530.0
124531.0
0.0
0.0
0.0
0.0
0.0
0.0
0.0
0.0
0.0
0.0
0.0
0.0
124611.0
124612.0
0.0
0.0
0.0
0.0
0.0
0.0
0.0
0.0
0.0
0.0
0.0
124689.0
124690.0
124691.0
124693.0
0.0
0.0
0.0
0.0
0.0
0.0
0.0
0.0
0.0
0.0
0.0
0.0
0.0
0.0
0.0
0.0
0.0
0.0
0.0
0.0
0.0
0.0
0.0
0.0
0.0
0.0
0.0
0.0
0.0
0.0
0.0
0.0
0.0
0.0
0.0
0.0
0.0
0.0
0.0
0.0
0.0
0.0
0.0
0.0
0.0
0.0
0.0
125014.0
125015.0
0.0
0.0
0.0
0.0
0.0
0.0
0.0
0.0
0.0
0.0
125093.0
125094.0
125095.0
125096.0
125097.0
0.0
0.0
0.0
0.0
0.0
0.0
0.0
0.0
125174.0
125175.0
125176.0
125177.0
125178.0
0.0
0.0
0.0
0.0
0.0
0.0
0.0
0.0
0.0
125255.0
125256.0
125257.0
125258.0
125259.0
0.0
0.0
0.0
125336.0
125337.0
125338.0
0.0
0.0
0.0
0.0
0.0
0.0
125418.0
125419.0
0.0
0.0
0.0
0.0
0.0
0.0
0.0
0.0
125498.0
125499.0
125500.0
0.0
0.0
0.0
0.0
0.0
0.0
0.0
0.0
125579.0
125580.0
125581.0
0.0
0.0
0.0
0.0
0.0
0.0
0.0
125660.0
125661.0
125662.0
0.0
0.0
0.0
0.0
0.0
0.0
0.0
0.0
0.0
0.0
0.0
0.0
0.0
0.0
0.0
0.0
0.0
0.0
0.0
0.0
0.0
0.0
0.0
0.0
0.0
0.0
0.0
0.0
0.0
0.0
0.0
0.0
0.0
0.0
0.0
0.0
0.0
0.0
0.0
0.0
0.0
0.0
0.0
0.0
0.0
0.0
0.0
0.0
0.0
0.0
131904.0
0.0
0.0
131982.0
131983.0
0.0
0.0
0.0
0.0
0.0
0.0
0.0
0.0
0.0
132062.0
132063.0
132064.0
132065.0
0.0
0.0
0.0
0.0
0.0
0.0
0.0
0.0
132143.0
132144.0
132145.0
0.0
0.0
0.0
0.0
0.0
0.0
0.0
0.0
0.0
0.0
0.0
132224.0
132225.0
132226.0
132227.0
0.0
0.0
0.0
0.0
0.0
0.0
0.0
0.0
0.0
0.0
0.0
0.0
132303.0
132305.0
132306.0
132307.0
132308.0
0.0
0.0
0.0
0.0
0.0
0.0
0.0
0.0
0.0
0.0
132383.0
132384.0
132385.0
132386.0
132387.0
132388.0
132389.0
0.0
0.0
0.0
0.0
0.0
0.0
0.0
0.0
0.0
132464.0
132465.0
132466.0
132467.0
132468.0
132469.0
132470.0
132471.0
0.0
0.0
0.0
0.0
0.0
0.0
0.0
132545.0
132548.0
0.0
132550.0
132551.0
132552.0
0.0
0.0
0.0
0.0
0.0
0.0
0.0
132626.0
132627.0
0.0
0.0
0.0
0.0
0.0
0.0
0.0
0.0
0.0
0.0
0.0
0.0
0.0
132707.0
0.0
0.0
0.0
0.0
0.0
0.0
0.0
0.0
0.0
0.0
0.0
0.0
132788.0
132789.0
132790.0
132791.0
132792.0
0.0
0.0
0.0
0.0
0.0
0.0
0.0
0.0
0.0
0.0
132869.0
132870.0
132871.0
132872.0
132873.0
0.0
0.0
0.0
0.0
0.0
0.0
0.0
0.0
132950.0
132951.0
132952.0
132953.0
132954.0
0.0
0.0
0.0
0.0
0.0
133031.0
133032.0
133033.0
133034.0
133035.0
0.0
0.0
0.0
0.0
0.0
0.0
133112.0
133113.0
133114.0
133115.0
133116.0
0.0
0.0
0.0
0.0
0.0
0.0
133192.0
133193.0
133194.0
133195.0
133196.0
133197.0
0.0
0.0
0.0
0.0
0.0
0.0
133274.0
133275.0
133276.0
133277.0
133278.0
0.0
0.0
0.0
0.0
0.0
0.0
0.0
0.0
0.0
133356.0
133357.0
133358.0
133359.0
0.0
0.0
0.0
0.0
0.0
0.0
0.0
0.0
0.0
0.0
0.0
0.0
0.0
0.0
0.0
0.0
0.0
0.0
0.0
0.0
0.0
0.0
0.0
0.0
0.0
0.0
0.0
0.0
0.0
0.0
0.0
0.0
0.0
0.0
0.0
0.0
0.0
0.0
0.0
0.0
0.0
0.0
0.0
0.0
0.0
0.0
0.0
0.0
0.0
0.0
0.0
0.0
0.0
0.0
0.0
0.0
0.0
0.0
0.0
0.0
0.0
0.0
0.0
0.0
0.0
0.0
0.0
0.0
0.0
0.0
0.0
0.0
0.0
0.0
0.0
0.0
0.0
0.0
0.0
0.0
0.0
0.0
0.0
139436.0
139437.0
139438.0
139517.0
139518.0
139519.0
139520.0
139595.0
139596.0
139597.0
139598.0
139599.0
0.0
0.0
0.0
0.0
0.0
0.0
139676.0
139677.0
139678.0
139679.0
0.0
0.0
0.0
0.0
0.0
0.0
0.0
0.0
139757.0
139758.0
139759.0
139760.0
0.0
0.0
0.0
0.0
0.0
0.0
0.0
139838.0
139839.0
139840.0
139841.0
0.0
0.0
0.0
0.0
0.0
0.0
0.0
0.0
0.0
0.0
139917.0
139918.0
139919.0
139920.0
139921.0
139922.0
0.0
0.0
0.0
0.0
0.0
0.0
0.0
0.0
0.0
139997.0
139998.0
139999.0
140000.0
140001.0
140003.0
0.0
0.0
0.0
0.0
0.0
0.0
0.0
0.0
0.0
0.0
0.0
0.0
140079.0
140080.0
140081.0
140082.0
140084.0
140085.0
140086.0
0.0
0.0
0.0
0.0
0.0
0.0
0.0
0.0
0.0
140160.0
140161.0
140162.0
140163.0
140164.0
140165.0
140166.0
140167.0
0.0
0.0
0.0
0.0
0.0
0.0
140240.0
140241.0
0.0
0.0
0.0
140246.0
140247.0
140248.0
0.0
0.0
0.0
0.0
0.0
140321.0
140322.0
0.0
0.0
140326.0
140327.0
0.0
0.0
0.0
0.0
0.0
0.0
0.0
140402.0
140403.0
0.0
0.0
0.0
0.0
0.0
0.0
0.0
0.0
0.0
0.0
140483.0
140485.0
140486.0
140487.0
0.0
0.0
0.0
0.0
0.0
0.0
0.0
0.0
0.0
0.0
140563.0
140564.0
140565.0
140566.0
140567.0
140568.0
140569.0
0.0
0.0
0.0
0.0
0.0
0.0
0.0
140645.0
140646.0
140647.0
140648.0
140649.0
140650.0
0.0
0.0
0.0
0.0
0.0
0.0
0.0
0.0
0.0
140726.0
140727.0
140728.0
140729.0
140730.0
140731.0
0.0
0.0
0.0
0.0
0.0
0.0
140809.0
140810.0
140811.0
140812.0
0.0
0.0
0.0
140887.0
140888.0
140889.0
140890.0
140891.0
140892.0
140893.0
0.0
0.0
0.0
0.0
0.0
140969.0
140970.0
140971.0
140972.0
140973.0
140974.0
0.0
0.0
0.0
0.0
0.0
0.0
141052.0
141053.0
141054.0
141055.0
0.0
0.0
0.0
0.0
0.0
0.0
0.0
0.0
0.0
0.0
0.0
0.0
0.0
0.0
0.0
0.0
0.0
0.0
0.0
0.0
0.0
0.0
0.0
0.0
0.0
0.0
0.0
0.0
0.0
0.0
0.0
0.0
0.0
0.0
0.0
0.0
0.0
0.0
0.0
0.0
0.0
0.0
0.0
0.0
0.0
0.0
0.0
0.0
0.0
0.0
0.0
0.0
0.0
0.0
0.0
0.0
0.0
0.0
0.0
0.0
0.0
0.0
0.0
0.0
0.0
0.0
0.0
0.0
0.0
0.0
0.0
0.0
0.0
0.0
0.0
0.0
0.0
0.0
0.0
0.0
0.0
0.0
0.0
0.0
147049.0
147050.0
147051.0
147052.0
147130.0
147131.0
147132.0
147133.0
147134.0
147209.0
147210.0
147211.0
147212.0
147213.0
147214.0
0.0
0.0
0.0
0.0
0.0
0.0
0.0
147289.0
147290.0
147291.0
147292.0
147293.0
0.0
0.0
0.0
0.0
0.0
0.0
0.0
0.0
147371.0
147372.0
147373.0
147374.0
147375.0
0.0
0.0
0.0
0.0
0.0
0.0
0.0
147452.0
147453.0
147455.0
147456.0
0.0
0.0
0.0
0.0
0.0
147532.0
147533.0
147534.0
147536.0
0.0
0.0
0.0
0.0
0.0
0.0
0.0
0.0
0.0
0.0
0.0
147611.0
147612.0
147613.0
147614.0
147617.0
147618.0
0.0
0.0
0.0
0.0
0.0
0.0
0.0
0.0
0.0
0.0
147692.0
147693.0
147694.0
147695.0
147696.0
147698.0
147699.0
0.0
0.0
0.0
0.0
0.0
0.0
0.0
147775.0
147776.0
147777.0
147778.0
147779.0
147780.0
147781.0
0.0
0.0
0.0
0.0
0.0
0.0
0.0
0.0
0.0
147856.0
0.0
147858.0
147859.0
147861.0
0.0
0.0
0.0
0.0
0.0
0.0
0.0
0.0
0.0
147940.0
147941.0
0.0
0.0
0.0
0.0
148016.0
148017.0
0.0
0.0
0.0
0.0
0.0
0.0
0.0
0.0
0.0
148097.0
148098.0
0.0
0.0
0.0
0.0
0.0
0.0
0.0
0.0
0.0
148178.0
148179.0
148181.0
0.0
0.0
0.0
0.0
0.0
0.0
0.0
0.0
148259.0
148261.0
148262.0
148263.0
0.0
0.0
0.0
0.0
0.0
0.0
0.0
0.0
0.0
148339.0
148340.0
148341.0
148342.0
148343.0
148344.0
148345.0
0.0
0.0
0.0
0.0
0.0
0.0
0.0
0.0
0.0
0.0
148420.0
148421.0
148422.0
148423.0
148425.0
148426.0
0.0
0.0
0.0
0.0
148502.0
148503.0
148504.0
148505.0
148506.0
148507.0
0.0
0.0
0.0
148582.0
148583.0
148584.0
148585.0
148586.0
148587.0
148588.0
0.0
0.0
0.0
0.0
148664.0
148665.0
148666.0
148667.0
148668.0
148669.0
0.0
0.0
0.0
148747.0
148748.0
148749.0
148750.0
0.0
0.0
0.0
0.0
0.0
0.0
0.0
0.0
0.0
0.0
0.0
0.0
0.0
0.0
0.0
0.0
0.0
0.0
0.0
0.0
0.0
0.0
0.0
0.0
0.0
0.0
0.0
0.0
0.0
0.0
0.0
0.0
0.0
0.0
0.0
0.0
0.0
0.0
0.0
0.0
0.0
0.0
0.0
0.0
0.0
0.0
0.0
0.0
0.0
0.0
0.0
0.0
0.0
0.0
0.0
0.0
0.0
0.0
0.0
0.0
0.0
0.0
0.0
0.0
0.0
0.0
0.0
0.0
0.0
0.0
0.0
0.0
0.0
154664.0
154665.0
154666.0
0.0
154743.0
154744.0
154745.0
154746.0
154747.0
0.0
0.0
0.0
0.0
0.0
154823.0
154824.0
154825.0
154826.0
0.0
0.0
0.0
0.0
0.0
0.0
0.0
0.0
154903.0
154904.0
154905.0
154906.0
154907.0
0.0
0.0
0.0
0.0
0.0
0.0
0.0
0.0
0.0
0.0
154984.0
154985.0
154986.0
154987.0
154988.0
0.0
0.0
0.0
0.0
0.0
0.0
0.0
0.0
0.0
0.0
0.0
155066.0
155067.0
155068.0
155069.0
0.0
0.0
0.0
0.0
0.0
0.0
0.0
0.0
0.0
0.0
155146.0
155147.0
155148.0
155149.0
155150.0
155151.0
0.0
0.0
0.0
0.0
0.0
0.0
0.0
0.0
155227.0
155228.0
155229.0
155231.0
155232.0
0.0
0.0
0.0
0.0
0.0
0.0
0.0
0.0
0.0
0.0
0.0
0.0
0.0
155312.0
155313.0
0.0
0.0
0.0
0.0
0.0
0.0
0.0
0.0
0.0
0.0
0.0
0.0
0.0
155387.0
0.0
0.0
0.0
155394.0
0.0
0.0
0.0
0.0
0.0
0.0
0.0
0.0
0.0
0.0
0.0
155468.0
0.0
0.0
0.0
0.0
0.0
0.0
0.0
0.0
0.0
0.0
0.0
155549.0
155550.0
0.0
0.0
0.0
0.0
0.0
0.0
0.0
0.0
0.0
0.0
0.0
155630.0
155631.0
0.0
0.0
0.0
0.0
0.0
0.0
0.0
155711.0
155712.0
0.0
0.0
0.0
0.0
0.0
0.0
0.0
0.0
0.0
155792.0
155793.0
155794.0
0.0
0.0
0.0
0.0
0.0
0.0
0.0
0.0
155873.0
155874.0
155875.0
0.0
0.0
0.0
0.0
0.0
0.0
155954.0
155955.0
155957.0
0.0
0.0
0.0
0.0
0.0
0.0
0.0
156034.0
156035.0
156037.0
156038.0
156039.0
156040.0
0.0
0.0
0.0
0.0
0.0
0.0
156115.0
156116.0
156117.0
156118.0
156119.0
156120.0
156121.0
0.0
0.0
0.0
0.0
0.0
156197.0
156198.0
156199.0
156200.0
156201.0
156202.0
0.0
0.0
156279.0
156280.0
156281.0
156282.0
156283.0
0.0
156359.0
156360.0
156361.0
156440.0
156441.0
156442.0
156522.0
156680.0
156681.0
156761.0
156762.0
156842.0
156843.0
0.0
0.0
0.0
0.0
0.0
0.0
0.0
0.0
0.0
0.0
0.0
0.0
0.0
0.0
0.0
0.0
0.0
0.0
0.0
0.0
0.0
0.0
0.0
0.0
0.0
0.0
0.0
0.0
0.0
0.0
0.0
0.0
0.0
0.0
0.0
0.0
0.0
0.0
0.0
0.0
0.0
0.0
0.0
0.0
0.0
0.0
0.0
0.0
0.0
0.0
0.0
0.0
0.0
0.0
0.0
162278.0
162279.0
162280.0
0.0
162359.0
162360.0
162361.0
162362.0
0.0
0.0
0.0
162437.0
162438.0
162439.0
162440.0
162441.0
162442.0
0.0
0.0
0.0
0.0
0.0
0.0
0.0
162516.0
162517.0
162518.0
162519.0
162520.0
162521.0
0.0
0.0
0.0
0.0
0.0
0.0
0.0
0.0
0.0
0.0
0.0
0.0
162597.0
162598.0
0.0
0.0
0.0
0.0
0.0
0.0
0.0
0.0
0.0
0.0
0.0
0.0
0.0
162678.0
162679.0
162680.0
162681.0
0.0
0.0
0.0
0.0
0.0
0.0
0.0
0.0
0.0
0.0
0.0
162761.0
162762.0
162763.0
0.0
0.0
0.0
0.0
0.0
0.0
0.0
0.0
0.0
0.0
162841.0
162842.0
162843.0
162844.0
0.0
0.0
0.0
0.0
0.0
0.0
0.0
0.0
0.0
0.0
0.0
0.0
0.0
162923.0
162924.0
162925.0
0.0
0.0
0.0
0.0
0.0
0.0
0.0
0.0
0.0
0.0
0.0
0.0
0.0
0.0
0.0
0.0
0.0
0.0
0.0
0.0
163082.0
163083.0
0.0
0.0
0.0
0.0
0.0
0.0
0.0
0.0
0.0
0.0
0.0
0.0
163163.0
163164.0
0.0
0.0
0.0
0.0
0.0
0.0
0.0
0.0
0.0
0.0
0.0
0.0
163243.0
163244.0
163245.0
0.0
0.0
0.0
0.0
0.0
0.0
0.0
0.0
0.0
0.0
163325.0
163326.0
0.0
0.0
0.0
0.0
0.0
0.0
163406.0
163407.0
163408.0
0.0
0.0
0.0
0.0
0.0
163488.0
163489.0
163490.0
0.0
0.0
0.0
0.0
163568.0
163569.0
163570.0
163571.0
0.0
0.0
0.0
0.0
163649.0
163650.0
0.0
0.0
0.0
0.0
0.0
0.0
163733.0
0.0
0.0
0.0
163810.0
163811.0
163812.0
163813.0
163814.0
163815.0
163891.0
163892.0
163893.0
163894.0
163895.0
163896.0
163973.0
163974.0
163975.0
0.0
0.0
164056.0
164134.0
164136.0
164137.0
0.0
164376.0
164456.0
164457.0
164458.0
0.0
164537.0
164538.0
0.0
0.0
0.0
0.0
0.0
0.0
0.0
0.0
0.0
0.0
0.0
0.0
0.0
0.0
0.0
0.0
0.0
0.0
0.0
0.0
0.0
0.0
0.0
0.0
0.0
0.0
0.0
0.0
0.0
0.0
0.0
0.0
0.0
0.0
0.0
0.0
0.0
0.0
0.0
0.0
0.0
0.0
0.0
0.0
0.0
0.0
0.0
0.0
0.0
0.0
0.0
0.0
0.0
0.0
0.0
0.0
0.0
0.0
0.0
0.0
0.0
0.0
0.0
0.0
0.0
0.0
0.0
0.0
0.0
0.0
169973.0
169974.0
0.0
0.0
0.0
0.0
170054.0
170055.0
0.0
0.0
0.0
0.0
0.0
0.0
170130.0
170131.0
170133.0
170134.0
170135.0
0.0
0.0
0.0
0.0
0.0
0.0
0.0
0.0
0.0
0.0
170210.0
170211.0
170212.0
170213.0
170214.0
170215.0
170216.0
0.0
0.0
0.0
0.0
0.0
0.0
0.0
0.0
0.0
0.0
0.0
0.0
0.0
0.0
0.0
170291.0
170292.0
170293.0
0.0
0.0
0.0
0.0
0.0
0.0
0.0
0.0
0.0
0.0
0.0
0.0
0.0
0.0
0.0
170372.0
170373.0
170374.0
170375.0
170376.0
0.0
0.0
0.0
0.0
0.0
0.0
0.0
0.0
0.0
0.0
0.0
0.0
0.0
170455.0
170456.0
170457.0
170458.0
0.0
0.0
0.0
0.0
0.0
0.0
0.0
0.0
0.0
0.0
0.0
0.0
0.0
170535.0
170536.0
170537.0
170538.0
170539.0
0.0
0.0
0.0
0.0
0.0
0.0
0.0
0.0
0.0
0.0
0.0
0.0
0.0
170617.0
170618.0
170619.0
170620.0
0.0
0.0
0.0
0.0
0.0
0.0
0.0
0.0
0.0
0.0
0.0
0.0
0.0
0.0
0.0
0.0
0.0
0.0
0.0
0.0
0.0
0.0
0.0
170858.0
170859.0
0.0
0.0
0.0
0.0
170939.0
170940.0
0.0
0.0
0.0
0.0
171021.0
0.0
0.0
0.0
171101.0
171102.0
171103.0
171104.0
0.0
0.0
0.0
171183.0
171184.0
171185.0
171186.0
0.0
0.0
0.0
0.0
171263.0
171264.0
171265.0
171266.0
0.0
0.0
0.0
0.0
0.0
171506.0
171507.0
171587.0
171588.0
171668.0
0.0
0.0
0.0
0.0
0.0
0.0
0.0
0.0
0.0
0.0
0.0
172071.0
172072.0
172074.0
0.0
0.0
0.0
0.0
172152.0
172153.0
172154.0
0.0
0.0
0.0
0.0
0.0
172232.0
172233.0
0.0
0.0
0.0
0.0
0.0
0.0
0.0
0.0
0.0
0.0
0.0
0.0
0.0
0.0
0.0
0.0
0.0
0.0
0.0
0.0
0.0
0.0
0.0
0.0
0.0
0.0
0.0
0.0
0.0
0.0
0.0
0.0
0.0
0.0
0.0
0.0
0.0
0.0
0.0
0.0
0.0
0.0
0.0
0.0
0.0
0.0
0.0
0.0
0.0
0.0
0.0
0.0
0.0
0.0
0.0
0.0
0.0
0.0
0.0
0.0
177668.0
0.0
0.0
0.0
177744.0
177745.0
177746.0
177747.0
177748.0
177749.0
0.0
0.0
0.0
0.0
0.0
0.0
177824.0
177825.0
177826.0
177827.0
177828.0
177829.0
177830.0
0.0
0.0
0.0
0.0
0.0
0.0
0.0
0.0
0.0
0.0
0.0
177905.0
177906.0
177907.0
177908.0
177909.0
177910.0
177911.0
0.0
0.0
0.0
0.0
0.0
0.0
0.0
0.0
0.0
0.0
0.0
0.0
0.0
177986.0
177987.0
0.0
0.0
0.0
0.0
0.0
0.0
0.0
0.0
0.0
0.0
178067.0
178068.0
178069.0
178070.0
0.0
0.0
0.0
0.0
0.0
0.0
0.0
0.0
0.0
0.0
0.0
0.0
178149.0
178150.0
178151.0
178152.0
0.0
0.0
0.0
0.0
0.0
0.0
0.0
0.0
0.0
0.0
0.0
0.0
178231.0
178232.0
178233.0
178234.0
0.0
0.0
0.0
0.0
0.0
0.0
0.0
0.0
0.0
178313.0
178314.0
178315.0
0.0
0.0
0.0
0.0
0.0
0.0
0.0
178394.0
178395.0
0.0
0.0
178554.0
178634.0
178635.0
178636.0
178638.0
178716.0
178717.0
178718.0
178719.0
178797.0
178798.0
178799.0
178800.0
178878.0
178879.0
178880.0
178881.0
178882.0
178959.0
178960.0
178961.0
178962.0
179039.0
179041.0
179121.0
0.0
0.0
0.0
0.0
0.0
0.0
0.0
0.0
0.0
0.0
0.0
0.0
0.0
0.0
0.0
0.0
0.0
0.0
0.0
0.0
0.0
0.0
0.0
0.0
0.0
0.0
0.0
179687.0
179688.0
0.0
0.0
0.0
179767.0
179768.0
179769.0
0.0
0.0
0.0
0.0
179847.0
179848.0
179849.0
0.0
0.0
0.0
0.0
0.0
179928.0
0.0
0.0
0.0
0.0
0.0
0.0
0.0
0.0
0.0
0.0
0.0
0.0
0.0
0.0
0.0
0.0
0.0
0.0
0.0
0.0
0.0
0.0
0.0
0.0
0.0
0.0
0.0
0.0
0.0
0.0
0.0
0.0
0.0
0.0
0.0
0.0
0.0
0.0
0.0
0.0
0.0
0.0
0.0
0.0
0.0
0.0
185359.0
185360.0
185361.0
0.0
185439.0
185440.0
185441.0
185442.0
185443.0
0.0
0.0
0.0
0.0
185519.0
185520.0
185523.0
185524.0
0.0
0.0
0.0
0.0
0.0
0.0
0.0
185600.0
185601.0
185605.0
0.0
0.0
0.0
0.0
0.0
0.0
0.0
0.0
0.0
0.0
0.0
0.0
0.0
0.0
0.0
185681.0
185682.0
0.0
0.0
0.0
0.0
0.0
0.0
0.0
0.0
0.0
0.0
0.0
185762.0
185763.0
185764.0
0.0
0.0
0.0
0.0
0.0
0.0
0.0
0.0
0.0
185844.0
185845.0
185846.0
185847.0
0.0
0.0
0.0
0.0
0.0
0.0
0.0
0.0
0.0
185926.0
185927.0
185928.0
185929.0
0.0
0.0
0.0
0.0
0.0
186007.0
186008.0
186009.0
186010.0
0.0
0.0
0.0
186088.0
186089.0
186090.0
0.0
0.0
0.0
0.0
0.0
186332.0
186333.0
186412.0
186413.0
0.0
186493.0
186494.0
186573.0
186574.0
186575.0
186576.0
186654.0
186655.0
186656.0
186735.0
186736.0
0.0
0.0
0.0
0.0
0.0
0.0
0.0
0.0
0.0
0.0
0.0
0.0
0.0
0.0
0.0
0.0
0.0
0.0
187220.0
187221.0
0.0
0.0
0.0
0.0
187301.0
187302.0
0.0
0.0
0.0
0.0
187382.0
0.0
0.0
0.0
0.0
187463.0
187464.0
0.0
0.0
0.0
0.0
0.0
0.0
0.0
0.0
0.0
0.0
0.0
0.0
0.0
0.0
0.0
187703.0
0.0
0.0
0.0
0.0
0.0
0.0
0.0
0.0
0.0
0.0
0.0
0.0
0.0
0.0
0.0
0.0
0.0
0.0
0.0
0.0
0.0
0.0
0.0
0.0
0.0
0.0
0.0
193136.0
193137.0
0.0
0.0
193213.0
193214.0
0.0
0.0
0.0
0.0
0.0
193295.0
0.0
0.0
0.0
0.0
0.0
0.0
0.0
193376.0
0.0
0.0
0.0
0.0
0.0
0.0
0.0
193458.0
0.0
0.0
0.0
0.0
0.0
0.0
0.0
0.0
0.0
193539.0
193540.0
0.0
0.0
0.0
0.0
193620.0
193621.0
193622.0
193623.0
0.0
0.0
0.0
193701.0
193702.0
193703.0
193704.0
0.0
0.0
193784.0
193785.0
0.0
0.0
0.0
0.0
194107.0
0.0
194349.0
0.0
0.0
0.0
0.0
0.0
0.0
0.0
0.0
0.0
0.0
0.0
0.0
0.0
0.0
194915.0
194916.0
194917.0
0.0
0.0
0.0
0.0
194996.0
194997.0
0.0
0.0
0.0
195077.0
195078.0
0.0
0.0
0.0
0.0
195158.0
0.0
0.0
0.0
0.0
0.0
0.0
0.0
0.0
0.0
0.0
0.0
0.0
0.0
0.0
0.0
0.0
0.0
0.0
0.0
0.0
0.0
0.0
0.0
0.0
0.0
0.0
0.0
0.0
0.0
0.0
0.0
0.0
0.0
0.0
0.0
0.0
0.0
0.0
0.0
0.0
0.0
0.0
0.0
0.0
201317.0
0.0
201397.0
201398.0
0.0
0.0
201479.0
0.0
0.0
0.0
0.0
0.0
0.0
0.0
0.0
0.0
0.0
202530.0
0.0
0.0
0.0
0.0
202611.0
202612.0
0.0
0.0
0.0
0.0
0.0
202691.0
202692.0
202693.0
0.0
0.0
0.0
0.0
202772.0
202773.0
0.0
0.0
0.0
0.0
0.0
0.0
0.0
0.0
0.0
0.0
0.0
0.0
0.0
0.0
0.0
0.0
0.0
0.0
0.0
0.0
0.0
0.0
0.0
0.0
0.0
0.0
0.0
0.0
0.0
0.0
0.0
0.0
0.0
0.0
0.0
0.0
0.0
0.0
0.0
0.0
0.0
0.0
0.0
0.0
0.0
0.0
0.0
0.0
0.0
0.0
0.0
0.0
0.0
0.0
210307.0
0.0
0.0
0.0
0.0
210387.0
210388.0
210389.0
0.0
0.0
0.0
210468.0
210469.0
210470.0
0.0
0.0
0.0
210549.0
210550.0
210551.0
0.0
0.0
0.0
0.0
0.0
0.0
0.0
0.0
0.0
0.0
0.0
0.0
0.0
0.0
0.0
0.0
0.0
0.0
0.0
0.0
0.0
0.0
0.0
0.0
0.0
0.0
0.0
0.0
0.0
0.0
0.0
0.0
0.0
0.0
0.0
0.0
0.0
0.0
0.0
0.0
0.0
0.0
0.0
0.0
0.0
0.0
0.0
0.0
0.0
0.0
0.0
0.0
218002.0
0.0
0.0
0.0
0.0
0.0
0.0
0.0
0.0
218164.0
0.0
0.0
0.0
218244.0
218245.0
0.0
0.0
0.0
0.0
0.0
0.0
0.0
0.0
0.0
0.0
0.0
0.0
0.0
0.0
0.0
0.0
0.0
0.0
0.0
0.0
0.0
0.0
0.0
0.0
0.0
0.0
0.0
0.0
0.0
0.0
0.0
0.0
0.0
0.0
0.0
0.0
0.0
0.0
0.0
0.0
0.0
0.0
0.0
0.0
0.0
0.0
0.0
0.0
0.0
0.0
0.0
0.0
0.0
0.0
0.0
0.0
0.0
0.0
0.0
0.0
0.0
0.0
0.0
0.0
0.0
0.0
0.0
0.0
0.0
0.0
0.0
0.0
0.0
0.0
0.0
0.0
0.0
0.0
0.0
0.0
0.0
0.0
0.0
0.0
0.0
0.0
0.0
0.0
0.0
0.0
0.0
0.0
0.0
0.0
0.0
0.0
0.0
0.0
0.0
0.0
0.0
0.0
0.0
0.0
0.0
0.0
0.0
0.0
0.0
0.0
0.0
0.0
0.0
0.0
0.0
0.0
0.0
0.0
0.0
0.0
0.0
0.0
0.0
0.0
0.0
0.0
0.0
0.0
0.0
0.0
0.0
0.0
0.0
0.0
0.0
0.0
0.0
0.0
0.0
0.0
0.0
0.0
0.0
0.0
0.0
0.0
0.0
0.0
0.0
0.0
0.0
0.0
0.0
0.0
0.0
0.0
0.0
0.0
0.0
0.0
0.0
0.0
0.0
0.0
0.0
0.0
0.0
0.0
0.0
0.0
0.0
0.0
0.0
0.0
0.0
0.0
0.0
0.0
0.0
0.0
0.0
0.0
0.0
0.0
0.0
0.0
0.0
0.0
0.0
0.0
0.0
0.0
0.0
0.0
0.0
0.0
0.0
0.0
0.0
0.0
0.0
0.0
0.0
0.0
0.0
0.0
0.0
0.0
0.0
0.0
0.0
0.0
0.0
0.0
0.0
0.0
0.0
0.0
0.0
0.0
0.0
0.0
0.0
0.0
0.0
0.0
0.0
0.0
0.0
0.0
0.0
0.0
0.0
0.0
0.0
0.0
0.0
0.0
0.0
0.0
0.0
0.0
0.0
0.0
0.0
0.0
0.0
0.0
0.0
0.0
0.0
0.0
0.0
0.0
0.0
0.0
0.0
0.0
0.0
0.0
0.0
0.0
0.0
0.0
0.0
0.0
0.0
0.0
0.0
0.0
0.0
0.0
0.0
0.0
0.0
0.0
0.0
0.0
0.0
0.0
0.0
0.0
0.0
0.0
0.0
0.0
0.0
0.0
0.0
0.0
0.0
0.0
0.0
0.0
0.0
0.0
0.0
0.0
0.0
0.0
0.0
0.0
0.0
0.0
0.0
0.0
0.0
0.0
0.0
0.0
0.0
0.0
0.0
0.0
0.0
0.0
0.0
0.0
0.0
0.0
0.0
0.0
0.0
0.0
0.0
0.0
0.0
0.0
0.0
0.0
0.0
0.0
0.0
0.0
0.0
0.0
0.0
0.0
0.0
0.0
0.0
0.0
0.0
0.0
0.0
0.0
0.0
0.0
0.0
0.0
0.0
0.0
0.0
0.0
0.0
0.0
0.0
0.0
0.0
0.0
0.0
0.0
0.0
0.0
0.0
0.0
0.0
0.0
0.0
0.0
0.0
0.0
0.0
0.0
0.0
0.0
0.0
0.0
0.0
0.0
0.0
0.0
0.0
0.0
0.0
0.0
0.0
0.0
0.0
0.0
0.0
0.0
0.0
0.0
0.0
0.0
0.0
0.0
0.0
0.0
0.0
0.0
0.0
0.0
0.0
0.0
0.0
0.0
0.0
0.0
0.0
0.0
0.0
0.0
0.0
0.0
0.0
0.0
0.0
0.0
0.0
0.0
0.0
0.0
0.0
0.0
0.0
0.0
0.0
0.0
0.0
0.0
0.0
0.0
0.0
0.0
0.0
0.0
0.0
0.0
0.0
0.0
0.0
0.0
0.0
0.0
0.0
0.0
0.0
0.0
0.0
0.0
0.0
0.0
0.0
0.0
0.0
0.0
0.0
0.0
0.0
0.0
0.0
0.0
0.0
0.0
0.0
0.0
0.0
0.0
0.0
0.0
0.0
0.0
0.0
0.0
0.0
0.0
0.0
0.0
0.0
0.0
0.0
0.0
0.0
0.0
0.0
0.0
0.0
0.0
0.0
0.0
0.0
0.0
0.0
0.0
0.0
0.0
0.0
0.0
0.0
0.0
0.0
0.0
0.0
0.0
0.0
0.0
0.0
0.0
0.0
0.0
0.0
0.0
0.0
0.0
0.0
0.0
0.0
0.0
0.0
0.0
0.0
0.0
0.0
0.0
0.0
0.0
0.0
0.0
0.0
0.0
0.0
0.0
0.0
0.0
0.0
0.0
0.0
0.0
0.0
0.0
0.0
0.0
0.0
0.0
0.0
0.0
0.0
0.0
0.0
0.0
0.0
0.0
0.0
0.0
0.0
0.0
0.0
0.0
0.0
0.0
0.0
0.0
0.0
0.0
0.0
0.0
0.0
0.0
0.0
0.0
0.0
0.0
0.0
0.0
0.0
0.0
0.0
0.0
0.0
0.0
0.0
0.0
0.0
0.0
0.0
0.0
0.0
0.0
0.0
0.0
0.0
0.0
0.0
0.0
0.0
0.0
0.0
0.0
0.0
0.0
0.0
0.0
0.0
0.0
0.0
0.0
0.0
0.0
0.0
0.0
0.0
0.0
0.0
0.0
0.0
0.0
0.0
0.0
0.0
0.0
0.0
0.0
0.0
0.0
0.0
0.0
0.0
0.0
0.0
0.0
369879.0
369880.0
369960.0
369961.0
369962.0
0.0
0.0
0.0
0.0
0.0
0.0
0.0
0.0
0.0
0.0
0.0
0.0
0.0
0.0
0.0
0.0
0.0
0.0
0.0
0.0
0.0
0.0
0.0
0.0
0.0
0.0
0.0
0.0
0.0
0.0
0.0
0.0
0.0
0.0
0.0
0.0
0.0
0.0
0.0
0.0
0.0
0.0
0.0
0.0
0.0
0.0
0.0
0.0
0.0
0.0
0.0
0.0
0.0
0.0
0.0
0.0
0.0
0.0
0.0
0.0
0.0
0.0
0.0
0.0
0.0
0.0
0.0
0.0
0.0
0.0
0.0
0.0
0.0
0.0
0.0
0.0
0.0
0.0
377573.0
377574.0
377575.0
377654.0
377655.0
377656.0
377657.0
377736.0
377737.0
377738.0
377739.0
377818.0
377819.0
377820.0
377900.0
377901.0
377982.0
0.0
0.0
0.0
0.0
0.0
0.0
0.0
0.0
0.0
0.0
0.0
0.0
0.0
0.0
0.0
0.0
0.0
0.0
0.0
0.0
0.0
0.0
0.0
0.0
0.0
0.0
0.0
0.0
0.0
0.0
0.0
0.0
0.0
0.0
0.0
0.0
0.0
0.0
0.0
0.0
0.0
0.0
0.0
0.0
0.0
0.0
0.0
0.0
0.0
0.0
0.0
0.0
0.0
0.0
0.0
0.0
0.0
0.0
0.0
0.0
0.0
0.0
379677.0
379678.0
0.0
0.0
0.0
0.0
379758.0
0.0
0.0
0.0
0.0
0.0
0.0
0.0
0.0
0.0
0.0
0.0
0.0
0.0
0.0
0.0
0.0
0.0
0.0
0.0
0.0
0.0
0.0
0.0
0.0
0.0
0.0
0.0
0.0
0.0
0.0
0.0
0.0
0.0
0.0
0.0
0.0
0.0
0.0
0.0
0.0
385267.0
385268.0
385348.0
385349.0
385350.0
385351.0
385352.0
385428.0
385431.0
385432.0
385433.0
385434.0
385508.0
385509.0
385510.0
385513.0
385514.0
385515.0
385594.0
385595.0
385596.0
385676.0
385677.0
385757.0
385758.0
0.0
385839.0
0.0
0.0
385920.0
385921.0
0.0
0.0
0.0
0.0
0.0
0.0
0.0
0.0
0.0
0.0
0.0
0.0
0.0
0.0
0.0
0.0
0.0
0.0
0.0
0.0
0.0
0.0
0.0
0.0
0.0
0.0
0.0
386967.0
0.0
0.0
0.0
0.0
0.0
0.0
0.0
0.0
0.0
0.0
0.0
0.0
0.0
0.0
0.0
0.0
0.0
0.0
0.0
0.0
0.0
0.0
0.0
0.0
0.0
387129.0
0.0
0.0
0.0
0.0
0.0
0.0
387210.0
0.0
0.0
0.0
0.0
0.0
0.0
387291.0
0.0
0.0
0.0
0.0
0.0
0.0
387371.0
387372.0
0.0
0.0
0.0
0.0
387452.0
387453.0
0.0
0.0
0.0
0.0
0.0
0.0
0.0
0.0
0.0
0.0
0.0
0.0
0.0
0.0
0.0
0.0
0.0
0.0
0.0
0.0
0.0
0.0
0.0
0.0
0.0
0.0
0.0
0.0
0.0
0.0
0.0
0.0
0.0
0.0
0.0
0.0
0.0
0.0
0.0
0.0
0.0
0.0
0.0
392962.0
392963.0
393041.0
393042.0
393043.0
393044.0
393045.0
393122.0
393123.0
393124.0
393125.0
393127.0
393128.0
393202.0
393203.0
393204.0
393205.0
393209.0
393210.0
393290.0
393291.0
393292.0
393371.0
393372.0
0.0
0.0
0.0
393452.0
393453.0
0.0
0.0
0.0
0.0
0.0
0.0
0.0
0.0
0.0
393535.0
0.0
0.0
0.0
0.0
0.0
0.0
0.0
0.0
0.0
393615.0
393616.0
0.0
0.0
0.0
0.0
0.0
0.0
0.0
0.0
0.0
0.0
0.0
0.0
0.0
0.0
0.0
0.0
0.0
0.0
0.0
0.0
0.0
0.0
0.0
0.0
0.0
0.0
0.0
0.0
0.0
0.0
394662.0
0.0
0.0
0.0
0.0
0.0
0.0
0.0
0.0
394743.0
0.0
0.0
0.0
0.0
394823.0
394824.0
0.0
0.0
0.0
0.0
394904.0
394905.0
394906.0
0.0
0.0
0.0
394985.0
394986.0
0.0
0.0
0.0
0.0
395066.0
395067.0
0.0
0.0
0.0
0.0
395146.0
395147.0
395148.0
0.0
0.0
0.0
0.0
0.0
0.0
0.0
0.0
0.0
0.0
0.0
0.0
0.0
0.0
0.0
0.0
0.0
0.0
0.0
0.0
0.0
0.0
0.0
0.0
0.0
0.0
0.0
0.0
0.0
0.0
0.0
0.0
0.0
0.0
0.0
0.0
0.0
0.0
0.0
0.0
0.0
396033.0
396034.0
396435.0
396516.0
0.0
0.0
400659.0
400738.0
400739.0
400740.0
400818.0
400819.0
400820.0
400822.0
400899.0
400900.0
400901.0
400904.0
400985.0
0.0
0.0
0.0
401065.0
401066.0
401067.0
0.0
0.0
0.0
0.0
0.0
0.0
0.0
0.0
401146.0
401147.0
401148.0
0.0
0.0
0.0
0.0
0.0
0.0
0.0
0.0
0.0
401228.0
0.0
0.0
0.0
0.0
0.0
0.0
0.0
0.0
0.0
0.0
0.0
0.0
0.0
0.0
0.0
0.0
0.0
0.0
0.0
0.0
0.0
0.0
0.0
0.0
0.0
0.0
0.0
0.0
0.0
0.0
0.0
0.0
0.0
402275.0
0.0
0.0
402356.0
402357.0
0.0
0.0
0.0
402437.0
402438.0
0.0
0.0
0.0
0.0
402518.0
402519.0
0.0
0.0
0.0
0.0
402599.0
402600.0
0.0
0.0
402680.0
402681.0
0.0
0.0
0.0
402760.0
402761.0
402762.0
0.0
0.0
0.0
402841.0
402842.0
0.0
0.0
0.0
0.0
402922.0
0.0
0.0
0.0
0.0
0.0
0.0
0.0
0.0
0.0
0.0
0.0
0.0
0.0
0.0
0.0
0.0
0.0
0.0
0.0
0.0
0.0
0.0
0.0
0.0
0.0
0.0
0.0
0.0
0.0
0.0
0.0
0.0
0.0
403567.0
0.0
0.0
0.0
403648.0
403649.0
0.0
403728.0
403729.0
403730.0
403808.0
403809.0
403810.0
403889.0
403890.0
404130.0
404131.0
404210.0
404211.0
404212.0
404291.0
404292.0
0.0
404372.0
0.0
0.0
0.0
404453.0
0.0
0.0
0.0
0.0
0.0
0.0
0.0
0.0
0.0
0.0
0.0
408434.0
408515.0
408516.0
408517.0
408594.0
408595.0
408596.0
408597.0
408598.0
408599.0
0.0
0.0
0.0
0.0
408676.0
408679.0
408680.0
0.0
0.0
408760.0
408761.0
408762.0
0.0
0.0
0.0
0.0
0.0
0.0
0.0
0.0
408841.0
408842.0
408843.0
408844.0
0.0
0.0
0.0
0.0
0.0
0.0
0.0
0.0
408922.0
408923.0
408924.0
408925.0
0.0
0.0
0.0
0.0
0.0
0.0
0.0
0.0
0.0
409005.0
409006.0
0.0
0.0
0.0
0.0
0.0
0.0
409087.0
0.0
0.0
0.0
0.0
0.0
0.0
0.0
0.0
0.0
0.0
0.0
409970.0
409971.0
410051.0
410052.0
0.0
0.0
410132.0
410133.0
0.0
0.0
0.0
410213.0
410214.0
0.0
0.0
0.0
410294.0
410295.0
410296.0
0.0
0.0
0.0
0.0
410375.0
410376.0
0.0
0.0
0.0
410457.0
0.0
0.0
0.0
410536.0
410537.0
0.0
0.0
0.0
0.0
0.0
0.0
0.0
0.0
0.0
0.0
0.0
0.0
0.0
0.0
0.0
0.0
0.0
0.0
0.0
0.0
0.0
0.0
0.0
0.0
0.0
0.0
0.0
0.0
0.0
0.0
0.0
0.0
411262.0
411263.0
0.0
0.0
411342.0
411343.0
411344.0
0.0
411423.0
411424.0
411425.0
411426.0
411503.0
411504.0
411505.0
411506.0
411584.0
411585.0
411586.0
411665.0
411666.0
411825.0
411905.0
411906.0
411907.0
411985.0
411986.0
411987.0
411988.0
411989.0
412064.0
0.0
412066.0
412067.0
412068.0
412069.0
0.0
0.0
0.0
0.0
412147.0
412148.0
412149.0
412150.0
0.0
0.0
0.0
0.0
0.0
412229.0
412230.0
0.0
0.0
0.0
0.0
412308.0
0.0
412310.0
0.0
0.0
0.0
0.0
0.0
412390.0
0.0
0.0
0.0
416212.0
0.0
0.0
416289.0
416290.0
416291.0
416292.0
416293.0
416294.0
0.0
0.0
0.0
0.0
0.0
0.0
416369.0
416370.0
416371.0
416372.0
416373.0
416374.0
416375.0
416376.0
416377.0
0.0
0.0
0.0
0.0
416450.0
416454.0
416455.0
416456.0
416457.0
416458.0
0.0
0.0
0.0
0.0
0.0
0.0
416535.0
416536.0
416537.0
416538.0
416539.0
0.0
0.0
0.0
0.0
0.0
416616.0
416617.0
416618.0
416619.0
416620.0
0.0
0.0
0.0
0.0
416700.0
416701.0
0.0
0.0
0.0
0.0
0.0
0.0
0.0
0.0
0.0
0.0
0.0
0.0
0.0
0.0
0.0
0.0
0.0
0.0
0.0
0.0
417664.0
417665.0
417745.0
417746.0
417747.0
0.0
417826.0
417827.0
417828.0
0.0
0.0
0.0
417908.0
417909.0
0.0
0.0
0.0
417989.0
417990.0
417991.0
0.0
0.0
0.0
418070.0
418071.0
0.0
0.0
418152.0
0.0
0.0
0.0
0.0
0.0
0.0
0.0
0.0
0.0
0.0
0.0
0.0
0.0
0.0
0.0
0.0
0.0
0.0
0.0
0.0
0.0
0.0
0.0
0.0
0.0
0.0
0.0
0.0
0.0
0.0
0.0
0.0
0.0
0.0
0.0
0.0
0.0
0.0
0.0
0.0
418877.0
418878.0
0.0
418955.0
418956.0
418957.0
418958.0
0.0
0.0
419037.0
419038.0
419039.0
419040.0
419117.0
419118.0
419119.0
419120.0
419121.0
419197.0
419198.0
419199.0
419200.0
419201.0
419278.0
419279.0
419280.0
419281.0
419359.0
419361.0
419362.0
419440.0
419601.0
419604.0
0.0
419679.0
0.0
419681.0
419682.0
419683.0
419685.0
0.0
0.0
419760.0
419761.0
419762.0
419763.0
419764.0
419765.0
0.0
0.0
419841.0
419842.0
419843.0
419844.0
419845.0
419846.0
0.0
0.0
0.0
419922.0
419923.0
419924.0
419925.0
419926.0
419927.0
0.0
0.0
0.0
0.0
420003.0
420004.0
420005.0
420006.0
0.0
0.0
420084.0
420085.0
0.0
0.0
0.0
423985.0
423986.0
423987.0
423988.0
423990.0
0.0
0.0
0.0
0.0
0.0
0.0
424064.0
424065.0
424066.0
424067.0
424068.0
424069.0
424070.0
424071.0
424072.0
0.0
0.0
0.0
0.0
0.0
0.0
0.0
0.0
424145.0
424146.0
424147.0
424148.0
424149.0
424150.0
424151.0
424152.0
424153.0
0.0
0.0
0.0
0.0
0.0
0.0
0.0
424226.0
424228.0
424229.0
424230.0
424231.0
424232.0
0.0
0.0
0.0
0.0
0.0
0.0
0.0
424307.0
424309.0
424310.0
424311.0
424312.0
424313.0
0.0
0.0
0.0
0.0
424390.0
424391.0
424392.0
424393.0
0.0
0.0
0.0
0.0
0.0
0.0
0.0
424468.0
424472.0
0.0
0.0
0.0
0.0
0.0
0.0
0.0
0.0
0.0
0.0
0.0
0.0
0.0
0.0
0.0
0.0
0.0
0.0
0.0
0.0
0.0
0.0
0.0
0.0
0.0
0.0
0.0
0.0
0.0
0.0
0.0
0.0
0.0
0.0
0.0
0.0
0.0
0.0
0.0
0.0
0.0
0.0
0.0
425360.0
425361.0
425440.0
425441.0
425442.0
425522.0
425523.0
425524.0
0.0
425603.0
425604.0
425605.0
0.0
0.0
425684.0
425685.0
425686.0
0.0
425765.0
425766.0
425767.0
0.0
0.0
425847.0
0.0
0.0
0.0
0.0
0.0
0.0
0.0
0.0
0.0
0.0
0.0
0.0
0.0
0.0
0.0
0.0
0.0
0.0
0.0
0.0
0.0
0.0
0.0
0.0
0.0
0.0
0.0
0.0
0.0
0.0
0.0
0.0
0.0
0.0
0.0
0.0
0.0
0.0
0.0
0.0
426492.0
0.0
0.0
426572.0
426573.0
0.0
426652.0
426653.0
426654.0
426655.0
426732.0
426733.0
426734.0
426735.0
426736.0
426811.0
426812.0
426813.0
426814.0
426815.0
426816.0
426893.0
426894.0
426895.0
426896.0
426973.0
426974.0
426975.0
426976.0
426977.0
427054.0
427055.0
427056.0
427057.0
427135.0
427136.0
427216.0
427217.0
427218.0
427219.0
427296.0
427297.0
427298.0
427299.0
427300.0
0.0
0.0
427376.0
427377.0
427378.0
427379.0
427380.0
0.0
0.0
427455.0
427456.0
427457.0
427458.0
427459.0
427460.0
427461.0
427536.0
427537.0
427538.0
427539.0
427540.0
427541.0
427542.0
427617.0
0.0
427619.0
427620.0
427621.0
427622.0
427698.0
427699.0
427700.0
427701.0
0.0
0.0
0.0
431760.0
431761.0
431762.0
431763.0
431764.0
431767.0
0.0
0.0
0.0
0.0
0.0
0.0
0.0
0.0
431839.0
431840.0
431841.0
431842.0
431843.0
431844.0
431845.0
431846.0
0.0
0.0
0.0
0.0
0.0
0.0
0.0
0.0
0.0
0.0
431921.0
431922.0
431923.0
431925.0
431926.0
431927.0
0.0
0.0
0.0
0.0
0.0
0.0
0.0
0.0
432003.0
432004.0
432005.0
432006.0
432007.0
0.0
0.0
0.0
0.0
432080.0
432081.0
432084.0
432085.0
432086.0
432087.0
432088.0
0.0
0.0
0.0
0.0
0.0
0.0
432162.0
432163.0
432167.0
432168.0
0.0
0.0
0.0
0.0
0.0
0.0
0.0
0.0
0.0
432243.0
432244.0
432245.0
0.0
0.0
0.0
0.0
0.0
0.0
0.0
0.0
0.0
0.0
0.0
432325.0
432326.0
432327.0
432328.0
432329.0
432330.0
0.0
0.0
0.0
0.0
0.0
0.0
0.0
0.0
0.0
432407.0
432408.0
432409.0
432410.0
432411.0
0.0
0.0
0.0
0.0
0.0
0.0
0.0
0.0
0.0
0.0
0.0
0.0
0.0
0.0
0.0
0.0
0.0
0.0
0.0
0.0
0.0
0.0
0.0
0.0
0.0
0.0
0.0
0.0
0.0
0.0
0.0
0.0
432978.0
433135.0
433136.0
433137.0
433217.0
433218.0
433219.0
433220.0
0.0
0.0
0.0
433299.0
433300.0
433301.0
0.0
0.0
0.0
0.0
433382.0
0.0
0.0
0.0
0.0
0.0
0.0
0.0
0.0
0.0
0.0
0.0
0.0
0.0
0.0
0.0
0.0
0.0
0.0
0.0
0.0
0.0
0.0
0.0
0.0
0.0
0.0
0.0
0.0
0.0
0.0
0.0
0.0
0.0
0.0
0.0
0.0
0.0
0.0
0.0
434267.0
434268.0
434269.0
434348.0
434349.0
434350.0
434428.0
434429.0
434430.0
434508.0
434509.0
434511.0
434589.0
434591.0
434592.0
434669.0
434670.0
434750.0
434751.0
434752.0
434753.0
434831.0
434832.0
434833.0
434911.0
434912.0
434913.0
434914.0
434992.0
434993.0
434994.0
434995.0
435073.0
435074.0
435075.0
0.0
0.0
435153.0
435154.0
435155.0
435156.0
0.0
435233.0
435234.0
435235.0
435236.0
435237.0
435314.0
435315.0
435316.0
439459.0
0.0
0.0
0.0
439535.0
439536.0
439538.0
439539.0
439540.0
0.0
0.0
0.0
0.0
439614.0
439615.0
439616.0
439617.0
439618.0
439619.0
439620.0
439621.0
0.0
0.0
0.0
0.0
0.0
439695.0
439696.0
439697.0
439698.0
439699.0
439700.0
439701.0
439702.0
0.0
0.0
0.0
0.0
439776.0
439778.0
439779.0
439780.0
439781.0
439782.0
0.0
0.0
0.0
0.0
0.0
0.0
0.0
0.0
0.0
439857.0
439858.0
439860.0
439861.0
0.0
0.0
0.0
0.0
0.0
0.0
0.0
0.0
0.0
0.0
0.0
439938.0
439939.0
439940.0
439943.0
439944.0
0.0
0.0
0.0
0.0
0.0
0.0
0.0
0.0
0.0
0.0
440020.0
440021.0
440022.0
440023.0
440024.0
440025.0
440026.0
0.0
0.0
0.0
0.0
0.0
0.0
0.0
0.0
0.0
0.0
0.0
0.0
440102.0
440103.0
440104.0
440105.0
440106.0
440107.0
0.0
0.0
0.0
0.0
0.0
0.0
0.0
0.0
0.0
0.0
440186.0
440187.0
440188.0
0.0
0.0
0.0
0.0
0.0
0.0
0.0
440268.0
440269.0
0.0
0.0
0.0
0.0
0.0
440348.0
0.0
0.0
0.0
0.0
0.0
0.0
440426.0
440427.0
440428.0
440429.0
0.0
0.0
0.0
0.0
440506.0
440507.0
0.0
440509.0
440510.0
440511.0
0.0
0.0
0.0
0.0
0.0
440590.0
0.0
0.0
0.0
0.0
440669.0
440671.0
440672.0
440673.0
0.0
0.0
0.0
0.0
440748.0
440749.0
440750.0
440751.0
440752.0
440753.0
440754.0
0.0
0.0
440829.0
440830.0
440831.0
440832.0
440833.0
440834.0
440835.0
440911.0
440912.0
440913.0
440914.0
440915.0
0.0
0.0
440993.0
440994.0
440995.0
440996.0
0.0
0.0
0.0
441075.0
0.0
441077.0
0.0
0.0
0.0
0.0
0.0
0.0
0.0
0.0
0.0
0.0
0.0
0.0
0.0
0.0
0.0
0.0
0.0
0.0
0.0
0.0
0.0
0.0
0.0
0.0
0.0
0.0
0.0
0.0
0.0
0.0
0.0
0.0
0.0
0.0
0.0
0.0
442044.0
442123.0
442125.0
442204.0
442286.0
442365.0
442446.0
442526.0
442527.0
442608.0
442609.0
442689.0
442690.0
442769.0
442770.0
447233.0
0.0
0.0
0.0
0.0
447310.0
447311.0
447312.0
447313.0
447314.0
447315.0
0.0
0.0
0.0
0.0
0.0
0.0
0.0
0.0
0.0
0.0
447391.0
447392.0
447393.0
447394.0
447395.0
0.0
0.0
0.0
0.0
0.0
0.0
0.0
0.0
0.0
0.0
447471.0
0.0
447473.0
447474.0
447475.0
0.0
0.0
0.0
0.0
0.0
0.0
0.0
0.0
0.0
0.0
0.0
0.0
0.0
447552.0
447553.0
447554.0
447555.0
447556.0
0.0
0.0
0.0
0.0
0.0
0.0
0.0
0.0
0.0
0.0
447633.0
447634.0
447635.0
447638.0
447639.0
0.0
0.0
0.0
0.0
0.0
0.0
0.0
0.0
0.0
0.0
0.0
0.0
447714.0
447715.0
447716.0
447717.0
447718.0
447719.0
447720.0
447721.0
0.0
0.0
0.0
0.0
0.0
0.0
0.0
0.0
0.0
0.0
0.0
0.0
0.0
0.0
447797.0
447798.0
447799.0
447800.0
447801.0
447802.0
447803.0
0.0
0.0
0.0
0.0
0.0
0.0
0.0
0.0
0.0
0.0
0.0
0.0
447878.0
447879.0
447880.0
447881.0
447882.0
447883.0
447884.0
447885.0
0.0
0.0
0.0
0.0
0.0
0.0
0.0
0.0
0.0
0.0
447963.0
447964.0
447965.0
447966.0
0.0
0.0
0.0
0.0
0.0
0.0
0.0
0.0
0.0
448041.0
448042.0
448043.0
0.0
0.0
0.0
0.0
0.0
0.0
0.0
448120.0
448121.0
448122.0
448123.0
448124.0
0.0
0.0
0.0
0.0
0.0
448201.0
448202.0
448203.0
448204.0
448205.0
448207.0
448208.0
0.0
0.0
0.0
0.0
0.0
0.0
0.0
0.0
448284.0
448285.0
448286.0
448288.0
448289.0
0.0
0.0
0.0
0.0
0.0
0.0
0.0
448363.0
448364.0
448365.0
448366.0
448369.0
448370.0
448371.0
0.0
0.0
0.0
0.0
0.0
448443.0
448444.0
448445.0
448446.0
448447.0
448451.0
0.0
0.0
0.0
448524.0
448525.0
448526.0
0.0
0.0
0.0
0.0
0.0
448605.0
448606.0
448607.0
448608.0
0.0
0.0
0.0
0.0
448688.0
0.0
0.0
0.0
0.0
0.0
0.0
0.0
0.0
0.0
0.0
0.0
0.0
0.0
0.0
0.0
0.0
0.0
0.0
0.0
0.0
0.0
0.0
0.0
0.0
0.0
0.0
0.0
0.0
0.0
0.0
0.0
0.0
0.0
0.0
0.0
0.0
0.0
0.0
0.0
0.0
0.0
0.0
0.0
0.0
0.0
0.0
0.0
0.0
0.0
0.0
0.0
0.0
0.0
0.0
0.0
0.0
0.0
0.0
0.0
0.0
455009.0
0.0
0.0
0.0
0.0
0.0
0.0
0.0
455089.0
455090.0
455091.0
0.0
0.0
0.0
0.0
0.0
0.0
0.0
0.0
0.0
455166.0
0.0
455168.0
455169.0
0.0
0.0
455172.0
0.0
0.0
0.0
0.0
0.0
0.0
0.0
0.0
0.0
0.0
0.0
0.0
0.0
0.0
0.0
0.0
0.0
455247.0
455248.0
455249.0
0.0
0.0
0.0
0.0
0.0
0.0
0.0
0.0
0.0
0.0
0.0
0.0
0.0
0.0
0.0
0.0
0.0
0.0
455328.0
455329.0
455330.0
455332.0
455333.0
455334.0
0.0
0.0
0.0
0.0
0.0
0.0
0.0
0.0
0.0
0.0
0.0
0.0
0.0
0.0
0.0
455410.0
455411.0
455412.0
455413.0
455414.0
455415.0
0.0
0.0
0.0
0.0
0.0
0.0
0.0
0.0
0.0
0.0
0.0
0.0
455492.0
455493.0
455494.0
455495.0
455496.0
455497.0
455498.0
455499.0
455500.0
0.0
0.0
0.0
0.0
0.0
0.0
0.0
0.0
0.0
0.0
0.0
0.0
455574.0
455575.0
455576.0
455577.0
455578.0
455579.0
455580.0
455581.0
0.0
0.0
0.0
0.0
0.0
0.0
0.0
0.0
0.0
0.0
0.0
0.0
455658.0
455659.0
455660.0
455661.0
0.0
0.0
0.0
0.0
0.0
0.0
0.0
0.0
455734.0
455735.0
455736.0
455737.0
455738.0
455741.0
0.0
0.0
0.0
0.0
0.0
0.0
0.0
0.0
455814.0
455815.0
455816.0
455817.0
455818.0
455821.0
0.0
0.0
0.0
0.0
0.0
0.0
455896.0
455897.0
455898.0
455899.0
455901.0
455902.0
455903.0
0.0
0.0
0.0
0.0
0.0
0.0
455977.0
455978.0
455979.0
455980.0
0.0
0.0
455984.0
0.0
0.0
0.0
0.0
0.0
0.0
0.0
456057.0
456058.0
456059.0
456060.0
0.0
456064.0
456065.0
456066.0
0.0
0.0
0.0
0.0
0.0
456138.0
456139.0
456144.0
456145.0
456146.0
0.0
0.0
0.0
0.0
0.0
0.0
456219.0
456220.0
456225.0
456226.0
456227.0
0.0
0.0
0.0
0.0
0.0
0.0
456300.0
456301.0
456302.0
456303.0
456305.0
456306.0
456307.0
0.0
0.0
0.0
0.0
0.0
0.0
0.0
456382.0
456383.0
456384.0
0.0
0.0
0.0
0.0
0.0
0.0
0.0
0.0
0.0
456464.0
456465.0
0.0
0.0
0.0
0.0
0.0
0.0
456545.0
0.0
0.0
0.0
0.0
0.0
0.0
0.0
0.0
0.0
0.0
0.0
0.0
0.0
0.0
0.0
0.0
0.0
0.0
0.0
0.0
0.0
0.0
0.0
0.0
0.0
0.0
0.0
0.0
0.0
0.0
0.0
0.0
0.0
0.0
0.0
0.0
0.0
0.0
0.0
0.0
0.0
0.0
0.0
0.0
0.0
0.0
0.0
0.0
0.0
0.0
0.0
0.0
0.0
0.0
0.0
0.0
0.0
0.0
0.0
0.0
0.0
0.0
0.0
0.0
0.0
0.0
0.0
0.0
0.0
0.0
0.0
0.0
0.0
462866.0
462867.0
0.0
0.0
0.0
0.0
0.0
0.0
0.0
0.0
0.0
0.0
0.0
462943.0
0.0
0.0
0.0
462947.0
462948.0
0.0
0.0
0.0
0.0
0.0
0.0
0.0
0.0
0.0
0.0
0.0
0.0
0.0
0.0
0.0
0.0
0.0
0.0
463023.0
463024.0
463025.0
463026.0
463027.0
463028.0
0.0
0.0
0.0
0.0
0.0
0.0
0.0
0.0
0.0
0.0
0.0
0.0
0.0
0.0
0.0
0.0
463105.0
463106.0
463107.0
463108.0
463109.0
463110.0
0.0
0.0
0.0
0.0
0.0
0.0
0.0
0.0
0.0
0.0
0.0
0.0
0.0
463189.0
463190.0
463191.0
463192.0
463193.0
463194.0
0.0
0.0
0.0
0.0
0.0
0.0
0.0
0.0
0.0
0.0
0.0
0.0
463270.0
463271.0
463272.0
463273.0
463274.0
463275.0
463276.0
0.0
0.0
0.0
0.0
0.0
0.0
0.0
0.0
0.0
0.0
0.0
463348.0
463351.0
463353.0
0.0
0.0
463356.0
0.0
0.0
0.0
0.0
0.0
0.0
463428.0
463429.0
463430.0
463431.0
463432.0
0.0
0.0
0.0
0.0
0.0
0.0
0.0
0.0
0.0
463510.0
463511.0
463512.0
463513.0
463515.0
463516.0
0.0
0.0
0.0
0.0
0.0
0.0
0.0
0.0
463592.0
463593.0
463594.0
463595.0
463596.0
463597.0
463598.0
0.0
0.0
0.0
0.0
0.0
0.0
0.0
463672.0
463673.0
463674.0
463676.0
463677.0
0.0
0.0
0.0
0.0
0.0
0.0
0.0
0.0
463752.0
463753.0
463754.0
463757.0
0.0
0.0
463760.0
0.0
0.0
0.0
0.0
463833.0
463834.0
0.0
0.0
463840.0
463841.0
0.0
0.0
0.0
0.0
0.0
0.0
463914.0
463915.0
0.0
463920.0
463921.0
463922.0
0.0
0.0
0.0
0.0
0.0
0.0
0.0
463994.0
463995.0
463996.0
463997.0
464000.0
464001.0
464002.0
0.0
0.0
0.0
0.0
0.0
0.0
464075.0
464076.0
464077.0
464078.0
464079.0
464081.0
464082.0
464083.0
0.0
0.0
0.0
0.0
0.0
464157.0
464158.0
464159.0
464160.0
0.0
0.0
0.0
0.0
464240.0
0.0
0.0
0.0
0.0
464398.0
464399.0
464400.0
0.0
0.0
0.0
0.0
464480.0
464481.0
464482.0
0.0
0.0
0.0
0.0
0.0
0.0
0.0
0.0
0.0
0.0
0.0
0.0
0.0
0.0
0.0
0.0
0.0
0.0
0.0
0.0
0.0
0.0
0.0
0.0
0.0
0.0
0.0
0.0
0.0
0.0
0.0
0.0
0.0
0.0
0.0
0.0
0.0
0.0
0.0
0.0
0.0
470561.0
470562.0
0.0
0.0
0.0
470641.0
470642.0
470643.0
0.0
0.0
0.0
0.0
0.0
0.0
0.0
0.0
0.0
0.0
0.0
0.0
0.0
470721.0
470722.0
470723.0
470724.0
0.0
0.0
0.0
0.0
0.0
0.0
0.0
0.0
0.0
0.0
0.0
0.0
0.0
0.0
0.0
470804.0
470805.0
0.0
0.0
0.0
0.0
0.0
0.0
0.0
0.0
0.0
0.0
0.0
0.0
0.0
0.0
0.0
0.0
0.0
0.0
0.0
470884.0
470885.0
470886.0
470887.0
470889.0
0.0
0.0
0.0
0.0
0.0
0.0
0.0
0.0
0.0
0.0
0.0
470965.0
0.0
470967.0
470968.0
470969.0
470970.0
470971.0
0.0
0.0
0.0
0.0
0.0
0.0
0.0
0.0
0.0
0.0
0.0
471044.0
471045.0
471046.0
0.0
0.0
471050.0
0.0
0.0
0.0
0.0
0.0
0.0
0.0
471123.0
471124.0
471125.0
471126.0
471127.0
0.0
0.0
0.0
0.0
0.0
0.0
0.0
0.0
0.0
0.0
0.0
0.0
471205.0
471206.0
471207.0
471208.0
471209.0
471210.0
0.0
0.0
0.0
0.0
0.0
0.0
0.0
0.0
0.0
471286.0
471287.0
471288.0
471290.0
471291.0
471292.0
0.0
0.0
0.0
0.0
0.0
0.0
471367.0
471368.0
471369.0
471371.0
471372.0
0.0
0.0
0.0
0.0
0.0
0.0
0.0
0.0
471447.0
471448.0
471451.0
0.0
0.0
0.0
0.0
0.0
0.0
0.0
0.0
471528.0
471529.0
0.0
0.0
0.0
0.0
0.0
0.0
0.0
0.0
0.0
0.0
0.0
471608.0
471609.0
0.0
0.0
0.0
471616.0
0.0
0.0
0.0
0.0
0.0
0.0
0.0
471689.0
471690.0
471695.0
471696.0
471697.0
0.0
0.0
0.0
0.0
0.0
0.0
471770.0
471771.0
471772.0
471776.0
471777.0
471778.0
0.0
0.0
0.0
0.0
471851.0
471852.0
471853.0
471854.0
471857.0
471858.0
471859.0
0.0
0.0
0.0
471932.0
471933.0
471934.0
0.0
0.0
472013.0
0.0
0.0
472016.0
472093.0
472094.0
472095.0
472096.0
472097.0
0.0
0.0
472175.0
472176.0
472177.0
472178.0
0.0
0.0
0.0
472256.0
472257.0
472258.0
0.0
0.0
0.0
0.0
0.0
0.0
0.0
478418.0
478419.0
0.0
0.0
0.0
0.0
0.0
0.0
0.0
0.0
0.0
0.0
478499.0
478500.0
0.0
0.0
0.0
0.0
0.0
0.0
0.0
0.0
0.0
0.0
0.0
0.0
0.0
0.0
0.0
0.0
0.0
0.0
0.0
0.0
478581.0
478582.0
0.0
0.0
0.0
0.0
0.0
0.0
0.0
0.0
0.0
0.0
0.0
0.0
0.0
0.0
0.0
0.0
0.0
0.0
0.0
0.0
478663.0
478664.0
0.0
0.0
0.0
0.0
0.0
0.0
0.0
0.0
0.0
0.0
0.0
478738.0
478739.0
478740.0
0.0
0.0
0.0
0.0
0.0
0.0
0.0
0.0
0.0
0.0
0.0
478819.0
478820.0
478821.0
478822.0
0.0
0.0
0.0
0.0
0.0
0.0
0.0
0.0
0.0
0.0
0.0
478901.0
478902.0
478903.0
0.0
0.0
0.0
0.0
0.0
0.0
0.0
0.0
0.0
0.0
478981.0
478982.0
478983.0
0.0
0.0
0.0
0.0
0.0
0.0
0.0
0.0
0.0
479062.0
479063.0
0.0
479066.0
0.0
0.0
0.0
0.0
0.0
0.0
0.0
0.0
479142.0
479143.0
479144.0
479146.0
479147.0
0.0
0.0
0.0
0.0
0.0
0.0
0.0
0.0
479223.0
479224.0
0.0
0.0
0.0
0.0
0.0
0.0
0.0
0.0
0.0
0.0
0.0
0.0
479303.0
479304.0
479305.0
479306.0
0.0
0.0
479309.0
479310.0
0.0
0.0
0.0
0.0
0.0
0.0
0.0
0.0
0.0
479384.0
479385.0
479386.0
479387.0
0.0
0.0
479390.0
0.0
0.0
0.0
0.0
0.0
0.0
0.0
0.0
479465.0
479466.0
479468.0
479469.0
479471.0
479472.0
0.0
0.0
0.0
479546.0
479547.0
479552.0
479553.0
479554.0
0.0
0.0
0.0
479627.0
479628.0
479629.0
0.0
479635.0
0.0
0.0
479709.0
0.0
0.0
479789.0
479790.0
0.0
0.0
0.0
479869.0
479870.0
479871.0
479872.0
479873.0
0.0
0.0
479950.0
479951.0
479952.0
0.0
0.0
0.0
0.0
0.0
0.0
0.0
0.0
0.0
0.0
0.0
0.0
0.0
0.0
0.0
0.0
0.0
0.0
0.0
0.0
0.0
0.0
0.0
0.0
0.0
0.0
0.0
0.0
0.0
0.0
0.0
0.0
0.0
0.0
0.0
0.0
0.0
0.0
0.0
0.0
0.0
0.0
0.0
0.0
0.0
0.0
0.0
0.0
486433.0
486434.0
486435.0
0.0
0.0
0.0
0.0
0.0
0.0
0.0
0.0
0.0
0.0
0.0
0.0
0.0
0.0
486515.0
486516.0
0.0
0.0
0.0
0.0
0.0
0.0
0.0
0.0
0.0
0.0
0.0
0.0
486596.0
486597.0
0.0
0.0
0.0
0.0
0.0
0.0
0.0
0.0
486677.0
486678.0
0.0
0.0
0.0
0.0
0.0
0.0
0.0
0.0
0.0
486757.0
486758.0
0.0
0.0
0.0
0.0
0.0
0.0
0.0
0.0
0.0
486837.0
486838.0
486839.0
0.0
0.0
0.0
0.0
0.0
0.0
0.0
0.0
0.0
0.0
0.0
486918.0
486919.0
486920.0
0.0
0.0
0.0
0.0
0.0
0.0
0.0
0.0
0.0
0.0
0.0
0.0
486998.0
486999.0
487000.0
487001.0
0.0
0.0
487004.0
487005.0
0.0
0.0
0.0
0.0
0.0
0.0
0.0
0.0
0.0
487078.0
487079.0
487080.0
487081.0
487082.0
487083.0
487084.0
487085.0
487086.0
0.0
0.0
0.0
487160.0
487162.0
487163.0
487164.0
0.0
487166.0
487167.0
0.0
0.0
0.0
0.0
487241.0
487242.0
487243.0
487245.0
487247.0
487248.0
487249.0
0.0
0.0
0.0
0.0
0.0
0.0
487322.0
487323.0
487324.0
487325.0
487329.0
0.0
0.0
0.0
0.0
0.0
487403.0
487404.0
487405.0
487406.0
487484.0
487485.0
487486.0
0.0
0.0
0.0
0.0
0.0
0.0
0.0
0.0
0.0
0.0
0.0
0.0
0.0
494129.0
494130.0
0.0
0.0
0.0
0.0
0.0
0.0
0.0
0.0
0.0
0.0
0.0
0.0
494210.0
494211.0
494212.0
0.0
0.0
0.0
0.0
0.0
0.0
0.0
0.0
0.0
0.0
0.0
494291.0
494292.0
0.0
0.0
0.0
0.0
0.0
0.0
0.0
0.0
0.0
0.0
0.0
0.0
494372.0
494373.0
0.0
0.0
0.0
0.0
0.0
0.0
0.0
0.0
0.0
0.0
494452.0
0.0
0.0
0.0
0.0
0.0
0.0
0.0
0.0
494533.0
494534.0
0.0
0.0
0.0
0.0
0.0
0.0
0.0
0.0
0.0
0.0
0.0
0.0
0.0
0.0
0.0
0.0
0.0
0.0
0.0
0.0
0.0
494693.0
494694.0
494695.0
494696.0
0.0
494698.0
494699.0
0.0
0.0
0.0
0.0
0.0
0.0
494773.0
494774.0
494775.0
494776.0
494777.0
494778.0
0.0
494780.0
0.0
494855.0
494856.0
494858.0
494859.0
494860.0
494861.0
494862.0
0.0
0.0
0.0
494936.0
494937.0
494938.0
494940.0
494942.0
494943.0
494944.0
0.0
0.0
0.0
0.0
495017.0
495018.0
495019.0
495020.0
495024.0
495025.0
0.0
0.0
0.0
0.0
0.0
0.0
495099.0
495100.0
495101.0
495103.0
495104.0
0.0
0.0
495180.0
0.0
0.0
0.0
0.0
0.0
0.0
0.0
0.0
0.0
0.0
0.0
0.0
0.0
0.0
0.0
0.0
0.0
502068.0
0.0
0.0
0.0
0.0
0.0
0.0
0.0
0.0
0.0
0.0
502149.0
0.0
0.0
0.0
0.0
0.0
0.0
0.0
0.0
0.0
0.0
0.0
0.0
0.0
0.0
0.0
0.0
0.0
0.0
0.0
0.0
0.0
0.0
0.0
0.0
0.0
0.0
0.0
502388.0
502389.0
502390.0
502391.0
502392.0
502393.0
0.0
0.0
0.0
0.0
502469.0
502470.0
502471.0
502472.0
502473.0
502474.0
502475.0
0.0
0.0
502550.0
502551.0
502553.0
502554.0
502555.0
502556.0
0.0
0.0
0.0
0.0
502632.0
502633.0
502636.0
502637.0
502638.0
0.0
0.0
0.0
0.0
0.0
502713.0
502714.0
502715.0
502718.0
502719.0
0.0
0.0
0.0
0.0
0.0
502794.0
502795.0
502798.0
502799.0
502800.0
0.0
0.0
0.0
0.0
0.0
0.0
0.0
0.0
0.0
0.0
0.0
0.0
0.0
0.0
0.0
0.0
0.0
0.0
0.0
0.0
0.0
0.0
0.0
0.0
0.0
0.0
0.0
0.0
0.0
0.0
0.0
510084.0
510085.0
510086.0
0.0
0.0
0.0
510165.0
510166.0
510167.0
0.0
510169.0
510170.0
0.0
0.0
0.0
0.0
510246.0
510247.0
0.0
510250.0
510251.0
0.0
0.0
0.0
510327.0
510328.0
510332.0
510333.0
0.0
0.0
510409.0
510412.0
510413.0
510414.0
0.0
0.0
510493.0
510494.0
510495.0
0.0
0.0
0.0
0.0
0.0
0.0
0.0
0.0
0.0
0.0
0.0
517780.0
0.0
0.0
0.0
0.0
0.0
0.0
517861.0
0.0
0.0
517864.0
0.0
0.0
0.0
0.0
0.0
0.0
517941.0
517942.0
517944.0
0.0
0.0
0.0
0.0
0.0
518022.0
518023.0
0.0
0.0
0.0
518108.0
0.0
0.0
0.0
0.0
0.0
0.0
0.0
0.0
0.0
0.0
0.0
0.0
525556.0
0.0
0.0
0.0
0.0
0.0
0.0
0.0
525636.0
525637.0
0.0
0.0
0.0
0.0
0.0
0.0
0.0
0.0
0.0
0.0
0.0
0.0
0.0
0.0
0.0
0.0
0.0
0.0
0.0
0.0
0.0
0.0
0.0
0.0
0.0
0.0
0.0
0.0
0.0
0.0
0.0
0.0
0.0
0.0
0.0
0.0
0.0
0.0
0.0
0.0
0.0
0.0
0.0
0.0
0.0
0.0
0.0
0.0
0.0
0.0
0.0
0.0
0.0
0.0
0.0
0.0
0.0
0.0
0.0
0.0
