0.0
0.0
0.0
0.0
0.0
0.0
0.0
0.0
0.0
0.0
0.0
0.0
0.0
0.0
0.0
0.0
0.0
0.0
0.0
0.0
0.0
0.0
0.0
0.0
0.0
0.0
0.0
0.0
0.0
0.0
0.0
0.0
0.0
0.0
0.0
0.0
0.0
0.0
0.0
0.0
0.0
0.0
0.0
0.0
0.0
0.0
0.0
0.0
0.0
0.0
0.0
0.0
0.0
0.0
0.0
0.0
0.0
0.0
0.0
0.0
0.0
0.0
0.0
0.0
0.0
0.0
0.0
0.0
0.0
0.0
0.0
0.0
0.0
0.0
0.0
0.0
0.0
0.0
0.0
0.0
0.0
0.0
0.0
0.0
0.0
0.0
0.0
0.0
0.0
0.0
0.0
0.0
0.0
0.0
0.0
0.0
0.0
0.0
0.0
0.0
0.0
0.0
0.0
0.0
0.0
0.0
0.0
0.0
0.0
0.0
0.0
0.0
0.0
0.0
0.0
0.0
0.0
0.0
0.0
0.0
0.0
0.0
0.0
0.0
0.0
0.0
0.0
0.0
0.0
0.0
0.0
0.0
0.0
0.0
0.0
0.0
0.0
0.0
0.0
0.0
0.0
0.0
0.0
0.0
0.0
0.0
0.0
0.0
0.0
0.0
0.0
0.0
0.0
0.0
0.0
0.0
0.0
0.0
0.0
0.0
0.0
0.0
0.0
0.0
0.0
0.0
0.0
0.0
0.0
0.0
0.0
0.0
0.0
0.0
0.0
0.0
0.0
0.0
0.0
0.0
0.0
0.0
0.0
0.0
0.0
0.0
0.0
0.0
0.0
0.0
0.0
0.0
0.0
0.0
0.0
0.0
0.0
0.0
0.0
0.0
0.0
0.0
0.0
0.0
0.0
0.0
0.0
0.0
0.0
0.0
0.0
0.0
0.0
0.0
0.0
0.0
0.0
0.0
0.0
0.0
0.0
0.0
0.0
0.0
0.0
0.0
0.0
0.0
0.0
0.0
0.0
0.0
0.0
0.0
0.0
0.0
0.0
0.0
0.0
0.0
0.0
0.0
0.0
0.0
0.0
0.0
0.0
0.0
0.0
0.0
0.0
0.0
0.0
0.0
0.0
0.0
0.0
0.0
0.0
0.0
0.0
0.0
0.0
0.0
0.0
0.0
0.0
0.0
0.0
0.0
0.0
0.0
0.0
0.0
0.0
0.0
0.0
0.0
0.0
0.0
0.0
0.0
0.0
0.0
0.0
0.0
0.0
0.0
0.0
0.0
0.0
0.0
0.0
0.0
0.0
0.0
0.0
0.0
0.0
0.0
0.0
0.0
0.0
0.0
0.0
0.0
0.0
0.0
0.0
0.0
0.0
0.0
0.0
0.0
0.0
0.0
0.0
0.0
0.0
0.0
0.0
0.0
0.0
0.0
0.0
0.0
0.0
0.0
0.0
126869.0
0.0
0.0
0.0
0.0
0.0
0.0
0.0
0.0
0.0
0.0
0.0
0.0
0.0
0.0
0.0
0.0
0.0
0.0
0.0
0.0
0.0
0.0
0.0
0.0
0.0
0.0
0.0
0.0
0.0
0.0
0.0
0.0
0.0
0.0
0.0
0.0
0.0
0.0
0.0
0.0
0.0
0.0
0.0
0.0
0.0
0.0
0.0
0.0
0.0
0.0
0.0
0.0
0.0
0.0
0.0
0.0
0.0
0.0
0.0
0.0
0.0
0.0
0.0
0.0
0.0
0.0
0.0
0.0
0.0
0.0
0.0
0.0
0.0
0.0
0.0
0.0
0.0
0.0
0.0
0.0
0.0
0.0
0.0
0.0
0.0
0.0
0.0
0.0
0.0
0.0
0.0
0.0
0.0
0.0
0.0
0.0
0.0
0.0
0.0
0.0
135438.0
0.0
0.0
0.0
0.0
0.0
0.0
0.0
0.0
0.0
135519.0
135521.0
0.0
0.0
0.0
0.0
0.0
0.0
0.0
0.0
0.0
135602.0
135603.0
135604.0
135605.0
0.0
0.0
0.0
0.0
0.0
0.0
0.0
135686.0
135687.0
135688.0
135689.0
0.0
0.0
0.0
0.0
0.0
0.0
0.0
0.0
135771.0
135772.0
135773.0
0.0
0.0
0.0
0.0
0.0
0.0
0.0
0.0
0.0
0.0
135855.0
135856.0
135857.0
0.0
0.0
0.0
0.0
0.0
0.0
0.0
0.0
0.0
0.0
0.0
0.0
0.0
0.0
0.0
0.0
0.0
0.0
0.0
0.0
0.0
0.0
0.0
0.0
0.0
0.0
0.0
0.0
0.0
0.0
0.0
0.0
0.0
0.0
0.0
0.0
0.0
0.0
0.0
0.0
0.0
0.0
0.0
0.0
0.0
0.0
0.0
0.0
0.0
0.0
0.0
0.0
0.0
0.0
0.0
0.0
0.0
0.0
0.0
0.0
0.0
0.0
0.0
0.0
0.0
0.0
0.0
0.0
0.0
0.0
0.0
0.0
0.0
0.0
0.0
0.0
0.0
0.0
0.0
0.0
0.0
0.0
0.0
0.0
0.0
0.0
0.0
0.0
0.0
0.0
0.0
0.0
0.0
0.0
0.0
0.0
0.0
0.0
0.0
0.0
0.0
0.0
0.0
0.0
144255.0
144256.0
144257.0
144258.0
0.0
0.0
0.0
0.0
0.0
0.0
0.0
0.0
0.0
0.0
0.0
0.0
144338.0
144339.0
144340.0
144341.0
144342.0
0.0
0.0
0.0
0.0
0.0
0.0
0.0
0.0
0.0
0.0
0.0
144422.0
144423.0
144424.0
144425.0
144426.0
0.0
0.0
0.0
0.0
0.0
0.0
0.0
0.0
0.0
144506.0
144507.0
144508.0
144509.0
0.0
0.0
0.0
0.0
0.0
144590.0
144591.0
144592.0
144593.0
0.0
0.0
0.0
0.0
0.0
0.0
144674.0
144675.0
144676.0
0.0
0.0
0.0
0.0
0.0
0.0
0.0
0.0
0.0
0.0
144758.0
144759.0
0.0
0.0
0.0
0.0
0.0
0.0
0.0
0.0
0.0
0.0
0.0
0.0
0.0
0.0
0.0
0.0
0.0
0.0
0.0
0.0
0.0
0.0
0.0
0.0
0.0
0.0
0.0
0.0
0.0
0.0
0.0
0.0
0.0
0.0
0.0
0.0
0.0
0.0
0.0
0.0
0.0
0.0
0.0
0.0
0.0
0.0
0.0
0.0
0.0
0.0
0.0
0.0
0.0
0.0
0.0
0.0
0.0
0.0
0.0
0.0
0.0
0.0
0.0
0.0
0.0
0.0
0.0
0.0
0.0
0.0
0.0
0.0
0.0
0.0
0.0
0.0
0.0
0.0
0.0
0.0
0.0
0.0
0.0
0.0
0.0
0.0
0.0
0.0
0.0
0.0
0.0
0.0
0.0
0.0
0.0
0.0
0.0
0.0
0.0
0.0
0.0
0.0
0.0
0.0
0.0
0.0
0.0
0.0
0.0
0.0
0.0
0.0
0.0
0.0
0.0
0.0
0.0
0.0
0.0
0.0
0.0
0.0
0.0
0.0
0.0
0.0
0.0
0.0
0.0
0.0
0.0
0.0
0.0
0.0
0.0
0.0
0.0
0.0
153075.0
153076.0
0.0
0.0
0.0
0.0
0.0
0.0
0.0
0.0
0.0
0.0
0.0
0.0
0.0
0.0
0.0
153158.0
153159.0
153160.0
153161.0
0.0
0.0
0.0
0.0
0.0
0.0
0.0
0.0
0.0
0.0
0.0
0.0
0.0
0.0
153242.0
153243.0
153244.0
153245.0
153246.0
0.0
0.0
0.0
0.0
0.0
0.0
0.0
0.0
0.0
0.0
0.0
0.0
0.0
153326.0
153327.0
153328.0
153329.0
153330.0
0.0
0.0
0.0
0.0
0.0
0.0
0.0
0.0
153410.0
153411.0
153412.0
153413.0
153414.0
0.0
0.0
0.0
0.0
0.0
0.0
0.0
0.0
0.0
153494.0
153495.0
153497.0
0.0
0.0
0.0
0.0
0.0
0.0
0.0
153578.0
153579.0
153580.0
153581.0
0.0
0.0
0.0
0.0
0.0
0.0
0.0
0.0
0.0
153665.0
0.0
0.0
0.0
0.0
0.0
0.0
0.0
0.0
0.0
0.0
153749.0
0.0
0.0
0.0
0.0
0.0
0.0
0.0
0.0
0.0
0.0
0.0
0.0
0.0
0.0
0.0
0.0
0.0
0.0
0.0
153914.0
0.0
0.0
0.0
0.0
0.0
0.0
0.0
153998.0
0.0
0.0
0.0
0.0
0.0
0.0
0.0
0.0
0.0
0.0
154166.0
0.0
0.0
0.0
0.0
154250.0
0.0
0.0
0.0
0.0
0.0
0.0
0.0
0.0
0.0
0.0
0.0
0.0
0.0
0.0
0.0
0.0
0.0
0.0
0.0
0.0
0.0
0.0
0.0
0.0
0.0
0.0
0.0
0.0
0.0
0.0
0.0
0.0
0.0
0.0
0.0
0.0
0.0
0.0
0.0
0.0
0.0
0.0
0.0
0.0
0.0
0.0
0.0
0.0
0.0
0.0
0.0
0.0
0.0
0.0
0.0
0.0
0.0
0.0
0.0
0.0
0.0
0.0
0.0
0.0
0.0
0.0
0.0
0.0
161478.0
0.0
0.0
0.0
0.0
0.0
0.0
0.0
0.0
0.0
0.0
0.0
0.0
161561.0
161562.0
0.0
0.0
0.0
0.0
0.0
0.0
0.0
0.0
0.0
0.0
0.0
161644.0
161645.0
161646.0
0.0
0.0
0.0
0.0
0.0
0.0
0.0
0.0
0.0
0.0
0.0
0.0
161729.0
0.0
0.0
0.0
0.0
0.0
0.0
0.0
0.0
0.0
0.0
0.0
0.0
0.0
161813.0
0.0
0.0
0.0
0.0
0.0
0.0
0.0
0.0
0.0
0.0
0.0
0.0
0.0
0.0
0.0
0.0
0.0
0.0
0.0
0.0
0.0
0.0
0.0
0.0
0.0
0.0
0.0
0.0
0.0
0.0
0.0
0.0
0.0
0.0
0.0
0.0
0.0
0.0
0.0
0.0
0.0
0.0
162062.0
162063.0
162065.0
0.0
0.0
0.0
0.0
0.0
0.0
0.0
0.0
0.0
0.0
0.0
0.0
162146.0
162147.0
162149.0
162150.0
0.0
0.0
0.0
0.0
0.0
0.0
0.0
0.0
0.0
0.0
0.0
0.0
162230.0
162231.0
162233.0
162234.0
162235.0
0.0
0.0
0.0
0.0
0.0
0.0
0.0
0.0
162315.0
162317.0
162318.0
0.0
0.0
0.0
0.0
0.0
0.0
0.0
0.0
0.0
0.0
162398.0
162399.0
162400.0
0.0
0.0
0.0
0.0
0.0
0.0
162483.0
162484.0
162485.0
0.0
0.0
0.0
0.0
0.0
0.0
0.0
162566.0
162567.0
162568.0
162569.0
0.0
0.0
0.0
0.0
0.0
0.0
0.0
0.0
0.0
162650.0
162651.0
162652.0
162653.0
0.0
0.0
0.0
0.0
0.0
0.0
0.0
0.0
0.0
0.0
162737.0
0.0
0.0
0.0
0.0
0.0
0.0
162818.0
0.0
0.0
0.0
0.0
0.0
0.0
162902.0
162903.0
0.0
0.0
0.0
0.0
0.0
162985.0
162986.0
0.0
0.0
0.0
0.0
0.0
0.0
163069.0
163070.0
0.0
0.0
0.0
0.0
0.0
163153.0
163154.0
0.0
0.0
0.0
0.0
0.0
163237.0
0.0
0.0
0.0
0.0
0.0
0.0
0.0
0.0
0.0
0.0
0.0
0.0
0.0
0.0
0.0
0.0
0.0
0.0
0.0
0.0
0.0
0.0
0.0
0.0
0.0
163743.0
0.0
0.0
0.0
0.0
163827.0
0.0
0.0
0.0
0.0
0.0
0.0
0.0
0.0
0.0
0.0
0.0
0.0
0.0
0.0
0.0
0.0
0.0
0.0
0.0
0.0
0.0
0.0
0.0
0.0
0.0
0.0
0.0
0.0
0.0
0.0
0.0
0.0
0.0
0.0
0.0
0.0
0.0
0.0
0.0
170298.0
170299.0
0.0
0.0
0.0
0.0
0.0
0.0
0.0
0.0
0.0
0.0
0.0
0.0
0.0
170381.0
170382.0
170383.0
0.0
0.0
0.0
0.0
0.0
0.0
0.0
0.0
0.0
0.0
0.0
0.0
0.0
0.0
170464.0
170465.0
170466.0
0.0
0.0
0.0
0.0
0.0
0.0
0.0
0.0
0.0
0.0
0.0
0.0
0.0
170548.0
170549.0
0.0
0.0
0.0
0.0
0.0
0.0
0.0
0.0
0.0
0.0
0.0
0.0
170632.0
170633.0
0.0
0.0
0.0
0.0
0.0
0.0
0.0
0.0
0.0
0.0
0.0
0.0
0.0
170716.0
170717.0
0.0
0.0
0.0
0.0
0.0
0.0
0.0
0.0
0.0
0.0
0.0
0.0
170801.0
0.0
0.0
0.0
0.0
0.0
0.0
0.0
0.0
0.0
0.0
0.0
0.0
0.0
0.0
0.0
0.0
0.0
0.0
0.0
0.0
0.0
0.0
0.0
0.0
0.0
0.0
170967.0
0.0
0.0
0.0
0.0
0.0
0.0
0.0
0.0
0.0
0.0
0.0
0.0
171050.0
171051.0
171053.0
0.0
0.0
0.0
0.0
0.0
0.0
0.0
0.0
0.0
0.0
0.0
0.0
0.0
171135.0
171136.0
171137.0
171138.0
171139.0
0.0
0.0
0.0
0.0
0.0
0.0
0.0
171219.0
171220.0
0.0
0.0
0.0
0.0
0.0
0.0
0.0
0.0
0.0
0.0
171303.0
171304.0
171305.0
0.0
0.0
0.0
0.0
0.0
0.0
0.0
0.0
171386.0
171387.0
171388.0
171389.0
171390.0
0.0
0.0
0.0
0.0
0.0
0.0
171470.0
171471.0
171472.0
171473.0
171474.0
0.0
0.0
0.0
0.0
0.0
0.0
0.0
0.0
171554.0
171555.0
171556.0
171557.0
0.0
0.0
0.0
0.0
0.0
0.0
0.0
0.0
171640.0
171641.0
171642.0
0.0
0.0
0.0
171722.0
0.0
0.0
0.0
0.0
0.0
171806.0
0.0
0.0
0.0
0.0
0.0
0.0
171889.0
171890.0
0.0
0.0
0.0
0.0
0.0
171973.0
171974.0
0.0
0.0
0.0
0.0
0.0
0.0
172057.0
172058.0
0.0
0.0
0.0
0.0
0.0
0.0
172141.0
0.0
0.0
0.0
0.0
0.0
172147.0
172148.0
172225.0
0.0
0.0
0.0
0.0
172230.0
172231.0
172232.0
0.0
0.0
0.0
0.0
172313.0
172314.0
172315.0
0.0
0.0
0.0
0.0
172397.0
172398.0
172399.0
0.0
0.0
0.0
0.0
0.0
172482.0
0.0
0.0
172563.0
172564.0
172565.0
172566.0
0.0
172646.0
172647.0
172648.0
172649.0
0.0
172730.0
172731.0
172732.0
172733.0
0.0
0.0
0.0
172816.0
0.0
0.0
0.0
0.0
0.0
0.0
0.0
0.0
0.0
0.0
0.0
0.0
0.0
0.0
0.0
0.0
0.0
0.0
0.0
0.0
0.0
0.0
0.0
0.0
0.0
0.0
0.0
0.0
0.0
0.0
0.0
0.0
0.0
0.0
0.0
0.0
179201.0
179202.0
0.0
0.0
0.0
0.0
0.0
0.0
0.0
0.0
0.0
0.0
0.0
179284.0
179285.0
179286.0
0.0
0.0
0.0
0.0
0.0
0.0
0.0
0.0
0.0
0.0
0.0
0.0
0.0
0.0
0.0
179367.0
179368.0
179369.0
0.0
0.0
0.0
0.0
0.0
0.0
0.0
0.0
0.0
0.0
0.0
0.0
0.0
0.0
0.0
179451.0
179452.0
179453.0
0.0
0.0
0.0
0.0
0.0
0.0
0.0
0.0
0.0
0.0
0.0
179536.0
179537.0
0.0
0.0
0.0
0.0
0.0
0.0
0.0
0.0
0.0
0.0
0.0
0.0
179620.0
179621.0
0.0
0.0
0.0
0.0
0.0
0.0
0.0
0.0
0.0
0.0
0.0
0.0
0.0
0.0
0.0
0.0
0.0
0.0
0.0
0.0
0.0
0.0
0.0
0.0
0.0
0.0
0.0
0.0
0.0
0.0
0.0
0.0
0.0
0.0
0.0
0.0
0.0
0.0
0.0
0.0
0.0
0.0
0.0
0.0
0.0
0.0
0.0
0.0
0.0
0.0
0.0
0.0
0.0
0.0
179955.0
179956.0
0.0
0.0
0.0
0.0
0.0
0.0
0.0
0.0
0.0
0.0
0.0
0.0
0.0
180039.0
180040.0
180041.0
0.0
0.0
0.0
0.0
0.0
0.0
0.0
0.0
0.0
0.0
0.0
180123.0
180124.0
180125.0
0.0
0.0
0.0
0.0
0.0
0.0
0.0
0.0
0.0
180207.0
180208.0
180209.0
180210.0
0.0
0.0
0.0
0.0
0.0
0.0
0.0
0.0
0.0
0.0
180290.0
180291.0
180292.0
180293.0
180294.0
0.0
0.0
0.0
0.0
0.0
0.0
0.0
180374.0
180375.0
180376.0
180377.0
180378.0
180379.0
0.0
0.0
0.0
0.0
0.0
180458.0
180459.0
180460.0
180461.0
180462.0
0.0
0.0
0.0
0.0
0.0
180545.0
180546.0
180547.0
0.0
0.0
0.0
0.0
0.0
0.0
0.0
0.0
180709.0
180710.0
180711.0
0.0
0.0
0.0
0.0
180794.0
180795.0
0.0
0.0
0.0
0.0
0.0
180878.0
180879.0
0.0
0.0
0.0
0.0
0.0
0.0
180961.0
180962.0
0.0
0.0
0.0
0.0
0.0
0.0
0.0
181045.0
181046.0
0.0
0.0
0.0
0.0
181051.0
181052.0
181053.0
181129.0
0.0
0.0
0.0
0.0
181134.0
181135.0
181136.0
181213.0
0.0
0.0
0.0
181217.0
181218.0
181219.0
181220.0
0.0
0.0
0.0
0.0
181301.0
181302.0
181303.0
0.0
0.0
0.0
0.0
181385.0
181386.0
181387.0
0.0
0.0
0.0
181468.0
181469.0
181470.0
0.0
0.0
181551.0
181552.0
181553.0
181554.0
0.0
0.0
0.0
181635.0
181636.0
181637.0
0.0
0.0
181720.0
181721.0
0.0
0.0
0.0
0.0
0.0
0.0
0.0
0.0
0.0
0.0
0.0
0.0
0.0
0.0
0.0
0.0
0.0
0.0
0.0
0.0
0.0
0.0
0.0
0.0
0.0
0.0
0.0
0.0
0.0
0.0
0.0
0.0
0.0
0.0
0.0
0.0
0.0
0.0
0.0
0.0
188105.0
0.0
0.0
0.0
0.0
0.0
0.0
0.0
0.0
0.0
0.0
0.0
0.0
0.0
188188.0
188189.0
188190.0
0.0
0.0
0.0
0.0
0.0
0.0
188271.0
188272.0
0.0
0.0
0.0
0.0
0.0
0.0
0.0
0.0
0.0
0.0
188355.0
188356.0
188357.0
0.0
0.0
0.0
0.0
0.0
0.0
0.0
0.0
0.0
0.0
0.0
0.0
0.0
188439.0
188440.0
188441.0
0.0
0.0
0.0
0.0
0.0
0.0
0.0
0.0
0.0
0.0
0.0
0.0
0.0
0.0
188523.0
188524.0
188525.0
0.0
0.0
0.0
0.0
0.0
0.0
0.0
0.0
0.0
0.0
0.0
0.0
0.0
0.0
0.0
0.0
0.0
0.0
0.0
0.0
0.0
0.0
0.0
0.0
0.0
0.0
0.0
0.0
0.0
0.0
0.0
0.0
0.0
0.0
0.0
0.0
0.0
0.0
0.0
0.0
0.0
0.0
0.0
0.0
0.0
0.0
0.0
0.0
0.0
0.0
0.0
0.0
0.0
0.0
0.0
0.0
188860.0
0.0
0.0
0.0
0.0
0.0
0.0
0.0
0.0
0.0
0.0
0.0
0.0
0.0
188943.0
188944.0
188945.0
0.0
0.0
0.0
0.0
0.0
0.0
0.0
0.0
0.0
0.0
0.0
0.0
189026.0
189027.0
189028.0
189029.0
0.0
0.0
0.0
0.0
0.0
0.0
0.0
0.0
0.0
0.0
189110.0
189111.0
189112.0
189113.0
189114.0
0.0
0.0
0.0
0.0
0.0
0.0
0.0
0.0
189194.0
189195.0
189196.0
189197.0
189198.0
0.0
0.0
0.0
0.0
0.0
0.0
189278.0
189279.0
189280.0
189281.0
189282.0
189283.0
0.0
0.0
0.0
0.0
0.0
0.0
189365.0
189366.0
189367.0
0.0
0.0
0.0
189450.0
189451.0
0.0
0.0
0.0
0.0
0.0
0.0
0.0
189614.0
189615.0
0.0
0.0
0.0
189698.0
189699.0
0.0
0.0
0.0
189782.0
189783.0
0.0
0.0
0.0
0.0
0.0
189865.0
189866.0
189867.0
0.0
0.0
0.0
0.0
0.0
0.0
0.0
0.0
0.0
0.0
189956.0
0.0
0.0
0.0
0.0
190038.0
190039.0
190040.0
190117.0
190118.0
0.0
0.0
0.0
190122.0
190123.0
190201.0
190202.0
0.0
0.0
190205.0
190206.0
190207.0
190285.0
190286.0
0.0
0.0
0.0
190290.0
190369.0
0.0
190372.0
190373.0
190374.0
190455.0
190456.0
190457.0
190458.0
0.0
190539.0
190540.0
190541.0
0.0
0.0
0.0
0.0
0.0
0.0
190871.0
190872.0
190955.0
190956.0
191127.0
191213.0
191214.0
191215.0
191297.0
191298.0
191299.0
191381.0
191382.0
191383.0
191464.0
191465.0
191466.0
191545.0
191546.0
191547.0
191548.0
191549.0
191629.0
191630.0
0.0
191632.0
191714.0
191715.0
0.0
0.0
0.0
0.0
0.0
0.0
0.0
0.0
0.0
0.0
0.0
0.0
0.0
0.0
0.0
0.0
0.0
0.0
0.0
0.0
0.0
0.0
0.0
0.0
0.0
0.0
0.0
0.0
0.0
0.0
0.0
0.0
0.0
0.0
0.0
0.0
0.0
0.0
0.0
0.0
0.0
0.0
0.0
0.0
0.0
197008.0
0.0
0.0
0.0
0.0
0.0
0.0
0.0
0.0
0.0
0.0
0.0
197091.0
197092.0
197093.0
0.0
0.0
0.0
0.0
0.0
0.0
0.0
0.0
0.0
0.0
197175.0
197176.0
0.0
0.0
0.0
0.0
0.0
0.0
197259.0
197260.0
197261.0
197262.0
0.0
0.0
0.0
0.0
0.0
0.0
0.0
0.0
0.0
0.0
197343.0
197344.0
197345.0
197346.0
0.0
0.0
0.0
0.0
0.0
0.0
0.0
0.0
0.0
0.0
0.0
0.0
197426.0
197427.0
197428.0
197429.0
0.0
0.0
0.0
0.0
0.0
0.0
0.0
0.0
0.0
0.0
0.0
0.0
0.0
0.0
0.0
0.0
0.0
0.0
0.0
0.0
0.0
0.0
0.0
0.0
0.0
0.0
0.0
0.0
0.0
0.0
0.0
0.0
0.0
0.0
0.0
0.0
0.0
0.0
0.0
0.0
0.0
0.0
0.0
0.0
0.0
0.0
0.0
0.0
0.0
0.0
0.0
0.0
0.0
0.0
0.0
0.0
0.0
0.0
0.0
0.0
0.0
0.0
0.0
0.0
0.0
197846.0
197847.0
197848.0
197849.0
0.0
0.0
0.0
0.0
0.0
0.0
0.0
0.0
0.0
0.0
197930.0
197931.0
197932.0
197933.0
0.0
0.0
0.0
0.0
0.0
0.0
0.0
0.0
0.0
198014.0
198015.0
198016.0
198017.0
0.0
0.0
0.0
0.0
0.0
198098.0
198099.0
198101.0
198102.0
0.0
0.0
0.0
0.0
198182.0
0.0
198185.0
0.0
0.0
0.0
0.0
198518.0
198519.0
198602.0
198603.0
198604.0
198686.0
198687.0
198688.0
198770.0
198771.0
198772.0
198854.0
198855.0
198856.0
0.0
198939.0
199021.0
199022.0
199105.0
199106.0
199189.0
199190.0
199273.0
199274.0
0.0
0.0
199695.0
199776.0
199777.0
199779.0
199780.0
199859.0
199860.0
199863.0
199864.0
199865.0
199943.0
199944.0
199945.0
199946.0
199947.0
199948.0
199949.0
200027.0
200030.0
200031.0
200032.0
200033.0
200034.0
200113.0
200114.0
200115.0
200116.0
200117.0
200118.0
200119.0
0.0
200198.0
200199.0
200200.0
200201.0
200202.0
0.0
200283.0
200284.0
200285.0
200286.0
200287.0
200365.0
200366.0
200367.0
200368.0
200369.0
200370.0
200448.0
200449.0
200450.0
200451.0
200452.0
200453.0
200454.0
200532.0
200533.0
200534.0
0.0
200536.0
200537.0
0.0
200617.0
200618.0
200619.0
200620.0
200701.0
200702.0
200703.0
0.0
0.0
200787.0
0.0
0.0
0.0
0.0
0.0
0.0
0.0
0.0
0.0
0.0
0.0
0.0
0.0
0.0
0.0
0.0
0.0
0.0
0.0
0.0
0.0
0.0
0.0
0.0
0.0
0.0
0.0
0.0
0.0
0.0
0.0
0.0
0.0
0.0
0.0
0.0
0.0
0.0
0.0
0.0
0.0
0.0
0.0
0.0
0.0
0.0
0.0
0.0
0.0
0.0
0.0
0.0
0.0
0.0
0.0
0.0
0.0
205995.0
205996.0
0.0
0.0
0.0
0.0
0.0
0.0
0.0
0.0
0.0
0.0
0.0
206079.0
206080.0
206081.0
0.0
0.0
0.0
0.0
0.0
206163.0
206164.0
206165.0
206166.0
0.0
0.0
0.0
206246.0
206247.0
206248.0
206249.0
206250.0
0.0
206330.0
206331.0
0.0
0.0
0.0
0.0
0.0
0.0
0.0
0.0
0.0
0.0
0.0
0.0
0.0
0.0
0.0
0.0
0.0
0.0
0.0
0.0
0.0
0.0
0.0
0.0
0.0
0.0
0.0
0.0
0.0
0.0
0.0
0.0
0.0
0.0
0.0
0.0
0.0
0.0
0.0
0.0
0.0
0.0
0.0
0.0
0.0
0.0
0.0
0.0
0.0
0.0
0.0
206834.0
206835.0
0.0
0.0
0.0
0.0
206918.0
206919.0
0.0
0.0
0.0
207002.0
207003.0
0.0
0.0
0.0
0.0
0.0
0.0
0.0
0.0
0.0
0.0
207422.0
207507.0
207591.0
207592.0
207675.0
207676.0
207677.0
207758.0
207759.0
207760.0
207761.0
207842.0
207843.0
207845.0
207926.0
207927.0
207928.0
207929.0
0.0
0.0
208010.0
208011.0
208012.0
208013.0
0.0
0.0
208093.0
208094.0
208095.0
208096.0
0.0
208177.0
208178.0
208179.0
0.0
0.0
208598.0
208599.0
208680.0
208681.0
208682.0
208683.0
208764.0
208765.0
208766.0
208767.0
208768.0
208769.0
208847.0
208848.0
208850.0
208851.0
208852.0
208853.0
208854.0
208855.0
208931.0
208932.0
208933.0
208934.0
208935.0
208936.0
208937.0
208938.0
208939.0
209017.0
209018.0
209019.0
209020.0
209021.0
209022.0
209023.0
0.0
0.0
209102.0
209103.0
209104.0
209105.0
209106.0
209184.0
0.0
209186.0
209187.0
209188.0
209189.0
209190.0
0.0
209268.0
209269.0
209270.0
209271.0
209272.0
209273.0
209274.0
0.0
0.0
209352.0
209353.0
209354.0
209355.0
209356.0
209357.0
209358.0
209436.0
209437.0
209438.0
209439.0
209440.0
209441.0
0.0
209521.0
209522.0
209523.0
209524.0
209605.0
209606.0
209607.0
209689.0
209690.0
209691.0
0.0
0.0
0.0
0.0
0.0
0.0
0.0
0.0
0.0
0.0
0.0
0.0
0.0
0.0
0.0
0.0
0.0
0.0
0.0
0.0
0.0
0.0
0.0
0.0
0.0
0.0
0.0
0.0
0.0
0.0
0.0
0.0
0.0
0.0
0.0
0.0
0.0
0.0
0.0
0.0
214737.0
0.0
0.0
0.0
0.0
0.0
0.0
0.0
0.0
0.0
0.0
0.0
0.0
0.0
214821.0
214822.0
0.0
0.0
0.0
0.0
0.0
0.0
0.0
0.0
0.0
0.0
0.0
0.0
0.0
0.0
0.0
0.0
0.0
0.0
0.0
0.0
0.0
0.0
214984.0
214985.0
0.0
0.0
0.0
0.0
0.0
0.0
0.0
215068.0
215069.0
215070.0
0.0
215151.0
215152.0
215153.0
215154.0
215234.0
215235.0
215236.0
0.0
0.0
0.0
0.0
0.0
0.0
0.0
0.0
0.0
0.0
0.0
0.0
0.0
0.0
0.0
0.0
0.0
0.0
0.0
0.0
0.0
0.0
0.0
0.0
0.0
0.0
0.0
0.0
0.0
0.0
0.0
0.0
0.0
0.0
0.0
0.0
0.0
0.0
0.0
0.0
0.0
0.0
216411.0
216412.0
216495.0
216496.0
216579.0
216580.0
216663.0
216664.0
216665.0
216747.0
216748.0
216749.0
0.0
0.0
0.0
216830.0
216831.0
216832.0
216833.0
0.0
0.0
0.0
0.0
0.0
216914.0
216915.0
216916.0
216917.0
0.0
0.0
0.0
216998.0
216999.0
217000.0
217001.0
0.0
217083.0
217084.0
0.0
0.0
217168.0
0.0
0.0
0.0
217502.0
217584.0
217585.0
217586.0
217668.0
217669.0
217670.0
217672.0
217753.0
217754.0
217755.0
217756.0
217757.0
217838.0
217839.0
217840.0
217841.0
217842.0
217922.0
217923.0
217924.0
217925.0
217926.0
218003.0
218004.0
218005.0
218006.0
218007.0
218008.0
218009.0
218010.0
218088.0
218089.0
218090.0
218091.0
218092.0
218093.0
0.0
0.0
218172.0
218173.0
218174.0
218175.0
218176.0
218177.0
0.0
0.0
218256.0
218257.0
218258.0
218259.0
218260.0
218340.0
218341.0
218342.0
218343.0
218344.0
218424.0
218425.0
218426.0
218427.0
218509.0
218510.0
218511.0
218594.0
0.0
0.0
0.0
0.0
0.0
0.0
0.0
0.0
0.0
0.0
0.0
0.0
0.0
0.0
0.0
0.0
0.0
223390.0
0.0
0.0
0.0
0.0
0.0
0.0
0.0
0.0
0.0
223472.0
223473.0
0.0
0.0
0.0
0.0
0.0
0.0
0.0
0.0
0.0
0.0
0.0
0.0
0.0
223555.0
223556.0
223557.0
0.0
0.0
0.0
0.0
0.0
0.0
0.0
0.0
0.0
0.0
0.0
0.0
0.0
223638.0
223639.0
223640.0
223641.0
223642.0
0.0
0.0
0.0
0.0
0.0
0.0
0.0
0.0
0.0
0.0
0.0
223722.0
223723.0
223725.0
223726.0
0.0
0.0
0.0
0.0
0.0
0.0
0.0
0.0
0.0
0.0
0.0
0.0
0.0
0.0
0.0
0.0
0.0
0.0
0.0
0.0
0.0
0.0
0.0
0.0
0.0
0.0
0.0
223971.0
223972.0
223973.0
223974.0
223975.0
0.0
0.0
224055.0
224056.0
224057.0
224058.0
224139.0
224140.0
0.0
0.0
0.0
0.0
0.0
0.0
0.0
0.0
0.0
0.0
0.0
0.0
0.0
0.0
0.0
0.0
0.0
0.0
0.0
0.0
0.0
0.0
0.0
0.0
0.0
0.0
0.0
0.0
0.0
0.0
0.0
0.0
0.0
0.0
0.0
0.0
0.0
0.0
225315.0
0.0
225399.0
225400.0
0.0
0.0
225483.0
225484.0
0.0
0.0
225567.0
225568.0
0.0
0.0
0.0
225651.0
225652.0
0.0
0.0
0.0
0.0
0.0
0.0
225735.0
225736.0
0.0
0.0
0.0
0.0
0.0
0.0
225819.0
225820.0
0.0
0.0
0.0
225903.0
225904.0
0.0
225987.0
225988.0
0.0
226072.0
0.0
0.0
226489.0
226490.0
226491.0
226572.0
226573.0
226574.0
226575.0
226576.0
226658.0
226659.0
226660.0
226742.0
226743.0
226744.0
226825.0
226826.0
226827.0
226828.0
226909.0
226910.0
226911.0
226992.0
226993.0
226994.0
226995.0
227076.0
227077.0
227078.0
227079.0
0.0
0.0
0.0
227161.0
227162.0
227243.0
227244.0
227245.0
227328.0
227329.0
227413.0
0.0
0.0
0.0
0.0
0.0
0.0
0.0
0.0
0.0
0.0
0.0
0.0
0.0
0.0
0.0
0.0
0.0
232294.0
0.0
0.0
0.0
0.0
0.0
0.0
0.0
232374.0
232375.0
232376.0
232377.0
232378.0
232379.0
0.0
0.0
0.0
0.0
0.0
0.0
0.0
0.0
0.0
0.0
0.0
0.0
232460.0
232461.0
232462.0
232463.0
0.0
0.0
0.0
0.0
0.0
0.0
232542.0
232543.0
232544.0
232545.0
232546.0
0.0
0.0
0.0
0.0
0.0
0.0
0.0
0.0
0.0
0.0
0.0
232626.0
232627.0
232628.0
232629.0
232630.0
232631.0
0.0
0.0
0.0
0.0
0.0
0.0
0.0
0.0
0.0
0.0
232710.0
232711.0
0.0
0.0
0.0
0.0
0.0
0.0
0.0
0.0
0.0
0.0
0.0
0.0
0.0
0.0
0.0
0.0
0.0
0.0
232875.0
232876.0
232877.0
232878.0
0.0
0.0
0.0
232959.0
232960.0
232961.0
232962.0
233043.0
233044.0
233045.0
0.0
0.0
0.0
0.0
0.0
0.0
0.0
0.0
0.0
0.0
0.0
0.0
0.0
0.0
0.0
0.0
0.0
0.0
0.0
234220.0
0.0
0.0
0.0
0.0
234304.0
0.0
0.0
0.0
0.0
234388.0
0.0
0.0
0.0
0.0
0.0
0.0
0.0
0.0
0.0
0.0
234555.0
234556.0
0.0
0.0
0.0
0.0
0.0
0.0
234639.0
234640.0
0.0
0.0
0.0
0.0
0.0
234723.0
234724.0
0.0
0.0
0.0
234807.0
0.0
0.0
0.0
0.0
0.0
0.0
0.0
0.0
0.0
0.0
0.0
235394.0
235395.0
235477.0
235478.0
235479.0
235562.0
0.0
0.0
0.0
0.0
0.0
0.0
0.0
0.0
0.0
0.0
0.0
241199.0
0.0
0.0
0.0
0.0
0.0
0.0
241282.0
241283.0
0.0
0.0
0.0
0.0
241360.0
241361.0
241362.0
241363.0
241364.0
241365.0
241366.0
241367.0
0.0
0.0
0.0
0.0
0.0
0.0
0.0
241445.0
241446.0
241447.0
241448.0
241449.0
241450.0
241451.0
0.0
0.0
0.0
0.0
0.0
0.0
0.0
241528.0
241529.0
241530.0
241531.0
241532.0
241533.0
241534.0
241535.0
0.0
0.0
0.0
0.0
0.0
0.0
0.0
0.0
0.0
241612.0
241613.0
241614.0
241615.0
0.0
0.0
0.0
0.0
0.0
0.0
0.0
0.0
0.0
0.0
0.0
0.0
0.0
0.0
0.0
0.0
0.0
0.0
0.0
241780.0
241781.0
241782.0
0.0
0.0
0.0
0.0
241863.0
241864.0
241865.0
241949.0
0.0
0.0
0.0
0.0
0.0
0.0
0.0
0.0
0.0
0.0
0.0
0.0
0.0
0.0
0.0
0.0
0.0
0.0
0.0
0.0
0.0
0.0
0.0
0.0
0.0
0.0
0.0
0.0
0.0
0.0
0.0
0.0
0.0
0.0
0.0
0.0
0.0
0.0
0.0
0.0
0.0
0.0
0.0
0.0
0.0
0.0
0.0
0.0
0.0
0.0
0.0
0.0
0.0
0.0
0.0
0.0
0.0
0.0
0.0
0.0
0.0
0.0
0.0
0.0
244214.0
244299.0
250265.0
250268.0
0.0
0.0
250350.0
250351.0
250352.0
250353.0
250354.0
0.0
0.0
0.0
250433.0
250434.0
250435.0
250436.0
250437.0
0.0
0.0
0.0
0.0
0.0
250516.0
250517.0
250518.0
250519.0
0.0
0.0
0.0
0.0
0.0
0.0
0.0
0.0
0.0
0.0
0.0
0.0
0.0
250768.0
0.0
0.0
0.0
0.0
0.0
0.0
0.0
0.0
0.0
0.0
0.0
0.0
0.0
0.0
0.0
0.0
0.0
0.0
0.0
0.0
0.0
0.0
0.0
0.0
0.0
0.0
0.0
0.0
0.0
0.0
0.0
0.0
0.0
0.0
0.0
0.0
0.0
0.0
0.0
0.0
0.0
0.0
0.0
0.0
0.0
0.0
0.0
0.0
0.0
0.0
0.0
0.0
0.0
0.0
0.0
0.0
0.0
0.0
0.0
0.0
0.0
0.0
0.0
0.0
0.0
0.0
0.0
0.0
0.0
0.0
0.0
0.0
0.0
0.0
0.0
0.0
0.0
0.0
0.0
0.0
0.0
0.0
0.0
0.0
0.0
0.0
0.0
0.0
0.0
0.0
0.0
0.0
0.0
0.0
0.0
0.0
0.0
0.0
0.0
0.0
0.0
0.0
0.0
0.0
0.0
0.0
0.0
0.0
0.0
0.0
0.0
0.0
0.0
0.0
0.0
0.0
0.0
0.0
0.0
0.0
0.0
0.0
0.0
0.0
0.0
0.0
0.0
0.0
0.0
0.0
0.0
0.0
0.0
0.0
0.0
0.0
0.0
0.0
0.0
0.0
0.0
0.0
0.0
0.0
0.0
0.0
0.0
0.0
0.0
0.0
0.0
0.0
0.0
0.0
0.0
0.0
0.0
0.0
0.0
0.0
0.0
0.0
0.0
0.0
0.0
0.0
0.0
0.0
0.0
0.0
0.0
0.0
0.0
0.0
0.0
0.0
0.0
0.0
0.0
0.0
0.0
0.0
0.0
0.0
0.0
0.0
0.0
0.0
0.0
0.0
0.0
0.0
0.0
0.0
0.0
0.0
0.0
0.0
0.0
0.0
0.0
0.0
0.0
0.0
0.0
0.0
0.0
0.0
0.0
0.0
0.0
0.0
0.0
0.0
0.0
0.0
0.0
0.0
0.0
0.0
0.0
0.0
0.0
0.0
0.0
0.0
0.0
0.0
0.0
0.0
0.0
0.0
0.0
0.0
0.0
0.0
0.0
0.0
0.0
0.0
0.0
0.0
0.0
0.0
0.0
0.0
0.0
0.0
0.0
0.0
0.0
0.0
0.0
0.0
0.0
0.0
0.0
0.0
0.0
0.0
0.0
0.0
0.0
0.0
0.0
0.0
0.0
0.0
0.0
0.0
0.0
0.0
0.0
0.0
0.0
0.0
0.0
0.0
0.0
0.0
0.0
0.0
0.0
0.0
0.0
0.0
0.0
0.0
0.0
0.0
0.0
0.0
0.0
0.0
0.0
0.0
0.0
0.0
0.0
0.0
0.0
0.0
0.0
0.0
0.0
0.0
0.0
0.0
0.0
0.0
0.0
0.0
0.0
0.0
0.0
0.0
0.0
0.0
0.0
0.0
0.0
0.0
0.0
0.0
0.0
0.0
0.0
0.0
0.0
0.0
0.0
0.0
0.0
0.0
0.0
0.0
0.0
0.0
0.0
0.0
0.0
0.0
0.0
0.0
0.0
0.0
0.0
0.0
0.0
0.0
0.0
0.0
0.0
0.0
0.0
0.0
0.0
0.0
0.0
0.0
0.0
0.0
0.0
0.0
0.0
0.0
0.0
0.0
0.0
0.0
0.0
0.0
0.0
0.0
0.0
0.0
0.0
0.0
0.0
0.0
0.0
0.0
0.0
0.0
0.0
0.0
0.0
0.0
0.0
0.0
0.0
0.0
0.0
0.0
0.0
0.0
0.0
0.0
0.0
0.0
0.0
0.0
0.0
0.0
0.0
0.0
0.0
0.0
0.0
0.0
0.0
0.0
0.0
0.0
0.0
0.0
0.0
0.0
0.0
0.0
0.0
0.0
0.0
0.0
0.0
0.0
0.0
0.0
0.0
0.0
0.0
0.0
0.0
0.0
0.0
0.0
0.0
0.0
0.0
0.0
0.0
0.0
0.0
0.0
0.0
0.0
0.0
0.0
0.0
0.0
0.0
0.0
0.0
0.0
0.0
0.0
0.0
0.0
0.0
0.0
0.0
0.0
0.0
0.0
0.0
0.0
0.0
0.0
0.0
0.0
0.0
0.0
0.0
0.0
0.0
0.0
0.0
0.0
0.0
0.0
0.0
0.0
0.0
0.0
0.0
0.0
0.0
0.0
0.0
0.0
0.0
0.0
0.0
0.0
0.0
0.0
0.0
0.0
0.0
0.0
0.0
0.0
0.0
0.0
0.0
0.0
0.0
0.0
0.0
0.0
0.0
0.0
0.0
0.0
0.0
0.0
0.0
0.0
0.0
0.0
0.0
0.0
0.0
0.0
0.0
0.0
0.0
0.0
0.0
0.0
0.0
0.0
0.0
0.0
0.0
0.0
0.0
0.0
0.0
0.0
0.0
0.0
0.0
0.0
0.0
0.0
0.0
0.0
0.0
0.0
0.0
0.0
0.0
0.0
0.0
0.0
0.0
0.0
0.0
0.0
0.0
0.0
0.0
0.0
0.0
0.0
0.0
0.0
0.0
0.0
0.0
0.0
0.0
0.0
0.0
0.0
0.0
0.0
0.0
0.0
0.0
0.0
0.0
0.0
0.0
0.0
0.0
0.0
0.0
0.0
0.0
0.0
0.0
0.0
0.0
0.0
0.0
0.0
0.0
0.0
0.0
0.0
0.0
0.0
0.0
0.0
0.0
0.0
0.0
0.0
0.0
0.0
0.0
0.0
0.0
0.0
0.0
0.0
0.0
0.0
0.0
0.0
0.0
0.0
0.0
0.0
0.0
0.0
0.0
0.0
0.0
0.0
0.0
0.0
0.0
0.0
0.0
0.0
0.0
0.0
0.0
0.0
0.0
0.0
0.0
0.0
0.0
0.0
0.0
0.0
0.0
0.0
0.0
0.0
0.0
0.0
0.0
0.0
0.0
0.0
0.0
0.0
0.0
0.0
0.0
0.0
0.0
0.0
0.0
0.0
0.0
0.0
0.0
0.0
0.0
0.0
0.0
0.0
0.0
0.0
0.0
0.0
0.0
0.0
0.0
0.0
0.0
0.0
0.0
0.0
0.0
0.0
0.0
0.0
0.0
0.0
0.0
0.0
0.0
0.0
0.0
0.0
0.0
0.0
0.0
0.0
0.0
0.0
0.0
0.0
0.0
0.0
0.0
0.0
0.0
0.0
0.0
0.0
0.0
0.0
0.0
0.0
0.0
0.0
0.0
0.0
0.0
0.0
0.0
0.0
0.0
0.0
0.0
0.0
0.0
0.0
0.0
0.0
0.0
0.0
0.0
0.0
0.0
0.0
0.0
0.0
0.0
0.0
0.0
0.0
0.0
0.0
0.0
0.0
0.0
0.0
0.0
0.0
0.0
0.0
0.0
0.0
0.0
0.0
0.0
0.0
0.0
0.0
0.0
0.0
0.0
0.0
0.0
0.0
0.0
0.0
0.0
0.0
0.0
0.0
0.0
0.0
0.0
0.0
0.0
0.0
0.0
0.0
0.0
0.0
0.0
0.0
0.0
0.0
0.0
0.0
0.0
0.0
0.0
0.0
0.0
0.0
0.0
0.0
0.0
0.0
0.0
0.0
0.0
0.0
0.0
0.0
0.0
0.0
0.0
0.0
0.0
0.0
0.0
0.0
0.0
0.0
0.0
0.0
0.0
0.0
0.0
0.0
0.0
0.0
0.0
0.0
0.0
0.0
0.0
0.0
0.0
0.0
0.0
0.0
0.0
0.0
0.0
0.0
0.0
0.0
0.0
0.0
0.0
0.0
0.0
0.0
0.0
0.0
0.0
0.0
0.0
0.0
0.0
0.0
0.0
0.0
0.0
0.0
0.0
0.0
0.0
0.0
0.0
0.0
0.0
0.0
0.0
0.0
0.0
0.0
0.0
0.0
0.0
0.0
0.0
0.0
0.0
0.0
0.0
0.0
0.0
0.0
0.0
0.0
0.0
0.0
0.0
0.0
0.0
0.0
0.0
0.0
0.0
0.0
0.0
0.0
0.0
0.0
0.0
0.0
0.0
0.0
0.0
0.0
0.0
0.0
0.0
0.0
0.0
0.0
0.0
0.0
0.0
0.0
0.0
0.0
0.0
0.0
0.0
0.0
0.0
0.0
0.0
0.0
0.0
0.0
0.0
0.0
0.0
0.0
0.0
0.0
0.0
0.0
0.0
0.0
0.0
0.0
0.0
0.0
0.0
0.0
0.0
0.0
0.0
0.0
0.0
0.0
0.0
0.0
0.0
0.0
0.0
0.0
0.0
0.0
0.0
0.0
0.0
0.0
0.0
0.0
0.0
0.0
0.0
0.0
0.0
0.0
0.0
0.0
0.0
0.0
0.0
0.0
0.0
0.0
0.0
0.0
0.0
0.0
0.0
0.0
0.0
0.0
0.0
0.0
0.0
0.0
0.0
0.0
0.0
0.0
0.0
0.0
0.0
0.0
0.0
0.0
0.0
0.0
0.0
0.0
0.0
0.0
0.0
0.0
0.0
0.0
0.0
0.0
0.0
0.0
0.0
0.0
0.0
0.0
0.0
0.0
0.0
0.0
0.0
0.0
0.0
0.0
0.0
0.0
0.0
0.0
0.0
0.0
0.0
0.0
0.0
0.0
0.0
0.0
0.0
0.0
0.0
0.0
0.0
0.0
0.0
0.0
0.0
0.0
0.0
0.0
0.0
0.0
0.0
0.0
0.0
0.0
0.0
0.0
0.0
0.0
0.0
0.0
0.0
0.0
0.0
0.0
0.0
0.0
0.0
0.0
0.0
0.0
0.0
0.0
0.0
0.0
0.0
0.0
0.0
0.0
0.0
0.0
0.0
0.0
0.0
0.0
0.0
0.0
0.0
0.0
0.0
0.0
0.0
0.0
0.0
0.0
0.0
0.0
0.0
0.0
0.0
0.0
0.0
0.0
0.0
0.0
0.0
0.0
0.0
0.0
0.0
0.0
0.0
0.0
0.0
0.0
0.0
0.0
0.0
0.0
0.0
0.0
0.0
0.0
0.0
0.0
0.0
0.0
0.0
0.0
0.0
0.0
0.0
0.0
0.0
0.0
0.0
0.0
0.0
0.0
0.0
0.0
0.0
0.0
0.0
0.0
0.0
0.0
0.0
0.0
0.0
0.0
0.0
0.0
0.0
0.0
0.0
0.0
0.0
0.0
0.0
0.0
0.0
0.0
0.0
0.0
0.0
0.0
0.0
0.0
0.0
0.0
0.0
0.0
0.0
0.0
0.0
0.0
0.0
0.0
0.0
0.0
0.0
0.0
0.0
0.0
0.0
0.0
0.0
0.0
0.0
0.0
0.0
0.0
0.0
0.0
0.0
0.0
0.0
0.0
0.0
0.0
0.0
0.0
0.0
0.0
0.0
0.0
0.0
0.0
0.0
0.0
0.0
0.0
0.0
0.0
0.0
0.0
0.0
0.0
0.0
0.0
0.0
0.0
457158.0
457159.0
457160.0
0.0
457242.0
457243.0
0.0
0.0
457326.0
457327.0
0.0
0.0
457409.0
457410.0
457411.0
0.0
0.0
457493.0
457494.0
457495.0
0.0
0.0
0.0
0.0
0.0
0.0
0.0
0.0
0.0
0.0
0.0
0.0
0.0
0.0
0.0
0.0
0.0
0.0
0.0
0.0
0.0
0.0
0.0
0.0
0.0
0.0
0.0
0.0
0.0
0.0
0.0
0.0
0.0
0.0
0.0
0.0
0.0
0.0
0.0
0.0
0.0
0.0
0.0
0.0
0.0
0.0
0.0
0.0
0.0
0.0
0.0
0.0
0.0
0.0
466061.0
466062.0
466063.0
466064.0
0.0
466145.0
466146.0
466147.0
466148.0
0.0
466229.0
466230.0
466231.0
466232.0
0.0
0.0
466313.0
466314.0
466315.0
0.0
0.0
0.0
466397.0
466398.0
466399.0
0.0
0.0
0.0
466481.0
466482.0
466483.0
0.0
0.0
466564.0
466565.0
466566.0
0.0
0.0
466648.0
466649.0
0.0
466732.0
0.0
0.0
0.0
0.0
0.0
0.0
0.0
0.0
0.0
0.0
0.0
0.0
0.0
0.0
0.0
0.0
0.0
0.0
0.0
0.0
0.0
0.0
0.0
0.0
0.0
0.0
0.0
0.0
0.0
0.0
0.0
0.0
0.0
0.0
0.0
0.0
0.0
0.0
0.0
0.0
0.0
0.0
0.0
0.0
0.0
0.0
0.0
0.0
0.0
0.0
0.0
0.0
0.0
0.0
0.0
0.0
0.0
0.0
0.0
0.0
475049.0
475050.0
475051.0
475052.0
0.0
0.0
475133.0
475135.0
475136.0
0.0
0.0
0.0
475216.0
475217.0
475218.0
475219.0
475220.0
0.0
0.0
475300.0
475301.0
475302.0
475303.0
0.0
0.0
0.0
475384.0
475385.0
475386.0
475387.0
0.0
0.0
475467.0
475468.0
475469.0
475470.0
0.0
0.0
475551.0
475552.0
475553.0
0.0
0.0
475635.0
475636.0
0.0
0.0
475719.0
475720.0
0.0
0.0
475802.0
475803.0
475804.0
475886.0
475887.0
0.0
0.0
0.0
0.0
0.0
0.0
0.0
0.0
0.0
0.0
0.0
0.0
0.0
0.0
0.0
0.0
0.0
481773.0
0.0
0.0
0.0
0.0
0.0
481855.0
481856.0
481857.0
0.0
0.0
0.0
0.0
0.0
0.0
0.0
0.0
0.0
0.0
0.0
0.0
0.0
0.0
0.0
0.0
0.0
0.0
0.0
0.0
0.0
0.0
0.0
0.0
0.0
0.0
0.0
0.0
0.0
0.0
0.0
0.0
0.0
0.0
0.0
0.0
0.0
0.0
0.0
0.0
0.0
0.0
0.0
0.0
0.0
0.0
0.0
0.0
0.0
0.0
0.0
0.0
0.0
0.0
0.0
0.0
0.0
0.0
0.0
484037.0
0.0
0.0
0.0
0.0
484120.0
484121.0
0.0
0.0
0.0
0.0
484204.0
484205.0
0.0
0.0
0.0
0.0
0.0
484288.0
0.0
0.0
0.0
0.0
484371.0
484372.0
484373.0
0.0
0.0
0.0
484455.0
484456.0
0.0
0.0
484539.0
484540.0
0.0
0.0
484622.0
484623.0
484624.0
484625.0
0.0
484706.0
484707.0
484708.0
0.0
0.0
484790.0
484791.0
484792.0
484874.0
484875.0
484958.0
0.0
0.0
0.0
0.0
0.0
0.0
0.0
490676.0
490677.0
0.0
0.0
490758.0
490759.0
490760.0
490761.0
0.0
0.0
0.0
490842.0
490843.0
490844.0
490927.0
0.0
0.0
0.0
0.0
0.0
0.0
0.0
0.0
0.0
0.0
0.0
0.0
0.0
0.0
0.0
0.0
0.0
0.0
0.0
0.0
0.0
0.0
0.0
0.0
0.0
0.0
0.0
0.0
0.0
0.0
0.0
0.0
0.0
0.0
0.0
0.0
0.0
0.0
0.0
0.0
0.0
0.0
0.0
0.0
0.0
0.0
0.0
0.0
0.0
0.0
0.0
0.0
0.0
0.0
0.0
0.0
0.0
0.0
0.0
0.0
0.0
0.0
0.0
0.0
0.0
0.0
0.0
0.0
0.0
0.0
0.0
0.0
0.0
0.0
0.0
0.0
0.0
0.0
0.0
0.0
0.0
0.0
0.0
0.0
0.0
0.0
492940.0
492941.0
0.0
0.0
0.0
0.0
493023.0
493024.0
493025.0
0.0
0.0
0.0
0.0
0.0
493107.0
493108.0
0.0
0.0
0.0
0.0
0.0
0.0
0.0
493192.0
0.0
0.0
0.0
0.0
0.0
0.0
0.0
0.0
0.0
0.0
493359.0
0.0
0.0
0.0
493442.0
493443.0
0.0
0.0
493526.0
0.0
493610.0
493612.0
0.0
0.0
493693.0
493694.0
493695.0
493777.0
493778.0
493861.0
0.0
0.0
0.0
0.0
0.0
0.0
0.0
0.0
0.0
0.0
0.0
0.0
0.0
0.0
0.0
0.0
0.0
0.0
0.0
0.0
0.0
0.0
0.0
0.0
0.0
0.0
0.0
0.0
0.0
0.0
0.0
0.0
0.0
0.0
0.0
0.0
499664.0
499665.0
499746.0
499747.0
499748.0
499749.0
499831.0
499832.0
499833.0
499916.0
499917.0
0.0
0.0
0.0
0.0
0.0
0.0
0.0
0.0
0.0
0.0
0.0
0.0
0.0
0.0
0.0
0.0
0.0
0.0
0.0
0.0
0.0
0.0
0.0
0.0
0.0
0.0
0.0
0.0
0.0
0.0
0.0
0.0
0.0
0.0
0.0
0.0
0.0
0.0
0.0
0.0
0.0
0.0
0.0
0.0
0.0
0.0
0.0
0.0
0.0
0.0
0.0
0.0
0.0
0.0
0.0
0.0
0.0
0.0
0.0
0.0
0.0
0.0
0.0
0.0
501006.0
501088.0
501089.0
501090.0
0.0
0.0
501173.0
501174.0
0.0
0.0
501257.0
501258.0
0.0
0.0
0.0
501340.0
501341.0
501342.0
0.0
0.0
0.0
501424.0
501425.0
0.0
0.0
0.0
0.0
501508.0
501509.0
0.0
0.0
0.0
0.0
0.0
0.0
0.0
0.0
0.0
0.0
0.0
0.0
0.0
0.0
0.0
0.0
0.0
0.0
0.0
0.0
0.0
0.0
0.0
501843.0
501844.0
501845.0
0.0
0.0
0.0
0.0
501927.0
501928.0
501929.0
0.0
0.0
0.0
0.0
502011.0
502012.0
0.0
0.0
0.0
0.0
0.0
0.0
0.0
0.0
0.0
0.0
0.0
0.0
0.0
0.0
0.0
0.0
0.0
0.0
0.0
502262.0
502263.0
0.0
0.0
0.0
502345.0
502346.0
502347.0
0.0
0.0
0.0
0.0
502430.0
0.0
502513.0
502514.0
0.0
502597.0
502598.0
502680.0
502681.0
502682.0
502765.0
0.0
0.0
503185.0
0.0
0.0
0.0
503268.0
0.0
0.0
0.0
0.0
503352.0
0.0
0.0
0.0
0.0
0.0
0.0
0.0
0.0
0.0
0.0
0.0
0.0
0.0
0.0
0.0
0.0
0.0
0.0
0.0
0.0
0.0
0.0
0.0
0.0
0.0
0.0
0.0
0.0
0.0
508485.0
0.0
0.0
0.0
0.0
0.0
508569.0
0.0
0.0
0.0
508651.0
508653.0
0.0
0.0
0.0
0.0
0.0
508735.0
508736.0
508737.0
0.0
0.0
0.0
0.0
0.0
0.0
508820.0
508821.0
0.0
0.0
0.0
0.0
0.0
0.0
0.0
0.0
0.0
0.0
0.0
0.0
0.0
0.0
0.0
0.0
0.0
0.0
0.0
0.0
0.0
0.0
0.0
0.0
0.0
0.0
0.0
0.0
0.0
0.0
0.0
0.0
0.0
0.0
0.0
0.0
0.0
0.0
0.0
0.0
0.0
0.0
0.0
0.0
0.0
0.0
0.0
0.0
0.0
0.0
0.0
0.0
0.0
0.0
0.0
0.0
0.0
0.0
0.0
0.0
0.0
0.0
0.0
0.0
0.0
0.0
0.0
0.0
0.0
0.0
0.0
0.0
509405.0
0.0
0.0
0.0
0.0
509488.0
509489.0
0.0
0.0
0.0
0.0
0.0
0.0
0.0
0.0
0.0
0.0
0.0
0.0
0.0
0.0
0.0
0.0
0.0
509992.0
509993.0
510076.0
510077.0
510078.0
510160.0
510161.0
510162.0
510244.0
510245.0
510328.0
510329.0
510412.0
510413.0
0.0
0.0
0.0
510496.0
0.0
0.0
0.0
0.0
0.0
0.0
510580.0
0.0
0.0
0.0
0.0
0.0
0.0
0.0
0.0
0.0
0.0
0.0
0.0
0.0
0.0
0.0
510749.0
0.0
0.0
0.0
510831.0
0.0
0.0
0.0
0.0
0.0
0.0
510915.0
0.0
0.0
0.0
0.0
0.0
0.0
510998.0
510999.0
0.0
0.0
0.0
0.0
0.0
0.0
0.0
511082.0
511083.0
0.0
0.0
0.0
0.0
0.0
511166.0
511167.0
0.0
0.0
0.0
0.0
511249.0
511250.0
0.0
0.0
0.0
0.0
511333.0
511334.0
0.0
0.0
0.0
511417.0
511418.0
0.0
0.0
511500.0
511501.0
511502.0
0.0
511584.0
511585.0
511668.0
511669.0
511752.0
0.0
0.0
512089.0
0.0
0.0
0.0
0.0
512172.0
512173.0
0.0
0.0
0.0
0.0
512256.0
512257.0
512258.0
512259.0
0.0
0.0
0.0
0.0
0.0
512340.0
512342.0
512343.0
0.0
0.0
0.0
0.0
512426.0
0.0
0.0
0.0
0.0
0.0
0.0
0.0
0.0
0.0
0.0
0.0
0.0
0.0
0.0
0.0
0.0
0.0
0.0
0.0
0.0
0.0
517556.0
517557.0
0.0
0.0
0.0
0.0
0.0
0.0
0.0
0.0
0.0
517639.0
517640.0
517641.0
0.0
0.0
0.0
0.0
0.0
0.0
0.0
0.0
517723.0
517724.0
517725.0
0.0
0.0
0.0
0.0
0.0
0.0
0.0
517806.0
517807.0
517808.0
0.0
0.0
0.0
0.0
0.0
0.0
0.0
0.0
0.0
0.0
0.0
0.0
0.0
0.0
0.0
0.0
0.0
0.0
0.0
0.0
0.0
0.0
0.0
0.0
0.0
0.0
0.0
0.0
0.0
0.0
0.0
0.0
0.0
0.0
0.0
0.0
0.0
0.0
0.0
0.0
0.0
0.0
0.0
0.0
0.0
0.0
0.0
0.0
0.0
0.0
0.0
518140.0
518141.0
518142.0
0.0
0.0
0.0
0.0
0.0
0.0
0.0
0.0
0.0
0.0
0.0
518224.0
518225.0
518226.0
0.0
0.0
0.0
0.0
0.0
0.0
0.0
518308.0
518309.0
0.0
0.0
518392.0
518393.0
0.0
0.0
0.0
0.0
518476.0
518477.0
0.0
0.0
0.0
0.0
0.0
0.0
0.0
0.0
0.0
0.0
0.0
0.0
0.0
0.0
0.0
0.0
518732.0
0.0
518812.0
0.0
518815.0
518816.0
518895.0
518896.0
518899.0
518900.0
518979.0
518980.0
519064.0
519065.0
519147.0
519148.0
519149.0
519232.0
519315.0
519316.0
519317.0
519399.0
519400.0
519401.0
0.0
0.0
519483.0
519484.0
519485.0
0.0
0.0
0.0
519567.0
519568.0
519569.0
0.0
0.0
0.0
519650.0
519651.0
519652.0
0.0
0.0
0.0
0.0
519735.0
519736.0
0.0
0.0
0.0
519818.0
519819.0
0.0
0.0
0.0
0.0
0.0
0.0
519902.0
519903.0
0.0
0.0
0.0
0.0
0.0
0.0
519986.0
519987.0
0.0
0.0
0.0
0.0
0.0
0.0
520069.0
520070.0
520071.0
0.0
0.0
0.0
0.0
0.0
520153.0
520154.0
0.0
0.0
0.0
0.0
520237.0
520238.0
0.0
0.0
0.0
0.0
520320.0
520321.0
520322.0
0.0
0.0
520404.0
520405.0
520406.0
0.0
520488.0
520489.0
520572.0
520993.0
0.0
521076.0
521077.0
521078.0
0.0
0.0
0.0
521160.0
521161.0
521162.0
521163.0
0.0
0.0
0.0
521244.0
521245.0
521246.0
521247.0
0.0
0.0
0.0
0.0
0.0
521330.0
521331.0
0.0
0.0
0.0
0.0
0.0
0.0
0.0
0.0
0.0
0.0
0.0
0.0
0.0
0.0
526378.0
0.0
0.0
0.0
0.0
0.0
0.0
0.0
0.0
0.0
0.0
0.0
0.0
0.0
526461.0
526462.0
0.0
0.0
0.0
0.0
0.0
0.0
0.0
0.0
0.0
0.0
526543.0
526544.0
526545.0
526546.0
0.0
0.0
0.0
0.0
0.0
0.0
0.0
0.0
0.0
526626.0
526627.0
526628.0
526629.0
0.0
0.0
0.0
0.0
0.0
0.0
0.0
0.0
0.0
0.0
526710.0
526711.0
526712.0
526713.0
0.0
0.0
0.0
0.0
0.0
0.0
0.0
0.0
0.0
0.0
0.0
0.0
0.0
0.0
0.0
526795.0
0.0
0.0
0.0
0.0
0.0
0.0
0.0
0.0
0.0
0.0
0.0
0.0
526879.0
0.0
0.0
0.0
0.0
0.0
0.0
0.0
0.0
0.0
0.0
0.0
0.0
0.0
0.0
0.0
0.0
0.0
0.0
0.0
0.0
0.0
0.0
0.0
0.0
0.0
0.0
0.0
0.0
0.0
527043.0
527044.0
527045.0
0.0
0.0
0.0
0.0
0.0
0.0
0.0
0.0
0.0
0.0
0.0
0.0
527127.0
527128.0
527129.0
527130.0
0.0
0.0
0.0
527212.0
527213.0
0.0
0.0
527295.0
527296.0
527297.0
0.0
0.0
0.0
527380.0
527381.0
0.0
0.0
527464.0
0.0
0.0
0.0
0.0
0.0
0.0
0.0
0.0
0.0
0.0
0.0
0.0
0.0
0.0
0.0
0.0
0.0
527636.0
0.0
0.0
0.0
0.0
0.0
527719.0
527720.0
527721.0
527723.0
0.0
0.0
527802.0
527803.0
527804.0
527805.0
527806.0
527807.0
527883.0
527884.0
527886.0
527887.0
527888.0
527889.0
527890.0
527891.0
527967.0
527968.0
527970.0
527971.0
527972.0
527973.0
527974.0
527975.0
528051.0
528052.0
528055.0
528056.0
0.0
528058.0
528135.0
528136.0
528140.0
528141.0
528219.0
528220.0
528303.0
528304.0
528387.0
528388.0
528471.0
528472.0
0.0
528555.0
528556.0
0.0
0.0
528640.0
0.0
0.0
0.0
0.0
0.0
0.0
0.0
0.0
0.0
0.0
0.0
0.0
0.0
0.0
0.0
0.0
0.0
0.0
0.0
0.0
0.0
0.0
0.0
0.0
0.0
0.0
0.0
0.0
0.0
0.0
0.0
0.0
0.0
0.0
0.0
0.0
0.0
0.0
529224.0
529225.0
0.0
0.0
0.0
0.0
0.0
0.0
0.0
529982.0
530064.0
530065.0
530066.0
0.0
0.0
0.0
530149.0
530150.0
530151.0
0.0
0.0
0.0
0.0
530234.0
530235.0
0.0
0.0
530318.0
0.0
0.0
0.0
0.0
0.0
0.0
0.0
0.0
0.0
0.0
535365.0
535366.0
535367.0
0.0
0.0
0.0
0.0
0.0
0.0
0.0
0.0
0.0
0.0
535450.0
535451.0
0.0
0.0
0.0
0.0
0.0
0.0
0.0
0.0
0.0
0.0
0.0
0.0
0.0
535531.0
535532.0
535533.0
535534.0
535535.0
0.0
0.0
0.0
0.0
0.0
0.0
0.0
0.0
0.0
0.0
0.0
0.0
0.0
535615.0
535616.0
535617.0
0.0
0.0
0.0
0.0
0.0
0.0
0.0
0.0
0.0
0.0
0.0
0.0
0.0
535698.0
535699.0
535700.0
535701.0
0.0
0.0
0.0
0.0
0.0
0.0
0.0
0.0
0.0
535782.0
535783.0
0.0
0.0
0.0
0.0
0.0
0.0
0.0
0.0
0.0
0.0
0.0
0.0
0.0
0.0
535863.0
535864.0
0.0
0.0
0.0
0.0
0.0
0.0
0.0
0.0
0.0
0.0
0.0
0.0
0.0
0.0
535947.0
535948.0
535949.0
535950.0
535951.0
0.0
0.0
0.0
0.0
0.0
0.0
0.0
0.0
0.0
0.0
0.0
536031.0
536032.0
536034.0
536035.0
0.0
0.0
536115.0
536116.0
0.0
0.0
0.0
0.0
0.0
536199.0
536200.0
0.0
0.0
0.0
0.0
0.0
0.0
0.0
536283.0
536284.0
536285.0
0.0
0.0
0.0
0.0
0.0
0.0
0.0
0.0
0.0
0.0
0.0
0.0
536367.0
536368.0
536369.0
0.0
0.0
0.0
0.0
0.0
0.0
0.0
0.0
0.0
0.0
0.0
0.0
0.0
536452.0
0.0
0.0
0.0
0.0
0.0
0.0
0.0
0.0
0.0
0.0
0.0
0.0
0.0
0.0
536539.0
536540.0
536541.0
536542.0
536543.0
0.0
0.0
0.0
0.0
0.0
0.0
0.0
0.0
536623.0
536624.0
536625.0
536626.0
536627.0
0.0
0.0
0.0
0.0
0.0
0.0
536706.0
536707.0
536708.0
536709.0
536710.0
536711.0
0.0
0.0
536789.0
536790.0
536791.0
536792.0
536793.0
536794.0
536795.0
0.0
536874.0
536875.0
536876.0
536877.0
536878.0
536879.0
536955.0
536956.0
0.0
536958.0
536959.0
536960.0
536961.0
536962.0
537039.0
537040.0
0.0
0.0
0.0
537044.0
537045.0
537123.0
0.0
0.0
0.0
0.0
537128.0
537206.0
537207.0
537208.0
0.0
0.0
0.0
537291.0
537292.0
0.0
0.0
0.0
537375.0
537376.0
0.0
0.0
0.0
0.0
0.0
0.0
0.0
0.0
0.0
0.0
0.0
0.0
0.0
0.0
0.0
0.0
0.0
0.0
0.0
0.0
0.0
0.0
0.0
0.0
0.0
0.0
0.0
0.0
0.0
0.0
0.0
0.0
0.0
0.0
0.0
0.0
0.0
0.0
0.0
0.0
0.0
0.0
0.0
0.0
0.0
0.0
0.0
0.0
0.0
0.0
0.0
538886.0
538969.0
0.0
0.0
0.0
0.0
0.0
539138.0
539139.0
0.0
0.0
0.0
0.0
0.0
0.0
0.0
0.0
0.0
0.0
0.0
544354.0
544355.0
0.0
0.0
0.0
0.0
0.0
0.0
0.0
0.0
0.0
0.0
0.0
0.0
0.0
544437.0
544438.0
544439.0
0.0
0.0
0.0
0.0
0.0
0.0
0.0
0.0
0.0
544519.0
544520.0
544521.0
544522.0
544523.0
0.0
0.0
0.0
0.0
0.0
0.0
0.0
0.0
544602.0
544603.0
544604.0
544605.0
544607.0
0.0
0.0
0.0
0.0
0.0
0.0
0.0
0.0
0.0
0.0
0.0
0.0
0.0
544686.0
544687.0
0.0
0.0
0.0
0.0
0.0
0.0
0.0
0.0
0.0
0.0
0.0
0.0
0.0
544768.0
544769.0
544770.0
0.0
0.0
0.0
0.0
0.0
0.0
0.0
0.0
0.0
0.0
0.0
0.0
0.0
0.0
0.0
544851.0
544852.0
544853.0
544854.0
544855.0
0.0
0.0
0.0
0.0
0.0
0.0
0.0
0.0
0.0
0.0
0.0
0.0
0.0
544935.0
544936.0
544937.0
544938.0
544939.0
0.0
0.0
0.0
0.0
0.0
0.0
0.0
545019.0
545020.0
545021.0
545022.0
545023.0
0.0
0.0
0.0
0.0
0.0
0.0
0.0
0.0
0.0
545103.0
545104.0
545105.0
545106.0
0.0
0.0
0.0
0.0
0.0
0.0
0.0
0.0
0.0
0.0
0.0
0.0
0.0
0.0
0.0
0.0
545187.0
545188.0
0.0
0.0
0.0
0.0
0.0
0.0
0.0
0.0
0.0
0.0
0.0
0.0
0.0
0.0
545271.0
545272.0
545273.0
0.0
0.0
0.0
0.0
0.0
0.0
0.0
0.0
0.0
0.0
0.0
0.0
0.0
0.0
545355.0
545356.0
545357.0
0.0
545360.0
545361.0
0.0
0.0
0.0
0.0
0.0
0.0
0.0
0.0
0.0
0.0
0.0
0.0
545441.0
0.0
545443.0
545444.0
545445.0
545446.0
545447.0
0.0
0.0
0.0
0.0
0.0
0.0
0.0
0.0
0.0
545527.0
545528.0
545529.0
545530.0
545531.0
0.0
0.0
0.0
0.0
0.0
0.0
0.0
545610.0
545611.0
545612.0
545613.0
545614.0
545615.0
0.0
0.0
0.0
0.0
0.0
0.0
545694.0
545695.0
545696.0
545697.0
545699.0
0.0
0.0
0.0
0.0
0.0
0.0
545778.0
545779.0
545780.0
545781.0
545782.0
0.0
0.0
0.0
0.0
0.0
545863.0
545864.0
545865.0
545943.0
0.0
0.0
0.0
0.0
545948.0
545949.0
546027.0
0.0
0.0
0.0
0.0
546032.0
546033.0
546111.0
0.0
0.0
0.0
546115.0
546116.0
546195.0
546196.0
0.0
0.0
0.0
546279.0
546280.0
0.0
0.0
0.0
0.0
0.0
0.0
0.0
0.0
0.0
0.0
0.0
0.0
0.0
0.0
0.0
0.0
0.0
0.0
0.0
0.0
0.0
0.0
0.0
0.0
0.0
0.0
0.0
0.0
0.0
0.0
0.0
0.0
0.0
0.0
0.0
0.0
0.0
0.0
0.0
0.0
0.0
0.0
0.0
0.0
0.0
0.0
0.0
0.0
0.0
0.0
0.0
0.0
0.0
0.0
0.0
0.0
0.0
0.0
0.0
0.0
0.0
0.0
0.0
0.0
0.0
0.0
0.0
0.0
0.0
553342.0
553343.0
0.0
0.0
0.0
0.0
0.0
0.0
0.0
0.0
0.0
0.0
0.0
0.0
553424.0
553425.0
553426.0
553427.0
0.0
0.0
0.0
0.0
0.0
0.0
0.0
0.0
0.0
0.0
0.0
0.0
0.0
553506.0
553507.0
553508.0
553509.0
0.0
553511.0
553512.0
0.0
0.0
0.0
0.0
0.0
0.0
0.0
0.0
0.0
0.0
0.0
0.0
0.0
553590.0
553591.0
553592.0
553593.0
0.0
0.0
0.0
0.0
0.0
0.0
0.0
0.0
0.0
0.0
0.0
0.0
553674.0
553675.0
553676.0
0.0
0.0
0.0
0.0
0.0
0.0
0.0
0.0
0.0
0.0
0.0
0.0
553756.0
553757.0
553758.0
0.0
0.0
0.0
0.0
0.0
0.0
0.0
0.0
0.0
553839.0
553840.0
553841.0
553842.0
0.0
0.0
0.0
0.0
0.0
553924.0
553925.0
553926.0
0.0
0.0
0.0
0.0
0.0
0.0
0.0
0.0
0.0
0.0
0.0
0.0
554007.0
554008.0
554009.0
554010.0
0.0
0.0
0.0
0.0
0.0
0.0
0.0
0.0
0.0
0.0
0.0
0.0
0.0
0.0
0.0
0.0
0.0
554091.0
554092.0
554093.0
0.0
0.0
0.0
0.0
0.0
0.0
0.0
0.0
0.0
0.0
0.0
0.0
0.0
0.0
0.0
554175.0
554176.0
554177.0
0.0
0.0
0.0
0.0
0.0
0.0
0.0
0.0
0.0
0.0
0.0
0.0
554259.0
554260.0
554261.0
554262.0
0.0
554264.0
554265.0
0.0
0.0
0.0
0.0
0.0
0.0
0.0
0.0
0.0
0.0
0.0
0.0
554344.0
554345.0
554346.0
0.0
554348.0
554349.0
554350.0
0.0
0.0
0.0
0.0
0.0
0.0
0.0
0.0
554430.0
554431.0
554433.0
554434.0
554435.0
0.0
0.0
0.0
0.0
554513.0
554514.0
554515.0
554516.0
554517.0
554518.0
554519.0
0.0
0.0
0.0
0.0
0.0
0.0
0.0
0.0
0.0
554597.0
554598.0
554599.0
554600.0
554601.0
0.0
0.0
0.0
0.0
0.0
0.0
0.0
0.0
0.0
0.0
0.0
554682.0
554683.0
0.0
0.0
0.0
0.0
0.0
0.0
0.0
0.0
554766.0
554767.0
554768.0
0.0
0.0
0.0
0.0
0.0
554852.0
554853.0
554931.0
0.0
0.0
0.0
0.0
554936.0
0.0
0.0
0.0
0.0
0.0
0.0
555020.0
0.0
0.0
0.0
0.0
0.0
0.0
0.0
0.0
0.0
0.0
0.0
0.0
0.0
0.0
0.0
0.0
0.0
0.0
0.0
0.0
0.0
0.0
0.0
0.0
0.0
0.0
0.0
0.0
0.0
0.0
0.0
0.0
0.0
0.0
0.0
0.0
0.0
0.0
0.0
0.0
0.0
0.0
0.0
0.0
0.0
0.0
0.0
0.0
0.0
0.0
0.0
0.0
0.0
0.0
0.0
0.0
0.0
0.0
0.0
0.0
0.0
0.0
0.0
0.0
0.0
0.0
0.0
0.0
0.0
0.0
0.0
0.0
0.0
0.0
0.0
0.0
0.0
0.0
0.0
0.0
0.0
0.0
0.0
0.0
0.0
0.0
0.0
0.0
0.0
0.0
0.0
562412.0
562413.0
562414.0
0.0
562416.0
0.0
0.0
0.0
0.0
0.0
0.0
0.0
0.0
0.0
0.0
0.0
0.0
0.0
0.0
0.0
0.0
562494.0
562495.0
562496.0
562497.0
562498.0
0.0
0.0
0.0
0.0
0.0
0.0
0.0
0.0
0.0
562579.0
562580.0
562581.0
562582.0
0.0
0.0
0.0
0.0
0.0
0.0
0.0
0.0
562661.0
562662.0
562663.0
562664.0
562665.0
0.0
0.0
0.0
0.0
0.0
0.0
0.0
0.0
562744.0
562745.0
562746.0
0.0
0.0
0.0
0.0
562828.0
562829.0
0.0
0.0
0.0
0.0
0.0
0.0
0.0
0.0
0.0
0.0
0.0
0.0
562912.0
562913.0
0.0
0.0
0.0
0.0
0.0
0.0
0.0
0.0
0.0
0.0
0.0
0.0
0.0
0.0
0.0
0.0
0.0
0.0
562996.0
562997.0
0.0
0.0
0.0
0.0
0.0
0.0
0.0
0.0
0.0
0.0
0.0
0.0
0.0
0.0
0.0
0.0
563079.0
563080.0
563081.0
0.0
0.0
0.0
0.0
0.0
0.0
0.0
0.0
0.0
0.0
0.0
0.0
0.0
0.0
0.0
563163.0
563164.0
563165.0
0.0
0.0
0.0
563169.0
0.0
0.0
0.0
0.0
0.0
0.0
0.0
0.0
0.0
0.0
0.0
0.0
563248.0
563249.0
0.0
0.0
563252.0
563253.0
0.0
0.0
0.0
0.0
0.0
0.0
0.0
0.0
0.0
0.0
563333.0
563334.0
563335.0
563336.0
563337.0
563338.0
0.0
0.0
0.0
0.0
563416.0
563417.0
563418.0
563419.0
563420.0
563421.0
563422.0
0.0
0.0
0.0
0.0
0.0
0.0
0.0
0.0
0.0
0.0
0.0
563500.0
563501.0
563504.0
563505.0
0.0
0.0
0.0
0.0
0.0
0.0
0.0
0.0
0.0
0.0
0.0
0.0
0.0
0.0
0.0
563589.0
0.0
0.0
0.0
0.0
0.0
0.0
0.0
0.0
0.0
0.0
0.0
563674.0
0.0
0.0
0.0
0.0
0.0
0.0
0.0
0.0
0.0
0.0
0.0
0.0
0.0
0.0
0.0
0.0
0.0
0.0
0.0
0.0
0.0
0.0
0.0
0.0
0.0
0.0
0.0
0.0
0.0
0.0
0.0
0.0
0.0
0.0
0.0
0.0
0.0
0.0
0.0
0.0
0.0
0.0
0.0
0.0
0.0
0.0
0.0
0.0
0.0
0.0
0.0
0.0
0.0
0.0
0.0
0.0
0.0
0.0
0.0
0.0
0.0
0.0
0.0
0.0
0.0
0.0
0.0
0.0
0.0
0.0
0.0
0.0
0.0
0.0
0.0
0.0
0.0
0.0
0.0
0.0
0.0
0.0
0.0
571318.0
0.0
0.0
0.0
0.0
0.0
0.0
0.0
0.0
0.0
0.0
571401.0
571402.0
0.0
0.0
0.0
0.0
0.0
0.0
0.0
0.0
0.0
0.0
0.0
0.0
571483.0
571484.0
571485.0
571486.0
0.0
0.0
0.0
0.0
0.0
0.0
0.0
0.0
0.0
0.0
0.0
571566.0
0.0
0.0
571569.0
571570.0
0.0
0.0
0.0
0.0
0.0
0.0
0.0
0.0
571648.0
571649.0
571650.0
0.0
0.0
571653.0
0.0
0.0
0.0
0.0
0.0
0.0
0.0
0.0
0.0
0.0
571732.0
571733.0
0.0
0.0
0.0
0.0
0.0
0.0
0.0
0.0
0.0
0.0
0.0
0.0
0.0
571816.0
571817.0
0.0
0.0
0.0
0.0
0.0
0.0
0.0
0.0
0.0
0.0
0.0
0.0
0.0
0.0
0.0
0.0
0.0
571900.0
571901.0
0.0
0.0
0.0
0.0
0.0
0.0
0.0
0.0
0.0
0.0
0.0
0.0
0.0
0.0
0.0
571984.0
571985.0
0.0
0.0
0.0
0.0
0.0
0.0
0.0
0.0
0.0
0.0
0.0
0.0
0.0
0.0
0.0
0.0
572067.0
572068.0
572069.0
0.0
0.0
0.0
0.0
0.0
0.0
0.0
0.0
0.0
0.0
0.0
0.0
0.0
0.0
0.0
0.0
0.0
572153.0
572154.0
0.0
572156.0
572157.0
0.0
0.0
0.0
0.0
0.0
0.0
0.0
0.0
0.0
572237.0
572238.0
572239.0
572240.0
572241.0
572242.0
0.0
0.0
0.0
572320.0
572321.0
572322.0
572323.0
572324.0
572325.0
572326.0
0.0
0.0
0.0
0.0
0.0
0.0
0.0
0.0
0.0
0.0
0.0
572405.0
572407.0
572408.0
572409.0
0.0
0.0
0.0
0.0
0.0
0.0
0.0
0.0
0.0
0.0
0.0
0.0
0.0
0.0
0.0
0.0
0.0
0.0
0.0
0.0
0.0
0.0
0.0
0.0
0.0
0.0
0.0
0.0
0.0
0.0
0.0
0.0
0.0
0.0
0.0
0.0
0.0
0.0
0.0
0.0
0.0
0.0
0.0
0.0
0.0
0.0
0.0
0.0
0.0
0.0
0.0
0.0
0.0
0.0
0.0
0.0
0.0
0.0
0.0
0.0
0.0
0.0
0.0
0.0
0.0
0.0
0.0
0.0
0.0
0.0
0.0
0.0
0.0
0.0
0.0
0.0
0.0
0.0
0.0
0.0
0.0
0.0
0.0
0.0
0.0
0.0
0.0
0.0
0.0
0.0
0.0
0.0
0.0
0.0
0.0
0.0
0.0
0.0
0.0
0.0
0.0
0.0
0.0
0.0
0.0
0.0
0.0
0.0
0.0
0.0
0.0
0.0
0.0
0.0
0.0
0.0
0.0
0.0
0.0
0.0
0.0
0.0
0.0
0.0
0.0
0.0
0.0
0.0
0.0
0.0
0.0
0.0
0.0
0.0
0.0
0.0
0.0
0.0
0.0
580472.0
580473.0
580474.0
0.0
0.0
0.0
0.0
0.0
0.0
0.0
0.0
0.0
0.0
0.0
0.0
0.0
0.0
0.0
580557.0
0.0
0.0
0.0
0.0
0.0
0.0
0.0
0.0
0.0
0.0
0.0
580637.0
0.0
0.0
0.0
0.0
0.0
0.0
0.0
0.0
0.0
0.0
0.0
0.0
0.0
0.0
0.0
0.0
0.0
0.0
0.0
0.0
0.0
0.0
0.0
0.0
0.0
0.0
580804.0
580805.0
0.0
0.0
0.0
0.0
0.0
0.0
0.0
0.0
0.0
0.0
0.0
0.0
0.0
0.0
0.0
0.0
0.0
580888.0
0.0
0.0
0.0
0.0
0.0
0.0
0.0
0.0
0.0
0.0
0.0
0.0
0.0
0.0
0.0
0.0
0.0
0.0
0.0
0.0
580972.0
580973.0
0.0
0.0
0.0
0.0
0.0
0.0
0.0
0.0
0.0
0.0
0.0
0.0
0.0
0.0
0.0
581057.0
0.0
0.0
581060.0
581061.0
0.0
0.0
0.0
0.0
0.0
0.0
0.0
0.0
0.0
0.0
581141.0
581142.0
581143.0
581144.0
581145.0
581146.0
0.0
0.0
0.0
0.0
0.0
0.0
0.0
0.0
0.0
0.0
0.0
0.0
581224.0
581225.0
581226.0
581227.0
581228.0
581229.0
0.0
0.0
0.0
0.0
0.0
0.0
0.0
0.0
0.0
0.0
0.0
0.0
0.0
0.0
581308.0
581309.0
581311.0
0.0
0.0
0.0
0.0
0.0
0.0
0.0
0.0
0.0
0.0
0.0
0.0
0.0
0.0
0.0
0.0
0.0
0.0
0.0
0.0
0.0
0.0
0.0
0.0
0.0
0.0
0.0
0.0
0.0
0.0
0.0
0.0
0.0
0.0
0.0
0.0
0.0
0.0
0.0
0.0
0.0
0.0
0.0
0.0
0.0
0.0
0.0
0.0
0.0
0.0
0.0
0.0
0.0
0.0
0.0
0.0
0.0
0.0
0.0
0.0
0.0
0.0
0.0
0.0
0.0
0.0
0.0
0.0
0.0
0.0
0.0
0.0
0.0
0.0
0.0
0.0
0.0
0.0
0.0
0.0
0.0
0.0
0.0
0.0
0.0
0.0
0.0
0.0
0.0
0.0
0.0
0.0
0.0
0.0
0.0
0.0
0.0
0.0
0.0
0.0
0.0
0.0
0.0
0.0
0.0
0.0
0.0
0.0
0.0
0.0
0.0
0.0
0.0
0.0
0.0
0.0
0.0
0.0
0.0
0.0
0.0
0.0
0.0
0.0
0.0
0.0
0.0
0.0
0.0
0.0
0.0
0.0
0.0
0.0
0.0
0.0
0.0
0.0
0.0
0.0
0.0
0.0
0.0
0.0
0.0
0.0
0.0
0.0
0.0
0.0
0.0
0.0
0.0
0.0
0.0
0.0
0.0
0.0
0.0
0.0
0.0
0.0
0.0
0.0
0.0
0.0
0.0
0.0
0.0
0.0
0.0
0.0
0.0
0.0
0.0
0.0
589709.0
0.0
0.0
0.0
0.0
0.0
0.0
0.0
0.0
0.0
0.0
0.0
0.0
0.0
0.0
0.0
0.0
0.0
0.0
0.0
0.0
0.0
589797.0
0.0
0.0
0.0
0.0
0.0
0.0
0.0
0.0
0.0
0.0
0.0
0.0
0.0
0.0
589877.0
0.0
0.0
589880.0
589881.0
589882.0
0.0
0.0
0.0
0.0
0.0
0.0
0.0
0.0
0.0
0.0
0.0
0.0
589963.0
589964.0
589965.0
589966.0
0.0
0.0
0.0
0.0
0.0
0.0
0.0
0.0
0.0
0.0
0.0
590045.0
590046.0
590047.0
590048.0
590049.0
590050.0
0.0
0.0
0.0
0.0
0.0
0.0
0.0
0.0
0.0
0.0
0.0
0.0
0.0
590128.0
590129.0
590130.0
590131.0
590132.0
0.0
0.0
0.0
0.0
0.0
0.0
0.0
0.0
0.0
0.0
0.0
0.0
0.0
0.0
0.0
0.0
590215.0
590216.0
0.0
0.0
0.0
0.0
0.0
0.0
0.0
0.0
0.0
0.0
0.0
0.0
0.0
0.0
0.0
0.0
0.0
0.0
0.0
0.0
0.0
0.0
0.0
0.0
0.0
0.0
0.0
0.0
0.0
0.0
0.0
0.0
0.0
0.0
0.0
0.0
0.0
0.0
0.0
0.0
0.0
0.0
0.0
0.0
0.0
0.0
0.0
0.0
0.0
0.0
0.0
0.0
0.0
0.0
0.0
0.0
0.0
0.0
0.0
0.0
0.0
0.0
0.0
0.0
0.0
0.0
0.0
0.0
0.0
0.0
0.0
0.0
0.0
0.0
0.0
0.0
0.0
0.0
0.0
0.0
0.0
0.0
0.0
0.0
0.0
0.0
0.0
0.0
0.0
0.0
0.0
0.0
0.0
0.0
0.0
0.0
0.0
0.0
0.0
0.0
0.0
0.0
0.0
0.0
0.0
0.0
0.0
0.0
0.0
0.0
0.0
0.0
0.0
0.0
0.0
0.0
0.0
0.0
0.0
0.0
0.0
0.0
0.0
0.0
0.0
0.0
0.0
0.0
0.0
0.0
0.0
0.0
0.0
0.0
0.0
0.0
0.0
0.0
0.0
0.0
598701.0
0.0
0.0
0.0
0.0
0.0
0.0
0.0
0.0
0.0
0.0
0.0
0.0
0.0
0.0
0.0
0.0
598784.0
598785.0
598786.0
0.0
0.0
0.0
0.0
0.0
0.0
0.0
0.0
0.0
0.0
0.0
0.0
0.0
0.0
0.0
598867.0
598868.0
598869.0
598870.0
0.0
0.0
0.0
0.0
0.0
0.0
0.0
0.0
0.0
0.0
0.0
598949.0
598950.0
598951.0
598952.0
598953.0
0.0
0.0
0.0
0.0
0.0
0.0
0.0
0.0
0.0
0.0
0.0
0.0
599032.0
599033.0
599034.0
599035.0
599036.0
599037.0
0.0
0.0
0.0
0.0
0.0
0.0
0.0
0.0
0.0
0.0
0.0
0.0
0.0
0.0
0.0
0.0
599119.0
599120.0
0.0
0.0
0.0
0.0
0.0
0.0
0.0
0.0
0.0
0.0
0.0
0.0
0.0
0.0
0.0
0.0
0.0
0.0
0.0
0.0
0.0
0.0
0.0
0.0
0.0
0.0
0.0
0.0
0.0
0.0
0.0
0.0
0.0
0.0
0.0
0.0
0.0
0.0
0.0
0.0
0.0
0.0
0.0
0.0
0.0
0.0
0.0
0.0
0.0
0.0
0.0
0.0
0.0
0.0
0.0
0.0
0.0
0.0
0.0
0.0
0.0
0.0
0.0
0.0
0.0
0.0
0.0
0.0
0.0
0.0
0.0
0.0
0.0
0.0
0.0
0.0
0.0
0.0
0.0
0.0
0.0
0.0
0.0
0.0
0.0
0.0
0.0
0.0
0.0
0.0
0.0
0.0
0.0
0.0
0.0
0.0
0.0
0.0
0.0
0.0
0.0
0.0
0.0
0.0
0.0
0.0
0.0
0.0
0.0
0.0
0.0
0.0
0.0
0.0
0.0
0.0
0.0
0.0
0.0
607771.0
607772.0
607773.0
0.0
0.0
0.0
0.0
0.0
0.0
0.0
0.0
0.0
0.0
0.0
0.0
0.0
0.0
607852.0
607853.0
607854.0
607855.0
607856.0
607857.0
0.0
0.0
0.0
0.0
0.0
0.0
0.0
0.0
0.0
0.0
0.0
0.0
0.0
607937.0
607938.0
607939.0
607941.0
0.0
0.0
0.0
0.0
0.0
0.0
0.0
0.0
0.0
0.0
0.0
0.0
0.0
0.0
0.0
0.0
0.0
0.0
0.0
0.0
0.0
0.0
0.0
0.0
0.0
0.0
0.0
0.0
0.0
0.0
0.0
0.0
0.0
0.0
0.0
0.0
0.0
0.0
0.0
0.0
0.0
0.0
0.0
0.0
0.0
0.0
0.0
0.0
0.0
0.0
0.0
0.0
0.0
0.0
0.0
0.0
0.0
0.0
0.0
0.0
0.0
0.0
0.0
0.0
0.0
0.0
0.0
0.0
0.0
0.0
0.0
0.0
0.0
0.0
0.0
0.0
0.0
0.0
0.0
0.0
0.0
0.0
0.0
0.0
0.0
0.0
0.0
0.0
0.0
0.0
0.0
0.0
0.0
0.0
0.0
0.0
0.0
0.0
0.0
0.0
0.0
0.0
0.0
0.0
0.0
0.0
0.0
0.0
0.0
0.0
0.0
0.0
0.0
0.0
0.0
616675.0
0.0
0.0
0.0
0.0
0.0
0.0
0.0
0.0
0.0
0.0
0.0
0.0
0.0
616757.0
616758.0
616759.0
0.0
616761.0
0.0
0.0
0.0
0.0
0.0
0.0
0.0
0.0
0.0
0.0
0.0
0.0
0.0
0.0
0.0
0.0
0.0
0.0
0.0
0.0
0.0
0.0
0.0
0.0
0.0
0.0
0.0
0.0
0.0
0.0
0.0
0.0
0.0
0.0
0.0
0.0
0.0
0.0
0.0
0.0
0.0
0.0
0.0
0.0
0.0
0.0
0.0
0.0
0.0
0.0
0.0
0.0
0.0
0.0
0.0
0.0
0.0
0.0
0.0
0.0
0.0
0.0
0.0
0.0
0.0
0.0
0.0
0.0
0.0
0.0
0.0
0.0
0.0
0.0
0.0
0.0
0.0
0.0
0.0
0.0
0.0
0.0
0.0
0.0
0.0
0.0
0.0
0.0
0.0
0.0
0.0
0.0
0.0
0.0
0.0
0.0
0.0
0.0
0.0
0.0
0.0
0.0
0.0
0.0
0.0
0.0
0.0
0.0
0.0
0.0
0.0
0.0
625664.0
0.0
0.0
0.0
0.0
0.0
0.0
0.0
0.0
0.0
0.0
0.0
0.0
0.0
0.0
0.0
0.0
0.0
0.0
0.0
0.0
0.0
0.0
0.0
0.0
0.0
0.0
0.0
0.0
0.0
0.0
0.0
0.0
0.0
0.0
0.0
0.0
0.0
0.0
0.0
0.0
0.0
0.0
0.0
0.0
0.0
0.0
0.0
0.0
0.0
0.0
0.0
0.0
0.0
0.0
0.0
0.0
0.0
0.0
0.0
0.0
0.0
0.0
0.0
0.0
0.0
0.0
0.0
0.0
0.0
0.0
0.0
0.0
0.0
0.0
0.0
0.0
0.0
0.0
0.0
0.0
0.0
0.0
0.0
0.0
0.0
0.0
0.0
0.0
0.0
0.0
0.0
0.0
0.0
0.0
0.0
0.0
0.0
0.0
0.0
0.0
0.0
0.0
0.0
0.0
0.0
0.0
0.0
0.0
0.0
0.0
0.0
0.0
0.0
0.0
0.0
0.0
0.0
0.0
0.0
0.0
0.0
0.0
0.0
0.0
0.0
0.0
0.0
0.0
0.0
0.0
0.0
0.0
0.0
0.0
0.0
0.0
0.0
0.0
0.0
0.0
0.0
0.0
0.0
0.0
0.0
0.0
0.0
0.0
0.0
0.0
0.0
0.0
0.0
0.0
0.0
0.0
0.0
0.0
0.0
0.0
0.0
0.0
0.0
0.0
0.0
0.0
0.0
0.0
0.0
0.0
0.0
0.0
0.0
0.0
0.0
0.0
0.0
0.0
0.0
0.0
0.0
0.0
0.0
0.0
0.0
0.0
0.0
0.0
0.0
0.0
0.0
0.0
0.0
0.0
0.0
0.0
0.0
0.0
0.0
0.0
0.0
0.0
0.0
0.0
0.0
0.0
0.0
0.0
0.0
0.0
0.0
0.0
0.0
0.0
0.0
0.0
0.0
0.0
0.0
0.0
0.0
0.0
0.0
0.0
0.0
0.0
0.0
0.0
0.0
0.0
0.0
0.0
0.0
0.0
0.0
0.0
0.0
0.0
0.0
0.0
0.0
0.0
0.0
0.0
0.0
0.0
0.0
0.0
0.0
0.0
0.0
0.0
0.0
0.0
0.0
0.0
0.0
0.0
0.0
0.0
0.0
0.0
0.0
0.0
0.0
0.0
0.0
0.0
0.0
0.0
0.0
0.0
0.0
0.0
0.0
0.0
0.0
0.0
0.0
0.0
0.0
0.0
0.0
0.0
0.0
0.0
0.0
0.0
0.0
0.0
0.0
0.0
0.0
