0.0
0.0
0.0
0.0
0.0
0.0
0.0
0.0
0.0
0.0
0.0
0.0
0.0
0.0
0.0
0.0
0.0
0.0
0.0
0.0
0.0
0.0
0.0
0.0
0.0
0.0
0.0
0.0
0.0
0.0
0.0
0.0
0.0
0.0
0.0
0.0
0.0
0.0
0.0
0.0
0.0
0.0
0.0
0.0
0.0
0.0
0.0
0.0
0.0
0.0
0.0
0.0
0.0
0.0
0.0
0.0
0.0
0.0
0.0
0.0
0.0
0.0
0.0
0.0
0.0
0.0
0.0
0.0
0.0
0.0
0.0
0.0
0.0
0.0
0.0
0.0
0.0
0.0
0.0
0.0
0.0
0.0
0.0
0.0
0.0
0.0
0.0
0.0
0.0
0.0
0.0
0.0
0.0
0.0
0.0
0.0
0.0
0.0
0.0
0.0
0.0
0.0
0.0
0.0
0.0
0.0
0.0
0.0
0.0
0.0
0.0
0.0
0.0
0.0
0.0
0.0
0.0
0.0
0.0
0.0
0.0
0.0
0.0
0.0
0.0
0.0
0.0
0.0
0.0
0.0
0.0
0.0
0.0
0.0
0.0
0.0
0.0
0.0
0.0
0.0
0.0
0.0
0.0
0.0
0.0
0.0
0.0
0.0
0.0
0.0
0.0
0.0
0.0
0.0
0.0
0.0
0.0
0.0
0.0
0.0
0.0
0.0
0.0
0.0
0.0
0.0
0.0
0.0
0.0
0.0
0.0
0.0
0.0
0.0
0.0
0.0
0.0
0.0
0.0
0.0
0.0
0.0
0.0
0.0
0.0
0.0
0.0
0.0
0.0
0.0
0.0
0.0
0.0
0.0
0.0
0.0
0.0
0.0
0.0
0.0
0.0
0.0
0.0
0.0
0.0
0.0
0.0
0.0
0.0
0.0
0.0
0.0
0.0
0.0
0.0
0.0
0.0
0.0
0.0
0.0
0.0
0.0
0.0
0.0
0.0
0.0
0.0
0.0
0.0
0.0
0.0
0.0
0.0
0.0
0.0
0.0
0.0
0.0
0.0
0.0
0.0
0.0
0.0
0.0
0.0
0.0
0.0
0.0
0.0
0.0
0.0
0.0
0.0
0.0
0.0
0.0
0.0
0.0
0.0
0.0
0.0
0.0
0.0
0.0
0.0
0.0
0.0
0.0
0.0
0.0
0.0
0.0
0.0
0.0
0.0
0.0
0.0
0.0
0.0
0.0
0.0
0.0
0.0
0.0
0.0
0.0
0.0
0.0
0.0
0.0
0.0
0.0
0.0
0.0
0.0
0.0
0.0
0.0
0.0
0.0
0.0
0.0
0.0
0.0
0.0
0.0
0.0
0.0
0.0
0.0
0.0
0.0
0.0
0.0
0.0
0.0
0.0
0.0
0.0
0.0
0.0
0.0
0.0
0.0
0.0
0.0
0.0
0.0
0.0
0.0
0.0
0.0
0.0
0.0
0.0
0.0
0.0
0.0
0.0
0.0
0.0
0.0
0.0
0.0
0.0
0.0
0.0
0.0
0.0
0.0
0.0
0.0
0.0
0.0
0.0
0.0
0.0
0.0
0.0
0.0
0.0
0.0
0.0
0.0
0.0
0.0
0.0
0.0
0.0
0.0
0.0
0.0
0.0
0.0
0.0
0.0
0.0
0.0
0.0
0.0
0.0
0.0
0.0
0.0
0.0
0.0
0.0
0.0
0.0
0.0
0.0
0.0
0.0
0.0
0.0
0.0
0.0
0.0
0.0
0.0
0.0
0.0
0.0
0.0
0.0
0.0
0.0
0.0
0.0
0.0
0.0
0.0
0.0
0.0
0.0
0.0
0.0
0.0
0.0
0.0
0.0
0.0
0.0
0.0
0.0
0.0
0.0
0.0
0.0
0.0
0.0
0.0
0.0
0.0
0.0
0.0
0.0
0.0
0.0
0.0
0.0
0.0
0.0
0.0
0.0
0.0
0.0
0.0
0.0
0.0
0.0
0.0
0.0
0.0
0.0
0.0
0.0
0.0
0.0
0.0
0.0
0.0
0.0
0.0
0.0
0.0
0.0
0.0
0.0
0.0
0.0
0.0
0.0
0.0
0.0
0.0
0.0
0.0
0.0
0.0
0.0
0.0
0.0
0.0
0.0
0.0
0.0
0.0
0.0
0.0
0.0
0.0
0.0
0.0
0.0
0.0
0.0
0.0
0.0
0.0
0.0
0.0
0.0
0.0
0.0
0.0
0.0
0.0
0.0
0.0
0.0
0.0
0.0
0.0
0.0
0.0
0.0
0.0
0.0
0.0
0.0
0.0
0.0
0.0
0.0
0.0
0.0
0.0
0.0
0.0
0.0
0.0
0.0
0.0
0.0
0.0
0.0
0.0
0.0
0.0
0.0
0.0
0.0
0.0
0.0
0.0
0.0
0.0
0.0
0.0
0.0
0.0
0.0
0.0
0.0
0.0
0.0
0.0
0.0
0.0
0.0
0.0
0.0
0.0
0.0
0.0
0.0
0.0
0.0
0.0
0.0
0.0
0.0
0.0
0.0
0.0
0.0
0.0
0.0
0.0
0.0
0.0
0.0
0.0
0.0
0.0
0.0
0.0
0.0
0.0
0.0
0.0
0.0
0.0
0.0
0.0
0.0
0.0
0.0
0.0
0.0
0.0
0.0
0.0
0.0
0.0
0.0
0.0
0.0
0.0
0.0
0.0
0.0
0.0
0.0
0.0
0.0
0.0
0.0
0.0
0.0
0.0
0.0
0.0
0.0
0.0
144422.0
0.0
0.0
0.0
0.0
0.0
0.0
0.0
0.0
0.0
0.0
0.0
0.0
0.0
144506.0
0.0
0.0
0.0
0.0
0.0
0.0
0.0
0.0
144590.0
144591.0
0.0
0.0
0.0
0.0
0.0
0.0
0.0
0.0
0.0
0.0
0.0
0.0
0.0
0.0
0.0
0.0
0.0
0.0
0.0
0.0
0.0
0.0
0.0
0.0
0.0
0.0
0.0
0.0
0.0
0.0
0.0
0.0
0.0
0.0
0.0
0.0
0.0
0.0
0.0
0.0
0.0
0.0
0.0
0.0
0.0
0.0
0.0
0.0
0.0
0.0
0.0
0.0
0.0
0.0
0.0
0.0
0.0
0.0
0.0
0.0
0.0
0.0
0.0
0.0
0.0
0.0
0.0
0.0
0.0
0.0
0.0
0.0
0.0
0.0
0.0
0.0
0.0
0.0
0.0
0.0
0.0
0.0
0.0
0.0
0.0
0.0
0.0
0.0
0.0
0.0
0.0
0.0
0.0
0.0
0.0
0.0
0.0
0.0
0.0
0.0
0.0
0.0
0.0
0.0
0.0
0.0
0.0
0.0
0.0
0.0
0.0
0.0
0.0
0.0
0.0
0.0
0.0
0.0
0.0
0.0
0.0
0.0
0.0
0.0
0.0
0.0
0.0
0.0
0.0
0.0
0.0
0.0
0.0
0.0
0.0
0.0
0.0
0.0
0.0
0.0
0.0
0.0
0.0
0.0
0.0
0.0
0.0
0.0
0.0
0.0
0.0
0.0
0.0
0.0
0.0
0.0
0.0
0.0
0.0
0.0
0.0
0.0
0.0
0.0
0.0
0.0
0.0
0.0
0.0
0.0
0.0
0.0
0.0
0.0
0.0
0.0
0.0
0.0
0.0
0.0
0.0
0.0
0.0
0.0
0.0
0.0
0.0
0.0
0.0
0.0
0.0
0.0
0.0
0.0
0.0
0.0
153242.0
0.0
0.0
0.0
0.0
0.0
0.0
0.0
0.0
0.0
0.0
0.0
0.0
0.0
0.0
0.0
0.0
0.0
153326.0
153327.0
0.0
0.0
0.0
0.0
0.0
0.0
0.0
0.0
0.0
0.0
0.0
153410.0
153411.0
0.0
0.0
0.0
0.0
0.0
0.0
0.0
0.0
0.0
0.0
0.0
0.0
153494.0
153495.0
0.0
0.0
0.0
0.0
0.0
0.0
0.0
0.0
153578.0
0.0
0.0
0.0
0.0
0.0
0.0
0.0
0.0
0.0
0.0
0.0
0.0
0.0
0.0
0.0
0.0
0.0
0.0
0.0
0.0
0.0
153747.0
0.0
0.0
0.0
0.0
0.0
0.0
0.0
0.0
0.0
0.0
0.0
153830.0
153831.0
153832.0
0.0
0.0
0.0
0.0
0.0
0.0
0.0
153914.0
153915.0
153916.0
0.0
0.0
0.0
0.0
0.0
153998.0
153999.0
154000.0
0.0
0.0
0.0
154083.0
0.0
0.0
0.0
0.0
154166.0
0.0
0.0
0.0
0.0
154250.0
0.0
0.0
0.0
0.0
0.0
0.0
0.0
0.0
0.0
0.0
0.0
0.0
0.0
0.0
0.0
0.0
0.0
0.0
0.0
0.0
0.0
0.0
0.0
0.0
0.0
0.0
0.0
0.0
0.0
0.0
0.0
0.0
0.0
0.0
0.0
0.0
0.0
0.0
0.0
0.0
0.0
0.0
0.0
0.0
0.0
0.0
0.0
0.0
0.0
0.0
0.0
0.0
0.0
0.0
0.0
0.0
0.0
0.0
0.0
0.0
0.0
0.0
0.0
0.0
0.0
0.0
0.0
0.0
0.0
0.0
0.0
0.0
0.0
0.0
0.0
0.0
0.0
0.0
0.0
0.0
0.0
0.0
0.0
0.0
0.0
0.0
0.0
0.0
0.0
0.0
0.0
0.0
0.0
0.0
0.0
0.0
0.0
0.0
0.0
0.0
0.0
0.0
0.0
0.0
0.0
0.0
0.0
0.0
0.0
0.0
0.0
0.0
0.0
0.0
0.0
0.0
0.0
0.0
0.0
0.0
0.0
0.0
0.0
0.0
0.0
0.0
0.0
0.0
0.0
0.0
0.0
0.0
0.0
0.0
0.0
0.0
0.0
0.0
0.0
0.0
0.0
0.0
0.0
0.0
0.0
0.0
0.0
0.0
0.0
0.0
0.0
0.0
0.0
0.0
0.0
0.0
0.0
0.0
0.0
0.0
0.0
0.0
0.0
0.0
0.0
0.0
162062.0
0.0
0.0
0.0
0.0
0.0
0.0
0.0
0.0
0.0
0.0
0.0
0.0
0.0
0.0
162146.0
0.0
0.0
0.0
0.0
0.0
0.0
0.0
0.0
0.0
0.0
0.0
0.0
0.0
0.0
0.0
162230.0
162231.0
0.0
0.0
0.0
0.0
0.0
0.0
0.0
0.0
0.0
0.0
0.0
162315.0
0.0
0.0
0.0
0.0
0.0
0.0
0.0
0.0
0.0
0.0
0.0
0.0
162398.0
162399.0
162400.0
0.0
0.0
0.0
0.0
0.0
0.0
0.0
0.0
0.0
0.0
0.0
0.0
0.0
0.0
0.0
0.0
162566.0
162567.0
0.0
0.0
0.0
0.0
0.0
0.0
0.0
0.0
0.0
0.0
0.0
162650.0
162651.0
162652.0
0.0
0.0
0.0
0.0
0.0
0.0
0.0
0.0
162734.0
162735.0
162736.0
162737.0
0.0
0.0
0.0
0.0
0.0
0.0
162818.0
162819.0
162820.0
162821.0
0.0
0.0
0.0
162902.0
162903.0
162904.0
162905.0
0.0
0.0
0.0
162985.0
162986.0
162987.0
162988.0
162989.0
0.0
0.0
0.0
163069.0
163070.0
163071.0
0.0
0.0
0.0
0.0
163153.0
163154.0
163155.0
0.0
0.0
0.0
0.0
163237.0
163238.0
0.0
0.0
0.0
0.0
0.0
0.0
0.0
0.0
0.0
0.0
0.0
0.0
0.0
0.0
0.0
0.0
0.0
0.0
0.0
0.0
0.0
0.0
0.0
0.0
0.0
0.0
0.0
0.0
0.0
0.0
0.0
0.0
0.0
0.0
0.0
0.0
0.0
0.0
0.0
0.0
0.0
0.0
0.0
0.0
0.0
0.0
0.0
0.0
0.0
0.0
0.0
0.0
0.0
0.0
0.0
0.0
0.0
0.0
0.0
0.0
0.0
0.0
0.0
0.0
0.0
0.0
0.0
0.0
0.0
0.0
0.0
0.0
0.0
0.0
0.0
0.0
0.0
0.0
0.0
0.0
0.0
0.0
0.0
0.0
0.0
0.0
0.0
0.0
0.0
0.0
0.0
0.0
0.0
0.0
0.0
0.0
0.0
0.0
0.0
0.0
0.0
0.0
0.0
0.0
0.0
0.0
0.0
0.0
0.0
0.0
0.0
0.0
0.0
0.0
0.0
0.0
0.0
0.0
0.0
0.0
0.0
0.0
0.0
0.0
0.0
0.0
0.0
0.0
0.0
0.0
0.0
0.0
0.0
0.0
0.0
0.0
0.0
0.0
0.0
0.0
0.0
0.0
0.0
0.0
0.0
0.0
0.0
0.0
0.0
0.0
0.0
0.0
0.0
0.0
0.0
0.0
0.0
0.0
0.0
0.0
0.0
0.0
0.0
0.0
0.0
0.0
0.0
0.0
0.0
0.0
0.0
0.0
0.0
0.0
0.0
0.0
0.0
0.0
0.0
0.0
0.0
0.0
0.0
0.0
0.0
0.0
170966.0
170967.0
0.0
0.0
0.0
0.0
0.0
0.0
0.0
0.0
0.0
0.0
0.0
0.0
171050.0
171051.0
0.0
0.0
0.0
0.0
0.0
0.0
0.0
0.0
0.0
0.0
0.0
0.0
0.0
0.0
171135.0
171136.0
0.0
0.0
0.0
0.0
0.0
0.0
0.0
0.0
0.0
0.0
171219.0
171220.0
0.0
0.0
0.0
0.0
0.0
0.0
0.0
0.0
0.0
0.0
171303.0
171304.0
0.0
0.0
0.0
0.0
0.0
0.0
0.0
0.0
0.0
171386.0
171387.0
0.0
0.0
0.0
0.0
0.0
0.0
0.0
0.0
0.0
171470.0
171471.0
171472.0
0.0
0.0
0.0
0.0
0.0
0.0
0.0
0.0
0.0
0.0
171554.0
171555.0
171556.0
171557.0
0.0
0.0
0.0
0.0
0.0
0.0
0.0
171638.0
171640.0
171641.0
0.0
0.0
0.0
0.0
171722.0
171725.0
0.0
0.0
0.0
0.0
171806.0
171808.0
171809.0
171810.0
0.0
0.0
0.0
171889.0
171890.0
171892.0
171893.0
171894.0
0.0
0.0
0.0
0.0
171975.0
171976.0
171977.0
0.0
0.0
0.0
0.0
172058.0
172059.0
172060.0
0.0
0.0
0.0
0.0
172141.0
172142.0
172143.0
0.0
0.0
0.0
0.0
0.0
172225.0
172226.0
172227.0
0.0
0.0
0.0
0.0
0.0
172309.0
172310.0
0.0
0.0
0.0
0.0
0.0
0.0
0.0
0.0
0.0
0.0
0.0
0.0
0.0
0.0
0.0
0.0
0.0
0.0
0.0
0.0
0.0
0.0
0.0
0.0
0.0
0.0
0.0
0.0
0.0
0.0
0.0
0.0
0.0
0.0
0.0
0.0
0.0
0.0
0.0
0.0
0.0
0.0
0.0
0.0
0.0
0.0
0.0
0.0
0.0
0.0
0.0
0.0
0.0
0.0
0.0
0.0
0.0
0.0
0.0
0.0
0.0
0.0
0.0
0.0
0.0
0.0
0.0
0.0
0.0
0.0
0.0
0.0
0.0
0.0
0.0
0.0
0.0
0.0
0.0
0.0
0.0
0.0
0.0
0.0
0.0
0.0
0.0
0.0
0.0
0.0
0.0
0.0
0.0
0.0
0.0
0.0
0.0
0.0
0.0
0.0
0.0
0.0
0.0
0.0
0.0
0.0
0.0
0.0
0.0
0.0
0.0
0.0
0.0
0.0
0.0
0.0
0.0
0.0
0.0
0.0
0.0
0.0
0.0
0.0
0.0
0.0
0.0
0.0
0.0
0.0
0.0
0.0
0.0
0.0
0.0
0.0
0.0
0.0
0.0
0.0
0.0
0.0
0.0
0.0
0.0
0.0
0.0
0.0
0.0
179618.0
0.0
0.0
0.0
0.0
0.0
0.0
0.0
0.0
0.0
0.0
0.0
0.0
0.0
0.0
0.0
0.0
0.0
0.0
0.0
0.0
0.0
0.0
0.0
0.0
0.0
0.0
0.0
0.0
0.0
0.0
0.0
0.0
0.0
0.0
0.0
0.0
0.0
0.0
0.0
0.0
0.0
0.0
0.0
0.0
0.0
0.0
0.0
0.0
0.0
0.0
0.0
0.0
0.0
0.0
0.0
0.0
0.0
179955.0
179956.0
0.0
0.0
0.0
0.0
0.0
0.0
0.0
0.0
0.0
0.0
0.0
0.0
0.0
180039.0
180040.0
180041.0
0.0
0.0
0.0
0.0
0.0
0.0
0.0
0.0
0.0
0.0
0.0
180123.0
180124.0
0.0
0.0
0.0
0.0
0.0
0.0
0.0
0.0
0.0
0.0
180207.0
180208.0
0.0
0.0
0.0
0.0
0.0
0.0
0.0
0.0
0.0
0.0
0.0
0.0
180290.0
180291.0
180292.0
0.0
0.0
0.0
0.0
0.0
0.0
0.0
0.0
0.0
180374.0
180375.0
180376.0
180377.0
0.0
0.0
0.0
0.0
0.0
0.0
0.0
180458.0
180459.0
180460.0
0.0
0.0
0.0
0.0
0.0
180542.0
180543.0
0.0
0.0
0.0
0.0
0.0
180626.0
180627.0
0.0
0.0
0.0
0.0
180709.0
180710.0
180711.0
0.0
0.0
0.0
0.0
0.0
0.0
180797.0
0.0
0.0
0.0
0.0
0.0
0.0
180880.0
180881.0
0.0
0.0
0.0
0.0
0.0
0.0
180963.0
180964.0
180965.0
0.0
0.0
0.0
0.0
181045.0
181046.0
181047.0
181048.0
181049.0
0.0
0.0
0.0
0.0
181129.0
181130.0
181131.0
181132.0
181133.0
0.0
0.0
0.0
181213.0
181214.0
181215.0
181216.0
0.0
0.0
0.0
0.0
181297.0
181298.0
181299.0
181300.0
0.0
0.0
0.0
181381.0
181382.0
0.0
0.0
0.0
0.0
0.0
0.0
0.0
181467.0
0.0
0.0
0.0
0.0
0.0
0.0
0.0
0.0
0.0
0.0
0.0
0.0
0.0
0.0
0.0
0.0
0.0
0.0
0.0
0.0
0.0
0.0
0.0
0.0
0.0
0.0
0.0
0.0
0.0
0.0
0.0
0.0
0.0
0.0
0.0
0.0
0.0
0.0
0.0
0.0
0.0
0.0
0.0
0.0
0.0
0.0
0.0
0.0
188027.0
0.0
0.0
0.0
0.0
0.0
0.0
0.0
0.0
0.0
0.0
0.0
0.0
188111.0
0.0
0.0
0.0
0.0
0.0
0.0
0.0
0.0
0.0
0.0
0.0
0.0
0.0
0.0
0.0
0.0
0.0
0.0
0.0
0.0
0.0
0.0
0.0
0.0
0.0
0.0
0.0
0.0
0.0
0.0
0.0
0.0
0.0
0.0
0.0
0.0
0.0
0.0
0.0
0.0
0.0
0.0
0.0
0.0
0.0
0.0
0.0
0.0
0.0
0.0
0.0
0.0
0.0
0.0
0.0
0.0
0.0
0.0
0.0
0.0
0.0
0.0
0.0
0.0
188522.0
188523.0
0.0
0.0
0.0
0.0
0.0
0.0
0.0
0.0
0.0
0.0
0.0
0.0
0.0
0.0
0.0
0.0
0.0
0.0
0.0
0.0
0.0
0.0
0.0
0.0
0.0
0.0
0.0
0.0
0.0
0.0
0.0
0.0
0.0
0.0
0.0
0.0
0.0
0.0
0.0
0.0
188775.0
0.0
0.0
0.0
0.0
0.0
0.0
0.0
0.0
0.0
0.0
0.0
0.0
0.0
0.0
0.0
188858.0
188859.0
188860.0
0.0
0.0
0.0
0.0
0.0
0.0
0.0
0.0
0.0
0.0
0.0
0.0
0.0
188943.0
188944.0
0.0
0.0
0.0
0.0
0.0
0.0
0.0
0.0
0.0
0.0
0.0
0.0
0.0
189026.0
189027.0
0.0
0.0
0.0
0.0
0.0
0.0
0.0
0.0
0.0
0.0
0.0
0.0
189110.0
189111.0
0.0
0.0
0.0
0.0
0.0
0.0
0.0
0.0
0.0
0.0
0.0
189194.0
189195.0
189196.0
0.0
0.0
0.0
0.0
0.0
0.0
0.0
0.0
189278.0
189279.0
189280.0
0.0
0.0
0.0
0.0
0.0
0.0
0.0
0.0
189363.0
0.0
0.0
0.0
0.0
189446.0
189447.0
0.0
0.0
0.0
0.0
189530.0
189531.0
0.0
0.0
0.0
189614.0
189615.0
0.0
0.0
0.0
0.0
0.0
0.0
0.0
0.0
0.0
0.0
189785.0
0.0
0.0
0.0
0.0
0.0
0.0
0.0
189869.0
0.0
0.0
0.0
189949.0
189950.0
189952.0
189953.0
0.0
0.0
0.0
190033.0
190034.0
190036.0
190037.0
0.0
0.0
0.0
190117.0
190118.0
190119.0
190120.0
190121.0
190122.0
0.0
190201.0
190202.0
190203.0
190204.0
190205.0
190206.0
0.0
0.0
0.0
0.0
190288.0
190289.0
190290.0
0.0
190371.0
190372.0
190373.0
0.0
0.0
190456.0
190457.0
0.0
0.0
0.0
190540.0
190541.0
0.0
0.0
0.0
0.0
0.0
0.0
0.0
0.0
0.0
0.0
0.0
0.0
0.0
0.0
0.0
0.0
0.0
0.0
0.0
0.0
191464.0
0.0
0.0
191545.0
191546.0
191547.0
191548.0
191549.0
191629.0
191630.0
191631.0
191632.0
191714.0
191715.0
0.0
0.0
0.0
0.0
0.0
0.0
0.0
0.0
0.0
0.0
0.0
0.0
0.0
0.0
0.0
0.0
0.0
196846.0
0.0
0.0
0.0
0.0
0.0
0.0
0.0
0.0
0.0
0.0
0.0
0.0
0.0
0.0
196929.0
196930.0
196931.0
0.0
0.0
0.0
0.0
0.0
0.0
0.0
0.0
0.0
0.0
0.0
197014.0
197015.0
0.0
0.0
0.0
0.0
0.0
0.0
0.0
0.0
0.0
0.0
0.0
0.0
197098.0
197099.0
0.0
0.0
0.0
0.0
0.0
0.0
0.0
0.0
0.0
0.0
0.0
0.0
0.0
0.0
0.0
0.0
0.0
0.0
0.0
0.0
0.0
0.0
0.0
0.0
0.0
0.0
0.0
0.0
0.0
0.0
0.0
0.0
0.0
0.0
0.0
0.0
0.0
0.0
0.0
0.0
0.0
0.0
0.0
0.0
0.0
0.0
197426.0
197427.0
0.0
0.0
0.0
0.0
0.0
0.0
0.0
0.0
0.0
0.0
0.0
0.0
0.0
197511.0
0.0
0.0
0.0
0.0
0.0
0.0
0.0
0.0
0.0
0.0
0.0
0.0
0.0
197595.0
0.0
0.0
0.0
0.0
0.0
0.0
0.0
0.0
0.0
0.0
0.0
0.0
197678.0
197679.0
0.0
0.0
0.0
0.0
0.0
0.0
0.0
0.0
0.0
0.0
0.0
197762.0
197763.0
197764.0
0.0
0.0
0.0
0.0
0.0
0.0
0.0
0.0
0.0
0.0
0.0
197846.0
197847.0
197848.0
197849.0
0.0
0.0
0.0
0.0
0.0
0.0
0.0
0.0
0.0
0.0
197930.0
197931.0
197932.0
0.0
0.0
0.0
0.0
0.0
0.0
0.0
0.0
0.0
0.0
198014.0
198015.0
0.0
0.0
0.0
0.0
0.0
0.0
0.0
198098.0
198099.0
0.0
0.0
0.0
0.0
0.0
0.0
198182.0
0.0
0.0
0.0
0.0
198434.0
0.0
198518.0
198519.0
0.0
0.0
0.0
0.0
0.0
0.0
0.0
0.0
0.0
198854.0
0.0
0.0
198938.0
198939.0
199021.0
199022.0
0.0
0.0
0.0
0.0
0.0
0.0
0.0
0.0
0.0
0.0
0.0
0.0
0.0
0.0
0.0
0.0
0.0
0.0
0.0
0.0
0.0
0.0
0.0
0.0
0.0
0.0
0.0
0.0
0.0
0.0
0.0
0.0
0.0
0.0
0.0
0.0
0.0
0.0
200197.0
0.0
0.0
0.0
0.0
0.0
200280.0
200283.0
0.0
0.0
0.0
0.0
200365.0
200366.0
200367.0
200368.0
0.0
0.0
200448.0
200449.0
200450.0
200451.0
200452.0
200453.0
0.0
200532.0
200533.0
200534.0
200535.0
200536.0
200537.0
200616.0
200617.0
200618.0
200619.0
200620.0
200701.0
200702.0
200703.0
200785.0
200786.0
200787.0
200870.0
0.0
0.0
0.0
0.0
0.0
0.0
0.0
0.0
0.0
0.0
0.0
0.0
205746.0
205747.0
205749.0
205750.0
0.0
0.0
0.0
0.0
0.0
0.0
0.0
0.0
0.0
0.0
0.0
0.0
0.0
205831.0
205833.0
205834.0
0.0
0.0
0.0
0.0
0.0
0.0
0.0
0.0
0.0
0.0
0.0
0.0
205917.0
205918.0
0.0
0.0
0.0
0.0
0.0
0.0
0.0
0.0
0.0
0.0
0.0
0.0
206001.0
206002.0
206003.0
0.0
0.0
0.0
0.0
0.0
0.0
0.0
0.0
0.0
0.0
0.0
0.0
0.0
0.0
0.0
0.0
0.0
0.0
0.0
0.0
0.0
0.0
0.0
206246.0
206247.0
0.0
0.0
0.0
0.0
206330.0
206331.0
0.0
0.0
0.0
206415.0
206416.0
206417.0
0.0
0.0
0.0
206498.0
206499.0
206500.0
206501.0
0.0
0.0
0.0
0.0
0.0
0.0
0.0
0.0
206582.0
206583.0
0.0
0.0
0.0
0.0
0.0
0.0
0.0
0.0
206666.0
206667.0
206668.0
0.0
0.0
0.0
0.0
0.0
0.0
0.0
0.0
206750.0
206751.0
206752.0
0.0
0.0
0.0
0.0
0.0
0.0
206834.0
206835.0
0.0
0.0
0.0
0.0
206918.0
206919.0
0.0
0.0
0.0
207002.0
207003.0
207086.0
207087.0
0.0
0.0
0.0
0.0
0.0
0.0
0.0
0.0
207422.0
0.0
0.0
0.0
0.0
0.0
0.0
207758.0
0.0
0.0
0.0
207842.0
207843.0
0.0
207926.0
0.0
0.0
0.0
0.0
0.0
0.0
0.0
0.0
0.0
0.0
0.0
0.0
0.0
0.0
0.0
0.0
0.0
0.0
0.0
0.0
0.0
0.0
0.0
0.0
0.0
0.0
0.0
0.0
0.0
0.0
0.0
0.0
0.0
0.0
0.0
0.0
0.0
0.0
0.0
0.0
0.0
0.0
0.0
0.0
0.0
0.0
0.0
0.0
0.0
0.0
0.0
0.0
0.0
0.0
0.0
0.0
0.0
209098.0
209101.0
209102.0
0.0
0.0
0.0
0.0
0.0
209185.0
209186.0
209187.0
0.0
0.0
0.0
209267.0
209268.0
209269.0
209270.0
209271.0
209272.0
209273.0
0.0
209350.0
209351.0
209352.0
209353.0
209354.0
209355.0
209356.0
209357.0
0.0
209436.0
209437.0
0.0
209439.0
209440.0
209441.0
209520.0
0.0
209522.0
209523.0
209524.0
209605.0
209606.0
209607.0
209689.0
209690.0
209691.0
209774.0
0.0
0.0
0.0
0.0
0.0
0.0
214568.0
0.0
0.0
0.0
0.0
0.0
0.0
0.0
0.0
0.0
0.0
0.0
0.0
0.0
214650.0
214651.0
214652.0
214653.0
0.0
0.0
0.0
0.0
0.0
0.0
0.0
0.0
0.0
0.0
0.0
0.0
214734.0
214735.0
214736.0
214737.0
214738.0
214739.0
0.0
0.0
0.0
0.0
0.0
0.0
0.0
0.0
0.0
0.0
0.0
214821.0
214822.0
214823.0
214824.0
0.0
0.0
0.0
0.0
0.0
0.0
0.0
0.0
0.0
0.0
214905.0
214906.0
0.0
0.0
0.0
0.0
0.0
0.0
0.0
0.0
0.0
0.0
214989.0
214990.0
214991.0
0.0
0.0
0.0
0.0
0.0
0.0
0.0
215074.0
215151.0
215152.0
0.0
0.0
215234.0
215235.0
215236.0
215319.0
215320.0
215321.0
0.0
215404.0
0.0
0.0
0.0
215486.0
0.0
0.0
0.0
0.0
0.0
215570.0
215571.0
0.0
0.0
215654.0
215655.0
215738.0
0.0
215906.0
215907.0
0.0
0.0
0.0
215990.0
215991.0
0.0
0.0
0.0
0.0
0.0
0.0
0.0
0.0
0.0
0.0
0.0
0.0
0.0
0.0
0.0
0.0
0.0
0.0
0.0
0.0
0.0
0.0
0.0
0.0
0.0
0.0
0.0
0.0
0.0
0.0
0.0
0.0
0.0
0.0
0.0
0.0
0.0
0.0
0.0
0.0
0.0
0.0
0.0
0.0
0.0
0.0
0.0
0.0
0.0
0.0
0.0
0.0
0.0
0.0
0.0
0.0
0.0
0.0
0.0
0.0
0.0
0.0
0.0
0.0
0.0
0.0
0.0
0.0
0.0
0.0
0.0
0.0
0.0
0.0
0.0
0.0
217923.0
0.0
0.0
0.0
0.0
0.0
0.0
218006.0
218007.0
218008.0
218009.0
0.0
0.0
218089.0
218090.0
218091.0
218092.0
218093.0
218170.0
218171.0
218172.0
218173.0
218174.0
218175.0
218176.0
218177.0
218254.0
218255.0
218256.0
0.0
218258.0
218259.0
218260.0
0.0
0.0
0.0
0.0
218344.0
0.0
0.0
0.0
218427.0
0.0
218510.0
218511.0
218594.0
0.0
0.0
0.0
0.0
0.0
0.0
0.0
0.0
0.0
0.0
0.0
0.0
0.0
0.0
0.0
223388.0
223389.0
223390.0
0.0
0.0
0.0
0.0
0.0
0.0
0.0
0.0
0.0
223472.0
223473.0
0.0
0.0
0.0
0.0
0.0
0.0
0.0
0.0
0.0
0.0
0.0
0.0
0.0
223555.0
223556.0
223557.0
0.0
0.0
0.0
0.0
0.0
0.0
0.0
0.0
0.0
0.0
0.0
0.0
223637.0
223638.0
223639.0
223640.0
223641.0
223642.0
223643.0
223644.0
0.0
0.0
0.0
0.0
0.0
0.0
0.0
0.0
0.0
223722.0
223723.0
223725.0
223726.0
223727.0
223728.0
0.0
0.0
0.0
0.0
0.0
0.0
0.0
0.0
223809.0
223810.0
223811.0
0.0
0.0
0.0
0.0
0.0
0.0
0.0
223893.0
223894.0
223895.0
0.0
0.0
0.0
0.0
0.0
0.0
0.0
0.0
0.0
223978.0
223979.0
224055.0
224056.0
0.0
0.0
224139.0
224140.0
224141.0
224223.0
224224.0
224225.0
0.0
0.0
0.0
0.0
0.0
0.0
0.0
0.0
0.0
0.0
0.0
0.0
0.0
0.0
0.0
0.0
0.0
0.0
0.0
0.0
0.0
0.0
0.0
0.0
0.0
0.0
0.0
0.0
0.0
0.0
0.0
0.0
0.0
0.0
0.0
0.0
0.0
0.0
0.0
0.0
0.0
0.0
0.0
0.0
0.0
0.0
0.0
0.0
0.0
0.0
0.0
0.0
0.0
0.0
0.0
0.0
0.0
0.0
0.0
0.0
0.0
0.0
0.0
0.0
0.0
0.0
0.0
0.0
0.0
0.0
0.0
0.0
0.0
0.0
0.0
0.0
0.0
0.0
0.0
0.0
0.0
0.0
0.0
0.0
0.0
0.0
0.0
0.0
0.0
0.0
0.0
0.0
0.0
0.0
0.0
0.0
0.0
0.0
0.0
226911.0
0.0
226993.0
226994.0
226995.0
0.0
227077.0
227078.0
227079.0
227158.0
227159.0
227160.0
0.0
227162.0
227243.0
227244.0
0.0
0.0
0.0
0.0
0.0
0.0
0.0
0.0
0.0
0.0
0.0
232208.0
0.0
0.0
0.0
0.0
0.0
0.0
232291.0
232292.0
232293.0
0.0
0.0
0.0
0.0
0.0
0.0
0.0
0.0
0.0
232375.0
232376.0
232377.0
232378.0
0.0
0.0
0.0
0.0
0.0
0.0
0.0
0.0
0.0
0.0
0.0
232458.0
232459.0
232460.0
232461.0
232462.0
232463.0
0.0
0.0
0.0
0.0
0.0
0.0
232542.0
232543.0
232544.0
232545.0
232546.0
0.0
0.0
0.0
0.0
0.0
0.0
0.0
0.0
0.0
0.0
0.0
232626.0
232627.0
232628.0
232629.0
232630.0
232631.0
232632.0
0.0
0.0
0.0
0.0
0.0
0.0
0.0
0.0
0.0
232710.0
232711.0
232714.0
232715.0
232716.0
0.0
0.0
0.0
0.0
0.0
0.0
0.0
0.0
232798.0
232799.0
232800.0
0.0
0.0
0.0
0.0
0.0
0.0
0.0
0.0
232882.0
232883.0
0.0
0.0
232960.0
0.0
0.0
233043.0
233044.0
233045.0
233046.0
0.0
233128.0
233129.0
0.0
0.0
0.0
0.0
0.0
0.0
0.0
0.0
0.0
0.0
0.0
0.0
0.0
0.0
0.0
0.0
0.0
0.0
0.0
0.0
0.0
0.0
0.0
0.0
0.0
0.0
0.0
0.0
0.0
0.0
0.0
0.0
0.0
0.0
0.0
0.0
0.0
0.0
0.0
0.0
0.0
0.0
0.0
0.0
0.0
0.0
0.0
0.0
0.0
0.0
0.0
0.0
0.0
0.0
0.0
0.0
0.0
0.0
0.0
0.0
0.0
0.0
0.0
0.0
0.0
0.0
0.0
0.0
0.0
0.0
0.0
0.0
0.0
0.0
235895.0
235979.0
236063.0
236147.0
236148.0
0.0
0.0
0.0
0.0
241195.0
241196.0
0.0
0.0
0.0
0.0
0.0
0.0
241279.0
0.0
0.0
0.0
0.0
0.0
0.0
0.0
0.0
0.0
241363.0
241364.0
241365.0
241366.0
241367.0
0.0
0.0
0.0
0.0
0.0
0.0
0.0
241445.0
241446.0
241447.0
241448.0
241449.0
241450.0
241451.0
0.0
0.0
0.0
0.0
0.0
0.0
0.0
0.0
241529.0
241530.0
241531.0
241532.0
241533.0
241534.0
241535.0
0.0
0.0
0.0
0.0
0.0
0.0
0.0
0.0
0.0
0.0
0.0
241614.0
241615.0
241618.0
241619.0
241620.0
0.0
0.0
0.0
0.0
0.0
0.0
0.0
241702.0
241703.0
241704.0
0.0
0.0
0.0
0.0
0.0
0.0
0.0
0.0
0.0
0.0
0.0
0.0
0.0
0.0
0.0
0.0
0.0
0.0
0.0
0.0
0.0
0.0
0.0
0.0
0.0
0.0
0.0
0.0
0.0
0.0
0.0
0.0
0.0
0.0
0.0
0.0
0.0
0.0
0.0
0.0
0.0
0.0
0.0
0.0
0.0
0.0
0.0
0.0
0.0
0.0
0.0
0.0
0.0
0.0
0.0
0.0
0.0
0.0
0.0
0.0
0.0
0.0
0.0
0.0
0.0
0.0
0.0
0.0
0.0
0.0
0.0
0.0
0.0
0.0
0.0
0.0
0.0
0.0
0.0
0.0
0.0
0.0
0.0
0.0
250268.0
250271.0
0.0
250350.0
250351.0
250352.0
250353.0
250354.0
250355.0
0.0
0.0
250433.0
250434.0
250435.0
250436.0
250437.0
250439.0
0.0
0.0
0.0
0.0
0.0
0.0
250518.0
250519.0
250523.0
250524.0
0.0
0.0
0.0
250607.0
0.0
0.0
0.0
0.0
0.0
0.0
0.0
0.0
0.0
0.0
0.0
0.0
0.0
0.0
0.0
0.0
0.0
0.0
0.0
0.0
0.0
0.0
0.0
0.0
0.0
0.0
0.0
0.0
0.0
0.0
0.0
0.0
0.0
0.0
0.0
0.0
0.0
0.0
0.0
0.0
0.0
0.0
0.0
0.0
0.0
0.0
0.0
0.0
0.0
0.0
0.0
0.0
0.0
0.0
0.0
0.0
0.0
0.0
0.0
0.0
0.0
0.0
0.0
0.0
0.0
0.0
0.0
0.0
0.0
0.0
0.0
0.0
0.0
0.0
0.0
0.0
0.0
0.0
0.0
0.0
0.0
0.0
0.0
0.0
0.0
0.0
0.0
0.0
0.0
259344.0
0.0
0.0
0.0
259427.0
259428.0
0.0
0.0
0.0
0.0
0.0
0.0
0.0
0.0
0.0
0.0
0.0
0.0
0.0
0.0
0.0
0.0
0.0
0.0
0.0
0.0
0.0
0.0
0.0
0.0
0.0
0.0
0.0
0.0
0.0
0.0
0.0
0.0
0.0
0.0
0.0
0.0
0.0
0.0
0.0
0.0
0.0
0.0
0.0
0.0
0.0
0.0
0.0
0.0
0.0
0.0
0.0
0.0
0.0
0.0
0.0
0.0
0.0
0.0
0.0
0.0
0.0
0.0
0.0
0.0
0.0
0.0
0.0
0.0
0.0
0.0
0.0
0.0
0.0
0.0
0.0
0.0
0.0
0.0
0.0
0.0
0.0
0.0
0.0
0.0
0.0
0.0
0.0
0.0
0.0
0.0
0.0
0.0
0.0
0.0
0.0
0.0
0.0
0.0
0.0
0.0
0.0
0.0
0.0
0.0
0.0
0.0
0.0
0.0
0.0
0.0
0.0
0.0
0.0
0.0
0.0
0.0
0.0
0.0
0.0
0.0
0.0
0.0
0.0
0.0
0.0
0.0
0.0
0.0
0.0
0.0
0.0
0.0
0.0
0.0
0.0
0.0
0.0
0.0
0.0
0.0
0.0
0.0
0.0
0.0
0.0
0.0
0.0
0.0
0.0
0.0
0.0
0.0
0.0
0.0
0.0
0.0
0.0
0.0
0.0
0.0
0.0
0.0
0.0
0.0
0.0
0.0
0.0
0.0
0.0
0.0
0.0
0.0
0.0
0.0
0.0
0.0
0.0
0.0
0.0
0.0
0.0
0.0
0.0
0.0
0.0
0.0
0.0
0.0
0.0
0.0
0.0
0.0
0.0
0.0
0.0
0.0
0.0
0.0
0.0
0.0
0.0
0.0
0.0
0.0
0.0
0.0
0.0
0.0
0.0
0.0
0.0
0.0
0.0
0.0
0.0
0.0
0.0
0.0
0.0
0.0
0.0
0.0
0.0
0.0
0.0
0.0
0.0
0.0
0.0
0.0
0.0
0.0
0.0
0.0
0.0
0.0
0.0
0.0
0.0
0.0
0.0
0.0
0.0
0.0
0.0
0.0
0.0
0.0
0.0
0.0
0.0
0.0
0.0
0.0
0.0
0.0
0.0
0.0
0.0
0.0
0.0
0.0
0.0
0.0
0.0
0.0
0.0
0.0
0.0
0.0
0.0
0.0
0.0
0.0
0.0
0.0
0.0
0.0
0.0
0.0
0.0
0.0
0.0
0.0
0.0
0.0
0.0
0.0
0.0
0.0
0.0
0.0
0.0
0.0
0.0
0.0
0.0
0.0
0.0
0.0
0.0
0.0
0.0
0.0
0.0
0.0
0.0
0.0
0.0
0.0
0.0
0.0
0.0
0.0
0.0
0.0
0.0
0.0
0.0
0.0
0.0
0.0
0.0
0.0
0.0
0.0
0.0
0.0
0.0
0.0
0.0
0.0
0.0
0.0
0.0
0.0
0.0
0.0
0.0
0.0
0.0
0.0
0.0
0.0
0.0
0.0
0.0
0.0
0.0
0.0
0.0
0.0
0.0
0.0
0.0
0.0
0.0
0.0
0.0
0.0
0.0
0.0
0.0
0.0
0.0
0.0
0.0
0.0
0.0
0.0
0.0
0.0
0.0
0.0
0.0
0.0
0.0
0.0
0.0
0.0
0.0
0.0
0.0
0.0
0.0
0.0
0.0
0.0
0.0
0.0
0.0
0.0
0.0
0.0
0.0
0.0
0.0
0.0
0.0
0.0
0.0
0.0
0.0
0.0
0.0
0.0
0.0
0.0
0.0
0.0
0.0
0.0
0.0
0.0
0.0
0.0
0.0
0.0
0.0
0.0
0.0
0.0
0.0
0.0
0.0
0.0
0.0
0.0
0.0
0.0
0.0
0.0
0.0
0.0
0.0
0.0
0.0
0.0
0.0
0.0
0.0
0.0
0.0
0.0
0.0
0.0
0.0
0.0
0.0
0.0
0.0
0.0
0.0
0.0
0.0
0.0
0.0
0.0
0.0
0.0
0.0
0.0
0.0
0.0
0.0
0.0
0.0
0.0
0.0
0.0
0.0
0.0
0.0
0.0
0.0
0.0
0.0
0.0
0.0
0.0
0.0
0.0
0.0
0.0
0.0
0.0
0.0
0.0
0.0
0.0
0.0
0.0
0.0
0.0
0.0
0.0
0.0
0.0
0.0
0.0
0.0
0.0
0.0
0.0
0.0
0.0
0.0
0.0
0.0
0.0
0.0
0.0
0.0
0.0
0.0
0.0
0.0
0.0
0.0
0.0
0.0
0.0
0.0
0.0
0.0
0.0
0.0
0.0
0.0
0.0
0.0
0.0
0.0
0.0
0.0
0.0
0.0
0.0
0.0
0.0
0.0
0.0
0.0
0.0
0.0
0.0
0.0
0.0
0.0
0.0
0.0
0.0
0.0
0.0
0.0
0.0
0.0
0.0
0.0
0.0
0.0
0.0
0.0
0.0
0.0
0.0
0.0
0.0
0.0
0.0
0.0
0.0
0.0
0.0
0.0
0.0
0.0
0.0
0.0
0.0
0.0
0.0
0.0
0.0
0.0
0.0
0.0
0.0
0.0
0.0
0.0
0.0
0.0
0.0
0.0
0.0
0.0
0.0
0.0
0.0
0.0
0.0
0.0
0.0
0.0
0.0
0.0
0.0
0.0
0.0
0.0
0.0
0.0
0.0
0.0
0.0
0.0
0.0
0.0
0.0
0.0
0.0
0.0
0.0
0.0
0.0
0.0
0.0
0.0
0.0
0.0
0.0
0.0
0.0
0.0
0.0
0.0
0.0
0.0
0.0
0.0
0.0
0.0
0.0
0.0
0.0
0.0
0.0
0.0
0.0
0.0
0.0
0.0
0.0
0.0
0.0
0.0
0.0
0.0
0.0
0.0
0.0
0.0
0.0
0.0
0.0
0.0
0.0
0.0
0.0
0.0
0.0
0.0
0.0
0.0
0.0
0.0
0.0
0.0
0.0
0.0
0.0
0.0
0.0
0.0
0.0
0.0
0.0
0.0
0.0
0.0
0.0
0.0
0.0
0.0
0.0
0.0
0.0
0.0
0.0
0.0
0.0
0.0
0.0
0.0
0.0
0.0
0.0
0.0
0.0
0.0
0.0
0.0
0.0
0.0
0.0
0.0
0.0
0.0
0.0
0.0
0.0
0.0
0.0
0.0
0.0
0.0
0.0
0.0
0.0
0.0
0.0
0.0
0.0
0.0
0.0
0.0
0.0
0.0
0.0
0.0
0.0
0.0
0.0
0.0
0.0
0.0
0.0
0.0
0.0
0.0
0.0
0.0
0.0
0.0
0.0
0.0
0.0
0.0
0.0
0.0
0.0
0.0
0.0
0.0
0.0
0.0
0.0
0.0
0.0
0.0
0.0
0.0
0.0
0.0
0.0
0.0
0.0
0.0
0.0
0.0
0.0
0.0
0.0
0.0
0.0
0.0
0.0
0.0
0.0
0.0
0.0
0.0
0.0
0.0
0.0
0.0
0.0
0.0
0.0
0.0
0.0
0.0
0.0
0.0
0.0
0.0
0.0
0.0
0.0
0.0
0.0
0.0
0.0
0.0
0.0
0.0
0.0
0.0
0.0
0.0
0.0
0.0
0.0
0.0
0.0
0.0
0.0
0.0
0.0
0.0
0.0
0.0
0.0
0.0
0.0
0.0
0.0
0.0
0.0
0.0
0.0
0.0
0.0
0.0
0.0
0.0
0.0
0.0
0.0
0.0
0.0
0.0
0.0
0.0
0.0
0.0
0.0
0.0
0.0
0.0
0.0
0.0
0.0
0.0
0.0
0.0
0.0
0.0
0.0
0.0
0.0
0.0
0.0
0.0
0.0
0.0
0.0
0.0
0.0
0.0
0.0
0.0
0.0
0.0
0.0
0.0
0.0
0.0
0.0
0.0
0.0
0.0
0.0
0.0
0.0
0.0
0.0
0.0
0.0
0.0
0.0
0.0
0.0
0.0
0.0
0.0
0.0
0.0
0.0
0.0
0.0
0.0
0.0
0.0
0.0
0.0
0.0
0.0
0.0
0.0
0.0
0.0
0.0
0.0
0.0
0.0
0.0
0.0
0.0
0.0
0.0
0.0
0.0
0.0
0.0
0.0
0.0
0.0
0.0
0.0
0.0
0.0
0.0
0.0
0.0
0.0
0.0
0.0
0.0
0.0
0.0
0.0
0.0
0.0
0.0
0.0
0.0
0.0
0.0
0.0
0.0
0.0
0.0
0.0
0.0
0.0
0.0
0.0
0.0
0.0
0.0
0.0
0.0
0.0
0.0
0.0
0.0
0.0
0.0
0.0
0.0
0.0
0.0
0.0
0.0
0.0
0.0
0.0
0.0
0.0
0.0
0.0
0.0
0.0
0.0
0.0
0.0
0.0
0.0
0.0
0.0
0.0
0.0
0.0
0.0
0.0
0.0
0.0
0.0
0.0
0.0
0.0
0.0
0.0
0.0
0.0
0.0
0.0
0.0
0.0
0.0
0.0
0.0
0.0
0.0
0.0
0.0
0.0
0.0
0.0
0.0
0.0
0.0
0.0
0.0
0.0
0.0
0.0
0.0
0.0
0.0
0.0
0.0
0.0
0.0
0.0
0.0
0.0
0.0
0.0
0.0
0.0
0.0
0.0
0.0
0.0
0.0
0.0
0.0
0.0
0.0
0.0
0.0
0.0
0.0
0.0
0.0
0.0
0.0
0.0
0.0
0.0
0.0
0.0
0.0
0.0
0.0
0.0
0.0
0.0
0.0
0.0
0.0
0.0
0.0
0.0
0.0
0.0
0.0
0.0
0.0
0.0
0.0
0.0
0.0
0.0
0.0
0.0
0.0
0.0
0.0
0.0
0.0
0.0
0.0
0.0
0.0
0.0
0.0
0.0
0.0
0.0
0.0
0.0
0.0
0.0
0.0
0.0
0.0
0.0
0.0
0.0
0.0
0.0
0.0
0.0
0.0
0.0
0.0
0.0
0.0
0.0
0.0
0.0
0.0
0.0
0.0
0.0
0.0
0.0
0.0
0.0
0.0
0.0
0.0
0.0
0.0
0.0
0.0
0.0
0.0
0.0
0.0
0.0
0.0
0.0
0.0
0.0
0.0
0.0
0.0
0.0
0.0
0.0
0.0
0.0
0.0
0.0
0.0
0.0
0.0
0.0
0.0
0.0
0.0
0.0
464716.0
464800.0
0.0
464884.0
0.0
0.0
0.0
0.0
0.0
0.0
0.0
0.0
0.0
0.0
0.0
0.0
0.0
0.0
0.0
0.0
0.0
0.0
0.0
0.0
0.0
0.0
0.0
0.0
0.0
0.0
0.0
0.0
0.0
0.0
0.0
0.0
0.0
0.0
0.0
0.0
0.0
0.0
0.0
0.0
0.0
0.0
0.0
0.0
0.0
0.0
0.0
0.0
0.0
0.0
0.0
0.0
0.0
0.0
0.0
0.0
0.0
0.0
0.0
0.0
0.0
0.0
0.0
0.0
0.0
0.0
0.0
0.0
0.0
0.0
0.0
0.0
0.0
0.0
0.0
0.0
0.0
0.0
0.0
0.0
0.0
472702.0
472703.0
472704.0
472783.0
472784.0
472787.0
472788.0
472866.0
472867.0
472871.0
472949.0
472950.0
473033.0
473034.0
0.0
0.0
473620.0
0.0
473704.0
473788.0
473789.0
0.0
0.0
0.0
0.0
0.0
0.0
0.0
0.0
0.0
0.0
0.0
0.0
0.0
0.0
0.0
0.0
0.0
0.0
0.0
0.0
0.0
0.0
0.0
0.0
0.0
0.0
0.0
0.0
0.0
0.0
0.0
0.0
0.0
0.0
0.0
0.0
0.0
0.0
0.0
0.0
0.0
0.0
0.0
0.0
0.0
0.0
0.0
0.0
0.0
0.0
0.0
0.0
0.0
0.0
0.0
0.0
0.0
0.0
0.0
0.0
0.0
0.0
0.0
0.0
0.0
0.0
0.0
0.0
0.0
0.0
0.0
0.0
0.0
0.0
0.0
0.0
0.0
0.0
0.0
0.0
0.0
0.0
0.0
0.0
0.0
0.0
0.0
0.0
0.0
0.0
476807.0
481522.0
481604.0
481605.0
481606.0
481607.0
481608.0
481609.0
481687.0
481688.0
481689.0
481690.0
481691.0
481692.0
481770.0
481771.0
481772.0
481773.0
481774.0
481775.0
481776.0
481853.0
481854.0
481855.0
481856.0
481857.0
481858.0
481859.0
481938.0
482022.0
482357.0
482439.0
0.0
482524.0
482608.0
482692.0
0.0
482776.0
0.0
482860.0
482861.0
482945.0
0.0
0.0
0.0
0.0
0.0
0.0
0.0
0.0
0.0
0.0
0.0
0.0
0.0
0.0
0.0
0.0
0.0
0.0
0.0
0.0
0.0
0.0
0.0
0.0
0.0
0.0
0.0
0.0
0.0
0.0
0.0
0.0
0.0
0.0
0.0
0.0
0.0
0.0
0.0
0.0
0.0
0.0
0.0
0.0
0.0
0.0
0.0
0.0
0.0
0.0
0.0
0.0
0.0
0.0
0.0
0.0
0.0
0.0
0.0
0.0
0.0
0.0
0.0
0.0
0.0
0.0
0.0
0.0
0.0
0.0
0.0
0.0
0.0
0.0
0.0
0.0
0.0
0.0
0.0
0.0
0.0
0.0
0.0
0.0
0.0
0.0
0.0
0.0
0.0
0.0
0.0
0.0
0.0
0.0
0.0
0.0
485628.0
485709.0
490512.0
490594.0
490595.0
490596.0
490597.0
490676.0
490677.0
490678.0
490679.0
490758.0
490759.0
490760.0
490761.0
490762.0
490763.0
490841.0
490842.0
490843.0
490844.0
490927.0
0.0
0.0
491260.0
491261.0
491262.0
491263.0
0.0
491343.0
0.0
491345.0
491346.0
491347.0
0.0
0.0
0.0
0.0
491427.0
491428.0
491431.0
0.0
0.0
0.0
0.0
0.0
491512.0
0.0
0.0
0.0
0.0
0.0
491596.0
491597.0
0.0
0.0
0.0
491680.0
491681.0
491764.0
491765.0
491848.0
491849.0
0.0
0.0
0.0
0.0
0.0
0.0
0.0
0.0
0.0
0.0
0.0
0.0
0.0
0.0
0.0
0.0
0.0
0.0
0.0
0.0
0.0
0.0
0.0
0.0
0.0
0.0
0.0
0.0
0.0
0.0
0.0
0.0
0.0
0.0
0.0
0.0
0.0
0.0
0.0
0.0
0.0
0.0
0.0
0.0
0.0
0.0
0.0
0.0
0.0
0.0
0.0
493023.0
493024.0
0.0
0.0
0.0
0.0
0.0
0.0
493107.0
493108.0
0.0
0.0
0.0
0.0
0.0
0.0
493191.0
0.0
0.0
0.0
0.0
0.0
0.0
493275.0
0.0
0.0
0.0
0.0
493359.0
0.0
0.0
0.0
0.0
0.0
0.0
0.0
0.0
0.0
0.0
0.0
0.0
0.0
0.0
0.0
0.0
0.0
0.0
0.0
494362.0
494363.0
494364.0
494365.0
494446.0
494448.0
494449.0
494450.0
494528.0
494529.0
494531.0
494532.0
494533.0
494534.0
494612.0
494613.0
494614.0
494615.0
494616.0
494617.0
494618.0
494699.0
494701.0
494702.0
494783.0
494784.0
494785.0
494786.0
494867.0
494869.0
499498.0
499499.0
499500.0
499581.0
499582.0
499583.0
499664.0
499665.0
499746.0
499747.0
499748.0
499749.0
499831.0
499832.0
499833.0
499916.0
499917.0
0.0
0.0
0.0
0.0
0.0
0.0
0.0
0.0
0.0
0.0
0.0
0.0
500164.0
500165.0
0.0
0.0
0.0
0.0
0.0
0.0
500249.0
500250.0
500251.0
0.0
0.0
0.0
0.0
0.0
500331.0
500332.0
500333.0
500334.0
500335.0
0.0
0.0
0.0
0.0
0.0
0.0
500416.0
500417.0
0.0
0.0
0.0
0.0
0.0
0.0
500500.0
500501.0
500502.0
0.0
0.0
0.0
0.0
500584.0
500585.0
500586.0
0.0
0.0
0.0
500668.0
500669.0
500670.0
500671.0
0.0
0.0
0.0
0.0
0.0
0.0
0.0
0.0
0.0
0.0
0.0
0.0
0.0
0.0
0.0
0.0
0.0
0.0
0.0
0.0
0.0
0.0
0.0
0.0
0.0
0.0
0.0
0.0
0.0
0.0
0.0
0.0
0.0
0.0
0.0
0.0
0.0
0.0
0.0
0.0
0.0
501678.0
0.0
0.0
0.0
0.0
501761.0
501762.0
0.0
0.0
0.0
0.0
501843.0
501844.0
501845.0
0.0
0.0
0.0
0.0
501927.0
501928.0
501929.0
0.0
0.0
0.0
0.0
502011.0
502012.0
0.0
0.0
0.0
0.0
0.0
0.0
502094.0
502095.0
0.0
0.0
0.0
0.0
0.0
0.0
502179.0
0.0
0.0
0.0
0.0
502262.0
502263.0
0.0
0.0
0.0
502345.0
502346.0
502347.0
0.0
0.0
0.0
0.0
502430.0
0.0
0.0
0.0
0.0
0.0
0.0
0.0
0.0
0.0
0.0
503181.0
503182.0
0.0
503265.0
503266.0
503267.0
503268.0
503348.0
503349.0
503350.0
503351.0
503352.0
503354.0
503433.0
503434.0
503437.0
503438.0
503516.0
503517.0
503518.0
503519.0
503521.0
503522.0
503601.0
503602.0
503603.0
503604.0
503605.0
503606.0
503687.0
503688.0
503689.0
503690.0
503770.0
503771.0
503772.0
503773.0
503856.0
503857.0
508403.0
508404.0
508485.0
508486.0
508488.0
0.0
0.0
0.0
508569.0
508570.0
0.0
0.0
0.0
508653.0
0.0
0.0
0.0
0.0
0.0
0.0
508736.0
508737.0
0.0
0.0
0.0
0.0
0.0
0.0
508820.0
508821.0
0.0
0.0
0.0
0.0
0.0
0.0
0.0
0.0
0.0
0.0
0.0
0.0
0.0
0.0
0.0
0.0
0.0
0.0
0.0
0.0
0.0
0.0
0.0
0.0
509068.0
509069.0
509075.0
0.0
0.0
0.0
0.0
0.0
0.0
509152.0
509153.0
509154.0
509155.0
509156.0
509159.0
509160.0
0.0
0.0
0.0
0.0
0.0
0.0
509235.0
509236.0
509237.0
509238.0
509239.0
0.0
0.0
0.0
0.0
0.0
0.0
0.0
0.0
509319.0
509320.0
509321.0
509322.0
509323.0
0.0
0.0
0.0
0.0
0.0
0.0
0.0
509404.0
509405.0
0.0
0.0
0.0
0.0
509488.0
509489.0
509490.0
509491.0
0.0
0.0
0.0
509572.0
509573.0
509574.0
509575.0
509576.0
509657.0
509658.0
509659.0
509660.0
509742.0
509907.0
509908.0
509992.0
509993.0
510076.0
510077.0
0.0
510160.0
510161.0
0.0
0.0
0.0
0.0
0.0
0.0
0.0
0.0
0.0
0.0
510496.0
510497.0
510498.0
0.0
0.0
0.0
0.0
510580.0
510581.0
510582.0
0.0
0.0
0.0
0.0
510664.0
510665.0
510666.0
0.0
0.0
0.0
0.0
510747.0
510748.0
510749.0
0.0
0.0
0.0
510831.0
510832.0
0.0
0.0
0.0
0.0
0.0
510915.0
0.0
0.0
0.0
0.0
0.0
0.0
510998.0
510999.0
0.0
0.0
0.0
0.0
0.0
0.0
0.0
511082.0
511083.0
0.0
0.0
0.0
0.0
0.0
511166.0
511167.0
0.0
0.0
0.0
0.0
511249.0
511250.0
0.0
0.0
0.0
0.0
511333.0
511334.0
0.0
0.0
0.0
0.0
0.0
0.0
0.0
0.0
0.0
0.0
0.0
0.0
0.0
0.0
0.0
0.0
512085.0
512086.0
0.0
512168.0
512169.0
512170.0
512171.0
512172.0
0.0
512252.0
512253.0
512254.0
512255.0
512256.0
512257.0
0.0
0.0
512335.0
512336.0
512337.0
512338.0
512339.0
512340.0
0.0
0.0
512421.0
512422.0
512423.0
512425.0
512426.0
512506.0
512507.0
512508.0
512509.0
512510.0
512591.0
512592.0
512593.0
512594.0
512676.0
512760.0
0.0
517390.0
517392.0
0.0
0.0
0.0
0.0
0.0
0.0
0.0
517556.0
517557.0
0.0
0.0
0.0
0.0
0.0
0.0
0.0
0.0
0.0
0.0
517640.0
517641.0
0.0
0.0
0.0
0.0
0.0
0.0
0.0
517722.0
0.0
517724.0
517725.0
0.0
0.0
0.0
0.0
0.0
0.0
0.0
517806.0
517807.0
517808.0
0.0
0.0
0.0
0.0
0.0
0.0
0.0
0.0
517890.0
517891.0
0.0
0.0
0.0
0.0
0.0
0.0
0.0
0.0
0.0
0.0
0.0
517972.0
517973.0
517975.0
517978.0
517979.0
0.0
0.0
0.0
0.0
0.0
0.0
0.0
0.0
0.0
0.0
0.0
518056.0
518057.0
518058.0
518062.0
0.0
0.0
0.0
0.0
0.0
0.0
0.0
0.0
0.0
0.0
518140.0
518141.0
518142.0
518143.0
0.0
0.0
0.0
0.0
0.0
0.0
0.0
0.0
0.0
518223.0
518224.0
518225.0
518226.0
518227.0
0.0
0.0
0.0
0.0
0.0
0.0
518308.0
518309.0
0.0
0.0
518392.0
518393.0
518394.0
518395.0
0.0
0.0
518476.0
518477.0
518478.0
518479.0
518480.0
0.0
518560.0
518561.0
518562.0
518563.0
518564.0
518645.0
518646.0
518647.0
518648.0
518729.0
518730.0
518731.0
518732.0
518811.0
518812.0
518814.0
518815.0
518816.0
518895.0
518896.0
518899.0
518900.0
518979.0
518980.0
0.0
519065.0
0.0
0.0
519149.0
0.0
519315.0
519316.0
0.0
519399.0
519400.0
519401.0
0.0
0.0
519483.0
519484.0
519485.0
0.0
0.0
0.0
519567.0
519568.0
0.0
0.0
0.0
0.0
519650.0
0.0
0.0
0.0
0.0
0.0
519734.0
519735.0
519736.0
0.0
0.0
0.0
519818.0
519819.0
0.0
0.0
0.0
0.0
0.0
0.0
519902.0
519903.0
0.0
0.0
0.0
0.0
0.0
0.0
519986.0
519987.0
0.0
0.0
0.0
0.0
0.0
0.0
520069.0
520070.0
520071.0
0.0
0.0
0.0
0.0
0.0
520153.0
520154.0
0.0
0.0
0.0
0.0
520237.0
520238.0
0.0
0.0
0.0
0.0
0.0
0.0
0.0
0.0
0.0
0.0
0.0
0.0
0.0
0.0
0.0
0.0
0.0
521072.0
521076.0
0.0
0.0
521157.0
521158.0
521159.0
521160.0
521161.0
0.0
0.0
521241.0
521242.0
521243.0
521244.0
521245.0
0.0
0.0
521325.0
521326.0
521327.0
521328.0
521329.0
521330.0
0.0
521410.0
521411.0
521412.0
521413.0
521414.0
521496.0
521497.0
0.0
0.0
0.0
0.0
0.0
0.0
0.0
526378.0
526379.0
0.0
0.0
0.0
0.0
0.0
0.0
0.0
0.0
0.0
0.0
0.0
0.0
526461.0
526462.0
526463.0
0.0
0.0
0.0
0.0
0.0
0.0
0.0
0.0
0.0
526543.0
526544.0
526545.0
526546.0
526547.0
0.0
0.0
0.0
0.0
0.0
0.0
0.0
0.0
0.0
0.0
526628.0
526629.0
526631.0
0.0
0.0
0.0
0.0
0.0
0.0
0.0
0.0
0.0
0.0
0.0
526712.0
526713.0
526715.0
0.0
0.0
0.0
0.0
0.0
0.0
0.0
0.0
0.0
0.0
0.0
0.0
0.0
526794.0
526795.0
0.0
0.0
0.0
0.0
0.0
0.0
0.0
0.0
0.0
0.0
526876.0
526877.0
526879.0
526882.0
526883.0
0.0
0.0
0.0
0.0
0.0
0.0
0.0
0.0
0.0
0.0
526960.0
526961.0
526963.0
526966.0
526967.0
0.0
0.0
0.0
0.0
0.0
0.0
0.0
0.0
0.0
0.0
0.0
0.0
527043.0
527044.0
527045.0
527050.0
527051.0
0.0
0.0
0.0
0.0
0.0
0.0
0.0
0.0
0.0
0.0
527127.0
527128.0
527129.0
527130.0
0.0
0.0
0.0
527212.0
527213.0
0.0
0.0
527295.0
527296.0
527297.0
0.0
0.0
0.0
527380.0
527381.0
527382.0
527383.0
527464.0
527465.0
527466.0
527467.0
527468.0
0.0
0.0
527548.0
527549.0
527550.0
527551.0
527552.0
0.0
0.0
527632.0
527633.0
527634.0
527635.0
527636.0
0.0
527715.0
527716.0
527717.0
527718.0
527719.0
527720.0
527721.0
0.0
527799.0
527800.0
527802.0
527803.0
527804.0
527805.0
527806.0
0.0
527883.0
527884.0
527886.0
527887.0
527888.0
527889.0
0.0
0.0
0.0
0.0
0.0
0.0
0.0
0.0
0.0
0.0
0.0
0.0
528055.0
0.0
0.0
0.0
0.0
0.0
0.0
0.0
0.0
0.0
0.0
528304.0
528387.0
528388.0
528471.0
528472.0
528554.0
528555.0
528556.0
528638.0
528639.0
528640.0
528722.0
528723.0
0.0
0.0
0.0
528806.0
528807.0
0.0
0.0
0.0
0.0
528889.0
528890.0
528891.0
0.0
0.0
0.0
0.0
0.0
528973.0
528974.0
528975.0
0.0
0.0
0.0
0.0
529057.0
529058.0
0.0
0.0
0.0
529140.0
529141.0
529142.0
0.0
0.0
0.0
0.0
0.0
0.0
0.0
0.0
0.0
0.0
0.0
0.0
0.0
0.0
530064.0
0.0
0.0
530146.0
530147.0
530148.0
530149.0
0.0
0.0
530230.0
530231.0
530232.0
530233.0
0.0
0.0
530316.0
530317.0
530318.0
0.0
0.0
0.0
0.0
0.0
0.0
0.0
0.0
0.0
0.0
535365.0
535366.0
535367.0
0.0
0.0
0.0
0.0
0.0
0.0
0.0
0.0
0.0
535449.0
535450.0
535451.0
0.0
0.0
0.0
0.0
0.0
0.0
0.0
0.0
0.0
0.0
0.0
0.0
0.0
535531.0
535532.0
535533.0
535534.0
535535.0
0.0
0.0
0.0
0.0
0.0
0.0
0.0
0.0
0.0
0.0
0.0
0.0
0.0
535615.0
535616.0
535617.0
535619.0
0.0
0.0
0.0
0.0
0.0
0.0
0.0
0.0
0.0
0.0
0.0
0.0
0.0
535699.0
535700.0
535701.0
0.0
0.0
0.0
0.0
0.0
0.0
0.0
535780.0
535781.0
535782.0
535783.0
535786.0
535787.0
0.0
0.0
0.0
0.0
0.0
0.0
0.0
0.0
0.0
0.0
0.0
0.0
535863.0
535864.0
535866.0
535867.0
535870.0
535871.0
0.0
0.0
0.0
0.0
0.0
0.0
0.0
0.0
0.0
0.0
535947.0
535948.0
0.0
535950.0
535951.0
535954.0
535955.0
535956.0
0.0
0.0
0.0
0.0
0.0
0.0
0.0
0.0
536031.0
536032.0
536034.0
536035.0
0.0
0.0
536115.0
536116.0
0.0
0.0
0.0
0.0
0.0
0.0
536200.0
0.0
0.0
0.0
0.0
0.0
0.0
0.0
0.0
536284.0
536285.0
536286.0
0.0
0.0
0.0
0.0
0.0
0.0
0.0
0.0
0.0
0.0
0.0
536367.0
536368.0
536369.0
536370.0
536371.0
0.0
0.0
0.0
0.0
0.0
0.0
0.0
0.0
0.0
0.0
0.0
536452.0
536453.0
536454.0
536455.0
0.0
0.0
0.0
0.0
0.0
0.0
0.0
0.0
536536.0
536537.0
536538.0
536539.0
536540.0
0.0
0.0
0.0
0.0
0.0
0.0
0.0
536619.0
536620.0
536621.0
536622.0
536623.0
536624.0
0.0
0.0
0.0
0.0
0.0
0.0
536703.0
536704.0
536705.0
536706.0
536707.0
536708.0
536709.0
0.0
0.0
536787.0
536788.0
536789.0
536790.0
536791.0
0.0
0.0
0.0
0.0
536873.0
0.0
536875.0
0.0
0.0
0.0
0.0
0.0
0.0
536957.0
536958.0
536959.0
0.0
0.0
0.0
537039.0
537040.0
537041.0
537042.0
537043.0
0.0
0.0
0.0
537124.0
537125.0
537126.0
537127.0
0.0
0.0
0.0
537208.0
537209.0
537210.0
537211.0
537291.0
537292.0
537293.0
537294.0
537295.0
537375.0
537376.0
537377.0
537378.0
537458.0
537459.0
537460.0
537461.0
537462.0
537542.0
537543.0
537544.0
537545.0
537626.0
537627.0
537709.0
537710.0
537711.0
537793.0
537794.0
537877.0
537878.0
0.0
0.0
537961.0
537962.0
537963.0
0.0
0.0
0.0
538045.0
538046.0
538047.0
0.0
0.0
0.0
0.0
538129.0
0.0
0.0
0.0
0.0
0.0
0.0
0.0
0.0
0.0
0.0
0.0
0.0
0.0
0.0
0.0
0.0
0.0
539052.0
539053.0
539135.0
539136.0
539137.0
0.0
0.0
0.0
0.0
0.0
0.0
0.0
0.0
0.0
0.0
0.0
0.0
0.0
544354.0
544355.0
0.0
0.0
0.0
0.0
0.0
0.0
0.0
0.0
0.0
0.0
0.0
0.0
0.0
544437.0
544438.0
544439.0
0.0
0.0
0.0
0.0
0.0
0.0
0.0
0.0
0.0
544519.0
544520.0
544521.0
544522.0
544523.0
0.0
0.0
0.0
0.0
0.0
0.0
0.0
0.0
0.0
544603.0
544604.0
544605.0
544607.0
0.0
0.0
0.0
0.0
0.0
0.0
0.0
0.0
0.0
0.0
0.0
0.0
0.0
0.0
544687.0
0.0
0.0
0.0
0.0
0.0
0.0
0.0
0.0
0.0
0.0
0.0
0.0
0.0
544768.0
0.0
544770.0
544771.0
544774.0
0.0
0.0
0.0
0.0
0.0
0.0
0.0
0.0
0.0
0.0
0.0
0.0
0.0
544851.0
0.0
0.0
544854.0
544855.0
0.0
0.0
0.0
0.0
0.0
0.0
0.0
0.0
0.0
0.0
0.0
0.0
0.0
544935.0
0.0
0.0
0.0
544939.0
0.0
0.0
0.0
0.0
0.0
0.0
0.0
0.0
0.0
0.0
0.0
0.0
0.0
0.0
0.0
0.0
0.0
0.0
0.0
0.0
0.0
0.0
0.0
0.0
0.0
0.0
0.0
0.0
0.0
0.0
0.0
0.0
0.0
0.0
0.0
0.0
0.0
0.0
0.0
0.0
0.0
0.0
0.0
0.0
0.0
0.0
0.0
0.0
0.0
0.0
0.0
0.0
0.0
0.0
0.0
0.0
0.0
0.0
0.0
545273.0
0.0
0.0
0.0
0.0
0.0
0.0
0.0
0.0
0.0
0.0
0.0
0.0
0.0
0.0
0.0
0.0
0.0
545358.0
0.0
0.0
0.0
0.0
0.0
0.0
0.0
0.0
0.0
0.0
0.0
0.0
0.0
0.0
0.0
0.0
0.0
0.0
0.0
0.0
0.0
0.0
0.0
0.0
0.0
0.0
0.0
0.0
545523.0
545524.0
0.0
0.0
0.0
0.0
0.0
0.0
0.0
0.0
0.0
545607.0
545608.0
545609.0
0.0
0.0
0.0
0.0
0.0
0.0
0.0
0.0
0.0
545691.0
545692.0
545693.0
0.0
0.0
0.0
0.0
0.0
0.0
0.0
0.0
545775.0
545776.0
545777.0
0.0
0.0
0.0
0.0
0.0
0.0
545859.0
545860.0
545861.0
545862.0
0.0
0.0
0.0
545943.0
545944.0
545945.0
545946.0
545947.0
0.0
0.0
546027.0
546028.0
546029.0
546030.0
0.0
0.0
0.0
0.0
546112.0
546113.0
546114.0
0.0
0.0
546195.0
546196.0
546197.0
546198.0
546199.0
546279.0
546280.0
546281.0
546282.0
546362.0
546363.0
546364.0
546365.0
546366.0
546445.0
546446.0
546447.0
546448.0
546449.0
546529.0
546530.0
546613.0
546614.0
0.0
546697.0
546698.0
546699.0
0.0
0.0
546781.0
546782.0
546783.0
0.0
0.0
546865.0
546866.0
546867.0
0.0
0.0
546949.0
546950.0
0.0
0.0
0.0
0.0
0.0
0.0
0.0
0.0
0.0
0.0
0.0
0.0
0.0
0.0
0.0
0.0
0.0
0.0
0.0
0.0
0.0
0.0
0.0
0.0
0.0
0.0
0.0
0.0
0.0
0.0
0.0
0.0
0.0
0.0
0.0
553342.0
553343.0
0.0
0.0
0.0
0.0
0.0
0.0
0.0
0.0
0.0
0.0
0.0
0.0
553424.0
553425.0
553426.0
553427.0
0.0
0.0
0.0
0.0
0.0
0.0
0.0
0.0
0.0
0.0
0.0
0.0
0.0
0.0
553507.0
553508.0
553509.0
553510.0
553511.0
553512.0
0.0
0.0
0.0
0.0
0.0
0.0
0.0
0.0
0.0
0.0
0.0
0.0
0.0
0.0
553591.0
553592.0
553593.0
0.0
0.0
0.0
0.0
0.0
0.0
0.0
0.0
0.0
0.0
0.0
0.0
553674.0
553675.0
553676.0
0.0
0.0
0.0
0.0
0.0
0.0
0.0
0.0
0.0
0.0
0.0
0.0
0.0
0.0
0.0
0.0
0.0
0.0
0.0
0.0
0.0
0.0
0.0
0.0
0.0
0.0
0.0
0.0
0.0
0.0
0.0
0.0
0.0
0.0
0.0
0.0
0.0
0.0
0.0
0.0
0.0
0.0
0.0
0.0
0.0
0.0
0.0
0.0
0.0
0.0
0.0
0.0
0.0
0.0
0.0
0.0
0.0
0.0
0.0
0.0
0.0
0.0
0.0
0.0
0.0
0.0
0.0
0.0
0.0
0.0
0.0
0.0
0.0
0.0
0.0
0.0
0.0
0.0
0.0
0.0
0.0
0.0
0.0
0.0
0.0
0.0
0.0
0.0
0.0
0.0
0.0
0.0
0.0
0.0
0.0
0.0
0.0
0.0
0.0
0.0
0.0
0.0
0.0
0.0
0.0
0.0
0.0
0.0
0.0
0.0
0.0
0.0
0.0
0.0
0.0
0.0
0.0
0.0
0.0
0.0
0.0
0.0
0.0
0.0
0.0
0.0
0.0
0.0
0.0
0.0
0.0
0.0
0.0
0.0
0.0
0.0
0.0
0.0
0.0
0.0
0.0
0.0
0.0
0.0
0.0
0.0
0.0
0.0
0.0
0.0
0.0
0.0
0.0
0.0
0.0
0.0
0.0
0.0
0.0
0.0
554596.0
0.0
0.0
0.0
0.0
0.0
0.0
0.0
0.0
0.0
0.0
0.0
0.0
0.0
554679.0
554680.0
0.0
0.0
0.0
0.0
0.0
0.0
0.0
0.0
554763.0
554764.0
0.0
0.0
0.0
0.0
554847.0
554848.0
554849.0
0.0
0.0
0.0
0.0
554931.0
554932.0
0.0
0.0
0.0
0.0
0.0
0.0
0.0
0.0
0.0
0.0
0.0
0.0
0.0
0.0
0.0
0.0
555182.0
0.0
555184.0
555185.0
555266.0
555267.0
555268.0
555269.0
555349.0
555350.0
555351.0
555352.0
555353.0
555433.0
555434.0
0.0
0.0
555517.0
555518.0
555519.0
0.0
0.0
0.0
555600.0
555601.0
555602.0
0.0
0.0
0.0
555684.0
555685.0
555686.0
555687.0
0.0
0.0
555769.0
555770.0
555771.0
0.0
0.0
0.0
0.0
0.0
0.0
0.0
0.0
0.0
0.0
0.0
0.0
0.0
0.0
0.0
0.0
0.0
0.0
0.0
0.0
0.0
0.0
0.0
0.0
0.0
0.0
0.0
0.0
0.0
0.0
0.0
0.0
0.0
562330.0
562331.0
0.0
0.0
0.0
0.0
0.0
0.0
0.0
0.0
0.0
0.0
0.0
0.0
0.0
562412.0
0.0
562414.0
562415.0
562416.0
0.0
0.0
0.0
0.0
0.0
0.0
0.0
0.0
0.0
0.0
0.0
0.0
0.0
0.0
0.0
0.0
562494.0
562495.0
562496.0
0.0
562498.0
562499.0
0.0
0.0
0.0
0.0
0.0
0.0
0.0
562578.0
562579.0
562580.0
562581.0
562582.0
0.0
0.0
0.0
0.0
0.0
0.0
0.0
0.0
0.0
562662.0
562663.0
562664.0
562665.0
562669.0
562670.0
0.0
0.0
0.0
0.0
0.0
0.0
0.0
0.0
0.0
0.0
0.0
0.0
0.0
0.0
0.0
0.0
0.0
0.0
0.0
0.0
0.0
0.0
0.0
0.0
0.0
0.0
0.0
0.0
0.0
0.0
0.0
0.0
0.0
0.0
0.0
0.0
0.0
0.0
0.0
0.0
0.0
0.0
0.0
0.0
0.0
0.0
0.0
0.0
0.0
0.0
0.0
0.0
0.0
0.0
0.0
0.0
0.0
0.0
0.0
0.0
0.0
0.0
0.0
0.0
0.0
0.0
0.0
0.0
0.0
0.0
0.0
0.0
0.0
0.0
0.0
0.0
0.0
0.0
0.0
0.0
0.0
0.0
0.0
0.0
0.0
0.0
0.0
0.0
0.0
0.0
0.0
0.0
0.0
0.0
0.0
0.0
0.0
0.0
0.0
0.0
0.0
0.0
0.0
0.0
0.0
0.0
0.0
0.0
0.0
0.0
0.0
0.0
0.0
0.0
0.0
0.0
0.0
0.0
0.0
0.0
0.0
0.0
0.0
0.0
0.0
0.0
0.0
0.0
0.0
0.0
0.0
0.0
0.0
0.0
0.0
0.0
0.0
0.0
0.0
0.0
0.0
0.0
0.0
0.0
0.0
0.0
0.0
0.0
0.0
0.0
0.0
0.0
0.0
0.0
0.0
0.0
0.0
0.0
0.0
0.0
0.0
0.0
0.0
0.0
0.0
0.0
0.0
0.0
0.0
0.0
0.0
0.0
0.0
0.0
0.0
0.0
0.0
0.0
0.0
0.0
0.0
0.0
0.0
0.0
0.0
0.0
0.0
0.0
0.0
0.0
0.0
0.0
0.0
0.0
0.0
0.0
0.0
0.0
0.0
0.0
0.0
564085.0
564086.0
0.0
0.0
0.0
564169.0
564170.0
564171.0
0.0
0.0
0.0
564253.0
564254.0
564255.0
0.0
0.0
0.0
0.0
564337.0
564338.0
0.0
0.0
0.0
0.0
564420.0
564421.0
564422.0
564423.0
0.0
0.0
0.0
0.0
564504.0
564505.0
564506.0
564507.0
0.0
0.0
0.0
564588.0
564589.0
564590.0
0.0
0.0
0.0
0.0
0.0
0.0
0.0
0.0
0.0
0.0
0.0
0.0
0.0
0.0
0.0
0.0
0.0
0.0
571318.0
571319.0
571320.0
0.0
0.0
0.0
0.0
0.0
0.0
0.0
0.0
0.0
571402.0
571403.0
571404.0
571405.0
0.0
0.0
0.0
0.0
0.0
0.0
0.0
0.0
0.0
571483.0
571484.0
571485.0
571486.0
571487.0
571488.0
571489.0
0.0
0.0
0.0
0.0
0.0
0.0
0.0
0.0
571566.0
571567.0
571568.0
0.0
0.0
571572.0
571573.0
0.0
0.0
0.0
0.0
0.0
0.0
0.0
0.0
0.0
0.0
571652.0
0.0
0.0
0.0
0.0
0.0
0.0
0.0
0.0
0.0
0.0
0.0
0.0
0.0
0.0
0.0
0.0
0.0
0.0
0.0
0.0
0.0
0.0
0.0
0.0
0.0
0.0
0.0
0.0
0.0
0.0
0.0
0.0
0.0
0.0
0.0
0.0
0.0
0.0
0.0
0.0
0.0
0.0
0.0
0.0
0.0
0.0
0.0
0.0
0.0
0.0
0.0
0.0
0.0
0.0
0.0
0.0
0.0
0.0
0.0
0.0
0.0
0.0
0.0
0.0
0.0
0.0
0.0
0.0
0.0
0.0
0.0
0.0
0.0
0.0
0.0
0.0
0.0
0.0
0.0
0.0
0.0
0.0
0.0
0.0
0.0
0.0
0.0
0.0
0.0
0.0
0.0
0.0
0.0
0.0
0.0
0.0
0.0
0.0
0.0
0.0
0.0
0.0
0.0
0.0
0.0
0.0
0.0
0.0
0.0
0.0
0.0
0.0
0.0
0.0
0.0
0.0
0.0
0.0
0.0
0.0
0.0
0.0
0.0
0.0
0.0
0.0
0.0
0.0
0.0
0.0
0.0
0.0
0.0
0.0
0.0
0.0
0.0
0.0
0.0
0.0
0.0
0.0
0.0
0.0
0.0
0.0
0.0
0.0
0.0
0.0
0.0
0.0
0.0
0.0
0.0
0.0
0.0
0.0
0.0
0.0
0.0
0.0
0.0
0.0
0.0
0.0
0.0
0.0
0.0
0.0
0.0
0.0
0.0
0.0
0.0
0.0
0.0
0.0
0.0
0.0
0.0
0.0
0.0
0.0
0.0
0.0
0.0
0.0
0.0
0.0
0.0
0.0
0.0
0.0
0.0
0.0
0.0
0.0
572989.0
572990.0
0.0
0.0
0.0
0.0
0.0
0.0
573073.0
573074.0
0.0
0.0
0.0
0.0
0.0
0.0
573157.0
0.0
0.0
0.0
0.0
0.0
0.0
0.0
573240.0
573241.0
573242.0
0.0
0.0
0.0
0.0
573324.0
573325.0
573326.0
573327.0
0.0
0.0
0.0
0.0
0.0
573409.0
573410.0
0.0
0.0
0.0
0.0
573493.0
0.0
0.0
0.0
0.0
0.0
0.0
0.0
0.0
0.0
0.0
0.0
0.0
0.0
0.0
0.0
580308.0
0.0
0.0
0.0
0.0
0.0
0.0
0.0
0.0
0.0
580390.0
580391.0
580392.0
580393.0
0.0
0.0
0.0
0.0
0.0
0.0
0.0
0.0
0.0
580471.0
580472.0
0.0
0.0
580475.0
580476.0
580477.0
0.0
0.0
0.0
0.0
0.0
0.0
0.0
0.0
0.0
0.0
0.0
580556.0
0.0
580559.0
580560.0
580561.0
0.0
0.0
0.0
0.0
0.0
0.0
0.0
0.0
0.0
0.0
0.0
0.0
0.0
0.0
0.0
0.0
0.0
0.0
0.0
0.0
0.0
0.0
0.0
0.0
0.0
0.0
0.0
0.0
0.0
0.0
0.0
0.0
0.0
0.0
0.0
0.0
0.0
0.0
0.0
0.0
0.0
0.0
0.0
0.0
0.0
0.0
0.0
0.0
0.0
0.0
0.0
0.0
0.0
0.0
0.0
0.0
0.0
0.0
0.0
0.0
0.0
0.0
0.0
0.0
0.0
0.0
0.0
0.0
0.0
0.0
0.0
0.0
0.0
0.0
0.0
0.0
0.0
0.0
0.0
0.0
0.0
0.0
0.0
0.0
0.0
0.0
0.0
0.0
0.0
0.0
0.0
0.0
0.0
0.0
0.0
0.0
0.0
0.0
0.0
0.0
0.0
0.0
0.0
0.0
0.0
0.0
0.0
0.0
0.0
0.0
0.0
0.0
0.0
0.0
0.0
0.0
0.0
0.0
0.0
0.0
0.0
0.0
0.0
0.0
0.0
0.0
0.0
0.0
0.0
0.0
0.0
0.0
0.0
0.0
0.0
0.0
0.0
0.0
0.0
0.0
0.0
0.0
0.0
0.0
0.0
0.0
0.0
0.0
0.0
0.0
0.0
0.0
0.0
0.0
0.0
0.0
0.0
0.0
0.0
0.0
0.0
0.0
0.0
0.0
0.0
0.0
0.0
0.0
0.0
0.0
0.0
0.0
0.0
0.0
0.0
0.0
0.0
0.0
0.0
0.0
0.0
0.0
0.0
0.0
0.0
0.0
0.0
0.0
0.0
0.0
0.0
0.0
0.0
0.0
0.0
0.0
0.0
0.0
0.0
0.0
0.0
0.0
0.0
0.0
0.0
0.0
0.0
0.0
0.0
0.0
0.0
0.0
0.0
0.0
0.0
0.0
0.0
0.0
0.0
0.0
0.0
0.0
0.0
0.0
0.0
0.0
0.0
0.0
0.0
0.0
0.0
0.0
0.0
0.0
0.0
0.0
0.0
0.0
0.0
0.0
0.0
0.0
582145.0
0.0
0.0
0.0
0.0
0.0
0.0
0.0
582229.0
582230.0
582231.0
0.0
0.0
0.0
0.0
0.0
582314.0
0.0
0.0
0.0
0.0
0.0
0.0
0.0
0.0
0.0
0.0
0.0
0.0
0.0
0.0
0.0
0.0
0.0
0.0
0.0
0.0
0.0
589380.0
589381.0
589382.0
0.0
0.0
0.0
0.0
0.0
0.0
0.0
0.0
589463.0
589464.0
589465.0
589466.0
0.0
0.0
0.0
0.0
0.0
0.0
0.0
0.0
589547.0
589548.0
589549.0
0.0
0.0
0.0
0.0
0.0
0.0
0.0
0.0
0.0
0.0
0.0
0.0
0.0
0.0
0.0
0.0
0.0
0.0
0.0
0.0
0.0
0.0
0.0
0.0
0.0
0.0
0.0
0.0
0.0
0.0
0.0
0.0
0.0
0.0
0.0
0.0
0.0
0.0
0.0
0.0
0.0
0.0
0.0
0.0
0.0
0.0
0.0
0.0
0.0
0.0
0.0
0.0
0.0
0.0
0.0
0.0
0.0
0.0
0.0
0.0
0.0
0.0
0.0
0.0
0.0
0.0
0.0
0.0
0.0
0.0
0.0
0.0
0.0
0.0
0.0
0.0
0.0
0.0
0.0
0.0
0.0
0.0
0.0
0.0
0.0
0.0
0.0
0.0
0.0
0.0
0.0
0.0
0.0
0.0
0.0
0.0
0.0
0.0
0.0
0.0
0.0
0.0
0.0
0.0
0.0
0.0
0.0
0.0
0.0
0.0
0.0
0.0
0.0
0.0
0.0
0.0
0.0
0.0
0.0
0.0
0.0
0.0
0.0
0.0
0.0
0.0
0.0
0.0
0.0
0.0
0.0
0.0
0.0
0.0
0.0
0.0
0.0
0.0
0.0
0.0
0.0
0.0
0.0
0.0
0.0
0.0
0.0
0.0
0.0
0.0
0.0
0.0
0.0
0.0
0.0
0.0
0.0
0.0
0.0
0.0
0.0
0.0
0.0
0.0
0.0
0.0
0.0
0.0
0.0
0.0
0.0
0.0
0.0
0.0
0.0
0.0
0.0
0.0
0.0
0.0
0.0
0.0
0.0
0.0
0.0
0.0
0.0
0.0
0.0
0.0
0.0
0.0
0.0
0.0
0.0
0.0
0.0
0.0
0.0
0.0
0.0
0.0
0.0
0.0
0.0
0.0
0.0
0.0
0.0
0.0
0.0
0.0
0.0
0.0
0.0
0.0
0.0
0.0
0.0
0.0
0.0
0.0
0.0
0.0
0.0
0.0
0.0
0.0
598369.0
598370.0
0.0
0.0
0.0
0.0
0.0
0.0
0.0
0.0
598453.0
0.0
0.0
0.0
0.0
0.0
0.0
0.0
0.0
0.0
0.0
0.0
0.0
0.0
0.0
0.0
0.0
0.0
0.0
0.0
0.0
0.0
0.0
0.0
0.0
0.0
0.0
0.0
0.0
0.0
0.0
0.0
0.0
0.0
0.0
0.0
0.0
0.0
0.0
0.0
0.0
0.0
0.0
0.0
0.0
0.0
0.0
0.0
0.0
0.0
0.0
0.0
0.0
0.0
0.0
0.0
0.0
0.0
0.0
0.0
0.0
0.0
0.0
0.0
0.0
0.0
0.0
0.0
0.0
0.0
0.0
0.0
0.0
0.0
0.0
0.0
0.0
0.0
0.0
0.0
0.0
0.0
0.0
0.0
0.0
0.0
0.0
0.0
0.0
0.0
0.0
0.0
0.0
0.0
0.0
0.0
0.0
0.0
0.0
0.0
0.0
0.0
0.0
0.0
0.0
0.0
0.0
0.0
0.0
0.0
0.0
0.0
0.0
0.0
0.0
0.0
0.0
0.0
0.0
0.0
0.0
0.0
0.0
0.0
0.0
0.0
0.0
0.0
0.0
0.0
0.0
0.0
0.0
0.0
0.0
0.0
0.0
0.0
0.0
0.0
0.0
0.0
0.0
0.0
0.0
0.0
0.0
0.0
0.0
0.0
0.0
0.0
0.0
0.0
0.0
0.0
0.0
0.0
0.0
0.0
0.0
0.0
0.0
0.0
0.0
0.0
0.0
0.0
0.0
0.0
0.0
0.0
0.0
0.0
0.0
0.0
0.0
0.0
0.0
0.0
0.0
0.0
0.0
0.0
0.0
0.0
0.0
0.0
0.0
0.0
0.0
0.0
0.0
0.0
0.0
0.0
0.0
0.0
0.0
0.0
0.0
0.0
0.0
0.0
0.0
0.0
0.0
0.0
0.0
0.0
0.0
0.0
0.0
0.0
0.0
0.0
0.0
0.0
0.0
0.0
0.0
0.0
0.0
0.0
0.0
0.0
0.0
0.0
0.0
0.0
0.0
0.0
0.0
0.0
0.0
0.0
0.0
0.0
0.0
0.0
0.0
0.0
0.0
0.0
0.0
0.0
0.0
0.0
0.0
0.0
0.0
0.0
0.0
0.0
0.0
0.0
0.0
0.0
0.0
0.0
0.0
0.0
0.0
0.0
0.0
0.0
0.0
0.0
0.0
0.0
0.0
0.0
0.0
0.0
0.0
0.0
0.0
0.0
0.0
0.0
0.0
0.0
0.0
0.0
0.0
0.0
0.0
0.0
0.0
0.0
0.0
0.0
0.0
0.0
0.0
0.0
0.0
0.0
0.0
0.0
0.0
0.0
0.0
0.0
0.0
0.0
0.0
0.0
0.0
0.0
0.0
0.0
0.0
0.0
0.0
0.0
0.0
0.0
0.0
0.0
0.0
0.0
0.0
0.0
0.0
0.0
0.0
0.0
0.0
0.0
0.0
0.0
0.0
0.0
0.0
0.0
0.0
0.0
0.0
0.0
0.0
0.0
0.0
0.0
0.0
0.0
0.0
0.0
0.0
0.0
0.0
0.0
0.0
0.0
0.0
0.0
0.0
0.0
0.0
0.0
0.0
0.0
0.0
0.0
0.0
0.0
0.0
0.0
0.0
0.0
0.0
0.0
0.0
0.0
0.0
0.0
0.0
0.0
0.0
0.0
0.0
0.0
0.0
0.0
0.0
0.0
0.0
0.0
0.0
0.0
0.0
0.0
0.0
0.0
0.0
0.0
0.0
0.0
0.0
0.0
0.0
0.0
0.0
0.0
0.0
0.0
0.0
0.0
0.0
0.0
0.0
0.0
0.0
0.0
0.0
0.0
0.0
0.0
0.0
0.0
0.0
0.0
0.0
0.0
0.0
0.0
0.0
0.0
0.0
0.0
0.0
0.0
0.0
0.0
0.0
0.0
0.0
0.0
0.0
0.0
0.0
0.0
0.0
0.0
0.0
0.0
0.0
0.0
0.0
0.0
0.0
0.0
0.0
0.0
0.0
0.0
0.0
0.0
0.0
0.0
0.0
0.0
0.0
0.0
0.0
0.0
0.0
0.0
0.0
0.0
0.0
0.0
0.0
0.0
0.0
0.0
0.0
0.0
0.0
0.0
0.0
0.0
0.0
0.0
0.0
0.0
0.0
0.0
0.0
0.0
0.0
0.0
0.0
0.0
0.0
0.0
0.0
0.0
0.0
0.0
0.0
0.0
0.0
0.0
0.0
0.0
0.0
0.0
0.0
0.0
0.0
0.0
0.0
0.0
0.0
0.0
0.0
0.0
0.0
0.0
0.0
0.0
0.0
0.0
0.0
0.0
0.0
0.0
0.0
0.0
0.0
0.0
0.0
0.0
0.0
0.0
0.0
0.0
0.0
0.0
0.0
0.0
0.0
0.0
0.0
0.0
0.0
0.0
0.0
0.0
0.0
0.0
0.0
0.0
0.0
0.0
0.0
0.0
0.0
0.0
0.0
0.0
0.0
0.0
0.0
0.0
0.0
0.0
0.0
0.0
0.0
0.0
0.0
0.0
0.0
0.0
0.0
0.0
0.0
0.0
0.0
0.0
0.0
0.0
0.0
0.0
0.0
0.0
0.0
0.0
0.0
0.0
0.0
0.0
0.0
0.0
0.0
0.0
0.0
0.0
0.0
0.0
0.0
0.0
0.0
0.0
0.0
0.0
0.0
0.0
0.0
0.0
0.0
0.0
0.0
0.0
0.0
0.0
0.0
0.0
0.0
0.0
0.0
0.0
0.0
0.0
0.0
0.0
0.0
0.0
0.0
0.0
0.0
0.0
0.0
0.0
0.0
0.0
0.0
0.0
0.0
0.0
0.0
0.0
0.0
0.0
0.0
0.0
0.0
0.0
0.0
0.0
0.0
0.0
0.0
0.0
0.0
0.0
0.0
0.0
0.0
0.0
0.0
0.0
0.0
0.0
0.0
0.0
0.0
0.0
0.0
0.0
0.0
0.0
0.0
0.0
0.0
0.0
0.0
0.0
0.0
0.0
0.0
0.0
0.0
0.0
0.0
0.0
0.0
0.0
0.0
0.0
0.0
0.0
0.0
0.0
0.0
0.0
0.0
0.0
0.0
0.0
0.0
0.0
0.0
0.0
0.0
0.0
0.0
0.0
0.0
0.0
0.0
0.0
0.0
0.0
0.0
0.0
0.0
0.0
0.0
0.0
0.0
0.0
0.0
0.0
0.0
0.0
0.0
0.0
0.0
0.0
0.0
0.0
0.0
0.0
0.0
0.0
0.0
0.0
0.0
0.0
0.0
0.0
0.0
0.0
0.0
0.0
0.0
0.0
0.0
0.0
0.0
0.0
0.0
0.0
0.0
0.0
0.0
0.0
0.0
0.0
0.0
0.0
0.0
0.0
0.0
0.0
0.0
0.0
0.0
0.0
0.0
0.0
0.0
0.0
0.0
0.0
0.0
0.0
0.0
0.0
0.0
0.0
0.0
0.0
0.0
0.0
0.0
0.0
0.0
0.0
0.0
0.0
0.0
0.0
0.0
0.0
0.0
0.0
0.0
0.0
0.0
0.0
0.0
0.0
0.0
0.0
0.0
0.0
0.0
0.0
0.0
0.0
0.0
0.0
0.0
0.0
0.0
0.0
0.0
0.0
