0.0
0.0
0.0
0.0
0.0
0.0
0.0
0.0
0.0
0.0
0.0
0.0
0.0
0.0
0.0
0.0
0.0
0.0
0.0
0.0
0.0
0.0
0.0
0.0
0.0
0.0
0.0
0.0
0.0
0.0
0.0
0.0
0.0
0.0
0.0
0.0
0.0
0.0
0.0
0.0
0.0
0.0
0.0
0.0
0.0
0.0
0.0
0.0
0.0
0.0
0.0
0.0
0.0
0.0
0.0
0.0
0.0
0.0
0.0
0.0
0.0
0.0
0.0
0.0
0.0
0.0
0.0
0.0
0.0
0.0
0.0
0.0
0.0
0.0
0.0
0.0
0.0
0.0
0.0
0.0
0.0
0.0
0.0
0.0
0.0
0.0
0.0
0.0
0.0
0.0
0.0
0.0
0.0
0.0
0.0
0.0
0.0
0.0
0.0
0.0
0.0
0.0
0.0
0.0
0.0
0.0
0.0
0.0
0.0
0.0
0.0
0.0
0.0
0.0
0.0
0.0
0.0
0.0
0.0
0.0
0.0
0.0
0.0
0.0
0.0
0.0
0.0
0.0
0.0
0.0
0.0
0.0
0.0
0.0
0.0
0.0
0.0
0.0
0.0
0.0
0.0
0.0
0.0
0.0
0.0
0.0
0.0
0.0
0.0
0.0
0.0
0.0
0.0
0.0
0.0
0.0
0.0
0.0
0.0
0.0
0.0
0.0
0.0
0.0
0.0
0.0
0.0
0.0
0.0
0.0
0.0
0.0
0.0
0.0
0.0
0.0
0.0
0.0
0.0
0.0
0.0
0.0
0.0
0.0
0.0
0.0
0.0
0.0
0.0
0.0
0.0
0.0
0.0
0.0
0.0
0.0
0.0
0.0
0.0
0.0
0.0
0.0
0.0
0.0
0.0
0.0
0.0
0.0
0.0
0.0
0.0
0.0
0.0
0.0
0.0
0.0
0.0
0.0
0.0
0.0
0.0
0.0
0.0
0.0
0.0
0.0
0.0
0.0
0.0
0.0
0.0
0.0
0.0
0.0
0.0
0.0
0.0
0.0
0.0
0.0
0.0
0.0
0.0
0.0
0.0
0.0
0.0
0.0
0.0
0.0
0.0
0.0
0.0
0.0
0.0
0.0
0.0
0.0
0.0
0.0
0.0
0.0
0.0
0.0
0.0
0.0
0.0
0.0
0.0
0.0
0.0
0.0
0.0
0.0
0.0
0.0
0.0
0.0
0.0
0.0
0.0
0.0
0.0
0.0
0.0
0.0
0.0
0.0
0.0
0.0
0.0
0.0
0.0
0.0
0.0
0.0
0.0
0.0
0.0
0.0
0.0
0.0
0.0
0.0
0.0
0.0
0.0
0.0
0.0
0.0
0.0
0.0
0.0
0.0
0.0
0.0
0.0
0.0
0.0
0.0
0.0
0.0
0.0
0.0
0.0
0.0
0.0
0.0
0.0
0.0
0.0
0.0
0.0
0.0
0.0
0.0
0.0
0.0
0.0
0.0
0.0
0.0
0.0
0.0
0.0
0.0
0.0
0.0
0.0
0.0
0.0
0.0
0.0
0.0
0.0
0.0
0.0
0.0
0.0
0.0
0.0
0.0
0.0
0.0
0.0
0.0
0.0
0.0
0.0
0.0
0.0
0.0
0.0
0.0
0.0
0.0
0.0
0.0
0.0
0.0
0.0
0.0
0.0
0.0
0.0
0.0
0.0
0.0
0.0
0.0
0.0
0.0
0.0
0.0
0.0
0.0
0.0
0.0
0.0
0.0
0.0
0.0
0.0
0.0
0.0
0.0
0.0
0.0
0.0
0.0
0.0
0.0
0.0
0.0
0.0
0.0
0.0
0.0
0.0
0.0
0.0
0.0
0.0
0.0
0.0
0.0
0.0
0.0
0.0
0.0
0.0
0.0
0.0
0.0
0.0
0.0
0.0
0.0
0.0
0.0
0.0
0.0
0.0
0.0
0.0
0.0
0.0
0.0
0.0
0.0
0.0
0.0
0.0
0.0
0.0
0.0
0.0
0.0
0.0
0.0
0.0
0.0
0.0
0.0
0.0
0.0
0.0
0.0
0.0
0.0
0.0
0.0
0.0
0.0
0.0
0.0
0.0
0.0
0.0
0.0
0.0
0.0
0.0
0.0
0.0
0.0
0.0
0.0
0.0
0.0
0.0
0.0
0.0
0.0
116766.0
0.0
0.0
0.0
0.0
0.0
0.0
0.0
0.0
0.0
0.0
0.0
0.0
0.0
0.0
0.0
0.0
0.0
0.0
0.0
0.0
0.0
0.0
0.0
0.0
0.0
0.0
0.0
0.0
0.0
0.0
0.0
0.0
0.0
0.0
0.0
0.0
0.0
0.0
0.0
0.0
0.0
0.0
0.0
0.0
0.0
0.0
0.0
0.0
0.0
0.0
0.0
0.0
0.0
0.0
0.0
0.0
0.0
0.0
0.0
0.0
0.0
0.0
0.0
0.0
0.0
0.0
0.0
0.0
0.0
0.0
0.0
0.0
0.0
0.0
0.0
0.0
0.0
0.0
0.0
0.0
0.0
0.0
0.0
0.0
0.0
0.0
0.0
0.0
0.0
0.0
0.0
0.0
0.0
0.0
0.0
0.0
0.0
0.0
0.0
0.0
0.0
0.0
0.0
0.0
0.0
0.0
0.0
0.0
0.0
0.0
0.0
0.0
0.0
0.0
0.0
0.0
0.0
0.0
0.0
0.0
0.0
0.0
0.0
0.0
0.0
0.0
0.0
0.0
0.0
0.0
0.0
0.0
0.0
0.0
0.0
0.0
0.0
0.0
0.0
0.0
0.0
0.0
0.0
0.0
0.0
0.0
0.0
0.0
0.0
0.0
0.0
0.0
0.0
0.0
0.0
0.0
0.0
0.0
0.0
0.0
0.0
0.0
0.0
0.0
0.0
0.0
0.0
0.0
0.0
0.0
0.0
0.0
0.0
0.0
0.0
0.0
0.0
0.0
0.0
0.0
0.0
0.0
0.0
0.0
124377.0
124378.0
124379.0
124380.0
124381.0
0.0
0.0
0.0
0.0
0.0
124458.0
124459.0
124460.0
124461.0
124462.0
124463.0
0.0
0.0
0.0
0.0
0.0
0.0
0.0
0.0
0.0
0.0
124541.0
124542.0
124543.0
124544.0
0.0
0.0
0.0
0.0
0.0
0.0
0.0
0.0
0.0
0.0
0.0
0.0
124624.0
0.0
0.0
0.0
0.0
0.0
0.0
0.0
0.0
0.0
0.0
0.0
0.0
0.0
0.0
0.0
0.0
0.0
0.0
0.0
0.0
0.0
0.0
0.0
0.0
0.0
0.0
0.0
0.0
0.0
0.0
0.0
0.0
0.0
0.0
0.0
0.0
0.0
0.0
0.0
0.0
0.0
0.0
0.0
0.0
0.0
0.0
0.0
0.0
0.0
0.0
0.0
0.0
0.0
0.0
0.0
0.0
0.0
0.0
0.0
0.0
0.0
0.0
0.0
0.0
0.0
0.0
0.0
0.0
0.0
0.0
0.0
0.0
0.0
0.0
0.0
0.0
0.0
0.0
0.0
0.0
0.0
0.0
0.0
0.0
0.0
0.0
0.0
0.0
0.0
0.0
0.0
0.0
0.0
0.0
0.0
0.0
0.0
0.0
0.0
0.0
0.0
0.0
0.0
0.0
0.0
0.0
0.0
0.0
0.0
0.0
0.0
0.0
0.0
0.0
0.0
0.0
0.0
0.0
0.0
0.0
0.0
0.0
0.0
0.0
0.0
0.0
0.0
0.0
0.0
0.0
0.0
0.0
0.0
0.0
0.0
0.0
0.0
0.0
0.0
0.0
0.0
0.0
0.0
0.0
0.0
0.0
0.0
0.0
0.0
0.0
0.0
0.0
0.0
0.0
0.0
0.0
0.0
0.0
0.0
0.0
0.0
0.0
0.0
0.0
0.0
0.0
0.0
0.0
0.0
0.0
0.0
0.0
0.0
0.0
0.0
0.0
0.0
0.0
0.0
0.0
0.0
0.0
0.0
0.0
0.0
0.0
0.0
0.0
0.0
0.0
0.0
0.0
0.0
131914.0
0.0
0.0
0.0
0.0
0.0
0.0
131992.0
131993.0
131994.0
131995.0
131996.0
0.0
0.0
0.0
0.0
0.0
0.0
0.0
0.0
132073.0
132074.0
132075.0
132076.0
0.0
0.0
0.0
0.0
0.0
0.0
0.0
0.0
132151.0
132153.0
132154.0
132155.0
132157.0
132158.0
0.0
0.0
0.0
0.0
0.0
0.0
0.0
0.0
0.0
0.0
0.0
0.0
132236.0
132237.0
132238.0
132239.0
0.0
0.0
0.0
0.0
0.0
0.0
0.0
0.0
0.0
0.0
0.0
0.0
132318.0
132319.0
132320.0
0.0
0.0
0.0
0.0
0.0
0.0
0.0
0.0
0.0
0.0
0.0
0.0
0.0
0.0
132399.0
132400.0
0.0
0.0
0.0
0.0
0.0
0.0
0.0
0.0
0.0
0.0
0.0
0.0
0.0
0.0
0.0
0.0
0.0
0.0
0.0
0.0
0.0
0.0
0.0
0.0
0.0
0.0
0.0
0.0
0.0
0.0
0.0
0.0
0.0
0.0
0.0
0.0
0.0
0.0
0.0
0.0
0.0
0.0
0.0
0.0
0.0
0.0
0.0
0.0
0.0
0.0
0.0
0.0
0.0
0.0
0.0
0.0
0.0
0.0
0.0
0.0
0.0
0.0
0.0
0.0
0.0
0.0
0.0
0.0
0.0
0.0
0.0
0.0
0.0
0.0
0.0
0.0
0.0
0.0
0.0
0.0
0.0
0.0
0.0
0.0
0.0
0.0
0.0
0.0
0.0
0.0
0.0
0.0
0.0
0.0
0.0
0.0
0.0
0.0
0.0
0.0
0.0
0.0
0.0
0.0
0.0
0.0
0.0
0.0
0.0
0.0
0.0
0.0
0.0
0.0
0.0
0.0
0.0
0.0
0.0
0.0
0.0
0.0
0.0
0.0
0.0
0.0
0.0
0.0
0.0
0.0
0.0
0.0
0.0
0.0
0.0
0.0
0.0
0.0
0.0
0.0
0.0
0.0
0.0
0.0
0.0
0.0
0.0
0.0
0.0
0.0
0.0
0.0
0.0
0.0
0.0
0.0
0.0
0.0
0.0
0.0
0.0
0.0
0.0
0.0
0.0
0.0
0.0
0.0
0.0
0.0
0.0
0.0
0.0
0.0
0.0
0.0
0.0
0.0
0.0
0.0
0.0
0.0
0.0
0.0
0.0
0.0
0.0
0.0
0.0
0.0
0.0
0.0
0.0
0.0
0.0
0.0
0.0
0.0
0.0
0.0
0.0
0.0
0.0
0.0
0.0
0.0
0.0
0.0
0.0
0.0
0.0
0.0
0.0
0.0
0.0
0.0
0.0
0.0
0.0
0.0
0.0
0.0
0.0
0.0
0.0
0.0
0.0
0.0
0.0
0.0
0.0
0.0
0.0
0.0
0.0
0.0
0.0
0.0
0.0
0.0
0.0
139602.0
139606.0
139607.0
139608.0
139609.0
139610.0
0.0
0.0
0.0
0.0
0.0
0.0
0.0
139687.0
139688.0
139689.0
139690.0
139691.0
0.0
0.0
0.0
0.0
0.0
0.0
0.0
139765.0
139770.0
139771.0
139772.0
0.0
0.0
0.0
0.0
0.0
0.0
0.0
139846.0
139848.0
139849.0
139850.0
139851.0
139852.0
139853.0
0.0
0.0
0.0
0.0
0.0
0.0
0.0
0.0
0.0
139928.0
0.0
139930.0
139931.0
139932.0
139934.0
0.0
0.0
0.0
0.0
0.0
0.0
0.0
0.0
0.0
0.0
0.0
0.0
0.0
0.0
140012.0
140013.0
140014.0
140015.0
0.0
0.0
0.0
0.0
0.0
0.0
0.0
0.0
0.0
0.0
0.0
0.0
140093.0
140094.0
140095.0
140096.0
0.0
0.0
0.0
0.0
0.0
0.0
0.0
0.0
0.0
0.0
0.0
0.0
140175.0
140176.0
0.0
0.0
0.0
0.0
0.0
0.0
0.0
0.0
0.0
0.0
0.0
0.0
0.0
0.0
0.0
0.0
0.0
0.0
0.0
0.0
0.0
0.0
0.0
0.0
0.0
0.0
0.0
0.0
0.0
0.0
0.0
0.0
0.0
0.0
0.0
0.0
0.0
0.0
0.0
0.0
0.0
0.0
0.0
0.0
0.0
0.0
0.0
0.0
0.0
0.0
0.0
0.0
0.0
0.0
0.0
0.0
0.0
0.0
0.0
0.0
0.0
0.0
0.0
0.0
0.0
0.0
0.0
0.0
0.0
0.0
0.0
0.0
0.0
0.0
0.0
0.0
0.0
0.0
0.0
0.0
0.0
0.0
0.0
0.0
0.0
0.0
0.0
0.0
0.0
0.0
0.0
0.0
0.0
0.0
0.0
0.0
0.0
0.0
0.0
0.0
0.0
0.0
0.0
0.0
0.0
0.0
0.0
0.0
0.0
0.0
0.0
0.0
0.0
0.0
0.0
0.0
0.0
0.0
0.0
0.0
0.0
0.0
0.0
0.0
0.0
0.0
0.0
0.0
0.0
0.0
0.0
0.0
0.0
0.0
0.0
0.0
0.0
0.0
0.0
0.0
0.0
0.0
0.0
0.0
0.0
0.0
0.0
0.0
0.0
0.0
0.0
0.0
0.0
0.0
0.0
0.0
0.0
0.0
0.0
0.0
0.0
0.0
0.0
0.0
0.0
0.0
0.0
0.0
0.0
0.0
0.0
0.0
0.0
0.0
0.0
0.0
0.0
0.0
0.0
0.0
0.0
0.0
0.0
0.0
0.0
0.0
0.0
0.0
0.0
0.0
0.0
0.0
0.0
0.0
0.0
0.0
0.0
0.0
0.0
0.0
0.0
0.0
0.0
0.0
0.0
0.0
0.0
0.0
0.0
0.0
0.0
0.0
0.0
0.0
0.0
0.0
0.0
0.0
0.0
0.0
0.0
0.0
0.0
0.0
0.0
0.0
0.0
0.0
147218.0
147221.0
147222.0
147223.0
147224.0
147225.0
0.0
0.0
0.0
0.0
0.0
0.0
0.0
147297.0
147302.0
147303.0
147304.0
147305.0
147306.0
0.0
0.0
0.0
0.0
0.0
0.0
147378.0
147379.0
147384.0
147385.0
147386.0
147387.0
0.0
0.0
0.0
0.0
0.0
147459.0
147460.0
147466.0
147467.0
0.0
0.0
0.0
0.0
0.0
0.0
147540.0
147541.0
147542.0
147543.0
147544.0
147545.0
147547.0
147548.0
0.0
0.0
0.0
0.0
0.0
0.0
0.0
0.0
0.0
147622.0
147623.0
147624.0
147625.0
147626.0
147627.0
147628.0
147629.0
0.0
0.0
0.0
0.0
0.0
0.0
0.0
0.0
0.0
0.0
147705.0
147706.0
147707.0
147708.0
0.0
0.0
0.0
0.0
0.0
0.0
0.0
0.0
0.0
0.0
147786.0
147787.0
147788.0
147789.0
147790.0
147791.0
0.0
0.0
0.0
0.0
0.0
0.0
0.0
0.0
0.0
0.0
147870.0
0.0
0.0
0.0
0.0
0.0
0.0
0.0
0.0
0.0
0.0
0.0
0.0
0.0
0.0
0.0
0.0
0.0
0.0
0.0
0.0
0.0
0.0
0.0
0.0
0.0
0.0
0.0
0.0
0.0
0.0
0.0
0.0
0.0
0.0
0.0
0.0
0.0
0.0
0.0
0.0
0.0
0.0
0.0
0.0
0.0
0.0
0.0
0.0
0.0
0.0
0.0
0.0
0.0
0.0
0.0
0.0
0.0
0.0
0.0
0.0
0.0
0.0
0.0
0.0
0.0
0.0
0.0
0.0
0.0
0.0
0.0
0.0
0.0
0.0
0.0
0.0
0.0
0.0
0.0
0.0
0.0
0.0
0.0
0.0
0.0
0.0
0.0
0.0
0.0
0.0
0.0
0.0
0.0
0.0
0.0
0.0
0.0
0.0
0.0
0.0
0.0
0.0
0.0
0.0
0.0
0.0
0.0
0.0
0.0
0.0
0.0
0.0
0.0
0.0
0.0
0.0
0.0
0.0
0.0
0.0
0.0
0.0
0.0
0.0
0.0
0.0
0.0
0.0
0.0
0.0
0.0
0.0
0.0
0.0
0.0
0.0
0.0
0.0
0.0
0.0
0.0
0.0
0.0
0.0
0.0
0.0
0.0
0.0
0.0
0.0
0.0
0.0
0.0
0.0
0.0
0.0
0.0
0.0
0.0
0.0
0.0
0.0
0.0
0.0
0.0
0.0
0.0
0.0
0.0
0.0
0.0
0.0
0.0
0.0
0.0
0.0
0.0
0.0
0.0
0.0
0.0
0.0
0.0
0.0
0.0
0.0
0.0
0.0
0.0
0.0
0.0
154668.0
0.0
0.0
0.0
0.0
0.0
154748.0
154749.0
154750.0
154752.0
154753.0
0.0
0.0
0.0
0.0
0.0
0.0
154831.0
154832.0
154836.0
154837.0
154838.0
154839.0
0.0
0.0
0.0
0.0
0.0
0.0
154912.0
154913.0
154914.0
154916.0
154917.0
154918.0
154919.0
154920.0
154921.0
0.0
0.0
0.0
0.0
0.0
0.0
0.0
154994.0
154995.0
154996.0
154997.0
154998.0
154999.0
155000.0
155001.0
155002.0
0.0
0.0
0.0
0.0
0.0
0.0
155073.0
155074.0
155075.0
155076.0
155077.0
155078.0
155081.0
155082.0
0.0
0.0
0.0
0.0
0.0
0.0
0.0
155154.0
155155.0
155157.0
155161.0
155162.0
155163.0
0.0
0.0
0.0
0.0
0.0
0.0
0.0
0.0
155235.0
155236.0
155238.0
155242.0
155243.0
0.0
0.0
0.0
0.0
0.0
0.0
0.0
0.0
0.0
0.0
155317.0
155318.0
155319.0
155320.0
155321.0
155322.0
155323.0
155324.0
0.0
0.0
0.0
0.0
0.0
0.0
0.0
0.0
0.0
0.0
155398.0
155399.0
155400.0
155401.0
155402.0
155403.0
155404.0
155405.0
0.0
0.0
0.0
0.0
0.0
0.0
0.0
0.0
0.0
155481.0
155482.0
0.0
0.0
0.0
0.0
0.0
0.0
0.0
0.0
0.0
0.0
0.0
0.0
0.0
0.0
0.0
0.0
0.0
0.0
0.0
0.0
0.0
0.0
0.0
0.0
0.0
0.0
0.0
0.0
0.0
0.0
0.0
0.0
0.0
0.0
0.0
0.0
0.0
0.0
0.0
0.0
0.0
0.0
0.0
0.0
0.0
0.0
0.0
0.0
0.0
0.0
0.0
0.0
0.0
0.0
0.0
0.0
0.0
0.0
0.0
0.0
0.0
0.0
0.0
0.0
0.0
0.0
0.0
0.0
0.0
0.0
0.0
0.0
0.0
0.0
0.0
0.0
0.0
0.0
0.0
0.0
0.0
0.0
0.0
0.0
0.0
0.0
0.0
0.0
0.0
0.0
0.0
0.0
0.0
0.0
0.0
0.0
0.0
0.0
0.0
0.0
0.0
0.0
0.0
0.0
0.0
0.0
0.0
0.0
0.0
0.0
0.0
0.0
0.0
0.0
0.0
0.0
0.0
0.0
0.0
0.0
157008.0
0.0
0.0
0.0
157088.0
157089.0
0.0
0.0
157169.0
157170.0
0.0
0.0
157250.0
157251.0
0.0
0.0
157332.0
0.0
0.0
0.0
0.0
0.0
0.0
0.0
0.0
0.0
0.0
0.0
0.0
0.0
0.0
0.0
0.0
0.0
0.0
0.0
0.0
0.0
0.0
0.0
0.0
0.0
0.0
0.0
0.0
0.0
0.0
0.0
0.0
0.0
0.0
0.0
0.0
0.0
162286.0
0.0
0.0
0.0
0.0
162363.0
162367.0
162368.0
0.0
0.0
0.0
0.0
0.0
0.0
162443.0
162444.0
162445.0
162446.0
162447.0
162448.0
162449.0
0.0
0.0
0.0
0.0
0.0
0.0
0.0
162526.0
162527.0
162528.0
162529.0
162530.0
162531.0
162532.0
162533.0
162534.0
162535.0
162536.0
0.0
0.0
0.0
162605.0
162607.0
162608.0
162609.0
162610.0
162611.0
162612.0
162613.0
162614.0
162615.0
162616.0
162617.0
0.0
0.0
0.0
0.0
0.0
162686.0
162687.0
162688.0
162689.0
162691.0
162692.0
162693.0
162696.0
162697.0
162698.0
0.0
0.0
0.0
0.0
162767.0
162768.0
162770.0
162771.0
162772.0
162773.0
162776.0
162777.0
162778.0
0.0
0.0
0.0
0.0
0.0
0.0
162849.0
162851.0
162852.0
162853.0
162856.0
162857.0
162858.0
162859.0
162860.0
0.0
0.0
0.0
0.0
0.0
0.0
0.0
162930.0
162931.0
162937.0
162938.0
162939.0
162940.0
0.0
0.0
0.0
0.0
0.0
0.0
0.0
163018.0
163019.0
163020.0
0.0
0.0
0.0
0.0
0.0
0.0
0.0
0.0
0.0
163094.0
163095.0
163096.0
163099.0
163100.0
0.0
0.0
0.0
0.0
0.0
0.0
0.0
0.0
0.0
0.0
0.0
163176.0
0.0
0.0
0.0
0.0
0.0
0.0
0.0
0.0
0.0
0.0
0.0
0.0
0.0
0.0
0.0
0.0
0.0
0.0
0.0
0.0
0.0
0.0
0.0
0.0
0.0
0.0
0.0
0.0
0.0
0.0
0.0
0.0
0.0
0.0
0.0
0.0
0.0
0.0
0.0
0.0
0.0
0.0
0.0
0.0
0.0
0.0
0.0
0.0
0.0
0.0
0.0
0.0
0.0
0.0
0.0
0.0
0.0
0.0
0.0
0.0
0.0
0.0
0.0
0.0
0.0
0.0
0.0
0.0
0.0
0.0
0.0
0.0
0.0
0.0
0.0
0.0
0.0
0.0
0.0
0.0
0.0
0.0
0.0
0.0
0.0
0.0
164463.0
0.0
0.0
164541.0
164542.0
164543.0
164544.0
0.0
0.0
164622.0
164623.0
164624.0
164625.0
0.0
164702.0
164703.0
164704.0
164705.0
0.0
0.0
164782.0
164783.0
164784.0
164785.0
0.0
0.0
164864.0
164865.0
0.0
0.0
164945.0
164946.0
0.0
0.0
165027.0
0.0
0.0
0.0
0.0
0.0
0.0
0.0
0.0
0.0
0.0
0.0
0.0
0.0
0.0
0.0
0.0
0.0
0.0
0.0
0.0
0.0
0.0
0.0
0.0
0.0
0.0
0.0
0.0
0.0
0.0
0.0
0.0
0.0
0.0
0.0
0.0
0.0
169900.0
0.0
0.0
0.0
0.0
169981.0
169982.0
0.0
0.0
0.0
0.0
170062.0
170063.0
170064.0
170065.0
0.0
0.0
0.0
0.0
0.0
0.0
0.0
170139.0
170140.0
170141.0
170143.0
170144.0
170145.0
170148.0
170149.0
0.0
0.0
0.0
0.0
0.0
0.0
0.0
0.0
170219.0
170220.0
170221.0
170222.0
170223.0
170224.0
170225.0
170227.0
170228.0
170229.0
170230.0
170231.0
170232.0
170233.0
0.0
0.0
0.0
0.0
0.0
170300.0
170302.0
170303.0
170304.0
170305.0
170307.0
170308.0
170309.0
170310.0
170311.0
170312.0
170313.0
170314.0
0.0
0.0
0.0
0.0
0.0
0.0
0.0
170383.0
170384.0
170385.0
170386.0
170387.0
170388.0
170389.0
170390.0
170392.0
170393.0
170394.0
0.0
0.0
0.0
0.0
0.0
0.0
170462.0
170463.0
170465.0
170466.0
170467.0
170468.0
170469.0
170470.0
170473.0
170474.0
170475.0
0.0
0.0
0.0
0.0
0.0
0.0
0.0
0.0
170546.0
170547.0
170548.0
170549.0
170550.0
170553.0
170554.0
170555.0
170556.0
0.0
0.0
0.0
0.0
0.0
0.0
0.0
0.0
0.0
170628.0
170629.0
170630.0
170631.0
170633.0
170634.0
170635.0
170636.0
0.0
0.0
170714.0
170715.0
170716.0
170717.0
0.0
0.0
0.0
0.0
0.0
0.0
0.0
0.0
0.0
0.0
0.0
0.0
0.0
0.0
0.0
0.0
0.0
0.0
0.0
0.0
0.0
0.0
0.0
0.0
0.0
0.0
0.0
0.0
0.0
0.0
0.0
0.0
0.0
0.0
0.0
0.0
0.0
0.0
0.0
0.0
0.0
0.0
0.0
0.0
0.0
0.0
0.0
0.0
0.0
0.0
0.0
0.0
0.0
0.0
0.0
0.0
171916.0
171917.0
171996.0
171997.0
171998.0
0.0
0.0
0.0
172076.0
172077.0
172078.0
172079.0
0.0
0.0
0.0
172155.0
172156.0
172157.0
172158.0
172159.0
0.0
0.0
172236.0
172237.0
172238.0
172239.0
172240.0
172316.0
172317.0
172318.0
172319.0
172320.0
0.0
0.0
172397.0
172398.0
172399.0
172400.0
172477.0
172478.0
172479.0
172480.0
172559.0
172560.0
0.0
0.0
172641.0
0.0
0.0
172721.0
172722.0
0.0
0.0
0.0
0.0
0.0
0.0
0.0
0.0
0.0
0.0
0.0
0.0
0.0
0.0
0.0
0.0
0.0
0.0
0.0
0.0
0.0
0.0
0.0
0.0
0.0
0.0
0.0
0.0
0.0
0.0
0.0
0.0
0.0
177678.0
177679.0
0.0
0.0
0.0
0.0
0.0
0.0
0.0
177753.0
177754.0
177758.0
177759.0
177760.0
0.0
0.0
0.0
0.0
0.0
0.0
0.0
0.0
0.0
177834.0
177835.0
177839.0
177840.0
177841.0
177843.0
177844.0
177845.0
177846.0
0.0
0.0
0.0
0.0
0.0
0.0
0.0
0.0
177915.0
177919.0
177920.0
177921.0
177922.0
177923.0
177924.0
177925.0
177926.0
177927.0
177928.0
177929.0
0.0
0.0
0.0
177996.0
178000.0
178001.0
178004.0
178005.0
178006.0
178008.0
178009.0
178010.0
0.0
0.0
0.0
0.0
0.0
0.0
178076.0
178077.0
178080.0
178081.0
178083.0
178084.0
178085.0
178086.0
178087.0
178090.0
0.0
0.0
0.0
0.0
0.0
0.0
178160.0
178161.0
178162.0
178163.0
178164.0
178165.0
178166.0
178167.0
178168.0
0.0
0.0
0.0
0.0
0.0
0.0
178242.0
178243.0
178244.0
178245.0
178246.0
178247.0
178248.0
0.0
0.0
0.0
0.0
0.0
0.0
178323.0
178324.0
178325.0
178326.0
178327.0
0.0
0.0
178406.0
178407.0
0.0
0.0
0.0
0.0
0.0
0.0
0.0
0.0
0.0
0.0
0.0
0.0
0.0
0.0
0.0
0.0
0.0
0.0
0.0
0.0
0.0
0.0
0.0
0.0
0.0
0.0
0.0
0.0
0.0
0.0
0.0
0.0
0.0
0.0
0.0
0.0
0.0
179369.0
179370.0
0.0
0.0
179449.0
179450.0
179451.0
0.0
179529.0
179530.0
179531.0
179532.0
179610.0
179611.0
179612.0
0.0
0.0
179691.0
179692.0
179693.0
0.0
0.0
0.0
179771.0
179772.0
179773.0
179774.0
0.0
0.0
0.0
179850.0
179851.0
179852.0
179853.0
179854.0
0.0
179931.0
179932.0
179933.0
179934.0
179935.0
180011.0
180012.0
180013.0
180014.0
180015.0
180091.0
180092.0
180093.0
180094.0
180173.0
180174.0
0.0
0.0
0.0
180254.0
180255.0
0.0
0.0
0.0
180336.0
0.0
0.0
0.0
0.0
0.0
0.0
0.0
0.0
0.0
0.0
0.0
0.0
0.0
0.0
0.0
0.0
0.0
0.0
0.0
0.0
0.0
0.0
0.0
0.0
185373.0
0.0
0.0
0.0
0.0
0.0
185449.0
185454.0
185455.0
185456.0
0.0
0.0
0.0
0.0
185529.0
185536.0
185537.0
185539.0
185540.0
185541.0
185542.0
0.0
0.0
0.0
185610.0
185611.0
185614.0
185615.0
185616.0
185617.0
185618.0
185619.0
185620.0
185621.0
185622.0
185623.0
185624.0
185625.0
185626.0
0.0
0.0
185691.0
185692.0
185695.0
185696.0
185697.0
185699.0
185701.0
185702.0
185703.0
185704.0
185705.0
0.0
0.0
0.0
185775.0
185776.0
185777.0
185778.0
185779.0
185780.0
185782.0
185783.0
185784.0
0.0
0.0
0.0
0.0
185856.0
185857.0
185858.0
185859.0
185860.0
185861.0
185862.0
185863.0
185864.0
0.0
0.0
0.0
0.0
185937.0
185938.0
185939.0
185940.0
185941.0
0.0
0.0
0.0
0.0
186019.0
186020.0
186021.0
0.0
0.0
0.0
186101.0
186102.0
186103.0
0.0
0.0
0.0
0.0
0.0
0.0
0.0
0.0
0.0
0.0
0.0
0.0
0.0
0.0
0.0
0.0
0.0
0.0
0.0
0.0
0.0
0.0
0.0
0.0
186982.0
186983.0
186984.0
0.0
0.0
0.0
187063.0
187064.0
187065.0
187144.0
187145.0
187146.0
0.0
0.0
187224.0
187225.0
187226.0
187227.0
0.0
0.0
187305.0
187306.0
187307.0
187308.0
0.0
187386.0
187387.0
187388.0
187389.0
0.0
0.0
187465.0
187466.0
187467.0
187468.0
187469.0
187545.0
187546.0
187547.0
187548.0
187549.0
187625.0
187626.0
187627.0
187628.0
187629.0
0.0
187706.0
187707.0
187708.0
187709.0
187786.0
187787.0
187788.0
187789.0
187868.0
187869.0
0.0
0.0
0.0
0.0
0.0
0.0
0.0
0.0
0.0
0.0
0.0
0.0
0.0
0.0
0.0
0.0
0.0
0.0
0.0
193149.0
193150.0
0.0
0.0
193230.0
193231.0
193236.0
193237.0
193238.0
0.0
193313.0
193316.0
193317.0
193318.0
193319.0
193320.0
193321.0
0.0
193390.0
193391.0
193392.0
193398.0
193399.0
193400.0
193401.0
0.0
193471.0
193472.0
193473.0
193474.0
193475.0
193478.0
193479.0
193480.0
193481.0
0.0
0.0
193552.0
193554.0
193555.0
193556.0
0.0
0.0
0.0
0.0
193634.0
193635.0
193636.0
0.0
0.0
0.0
0.0
193715.0
0.0
0.0
0.0
0.0
0.0
0.0
0.0
0.0
0.0
0.0
194598.0
194676.0
194677.0
194678.0
194679.0
194757.0
194758.0
194759.0
194760.0
194838.0
194839.0
194840.0
194841.0
194842.0
0.0
0.0
0.0
194919.0
194920.0
194921.0
194922.0
0.0
0.0
194999.0
195000.0
195003.0
0.0
0.0
195080.0
195081.0
195083.0
195084.0
0.0
195160.0
195161.0
195162.0
195163.0
195164.0
195240.0
195241.0
195242.0
195243.0
195244.0
195320.0
195321.0
195322.0
195323.0
195324.0
195401.0
195402.0
195403.0
195482.0
195483.0
195484.0
195562.0
195564.0
0.0
0.0
0.0
0.0
0.0
0.0
0.0
201013.0
201014.0
201094.0
201095.0
201096.0
201169.0
201174.0
201175.0
201176.0
201177.0
201248.0
201249.0
201250.0
201257.0
0.0
201329.0
0.0
0.0
0.0
0.0
0.0
0.0
0.0
0.0
0.0
0.0
202371.0
202372.0
202452.0
202453.0
202454.0
0.0
202533.0
202534.0
202535.0
202536.0
0.0
0.0
202613.0
202614.0
202615.0
202616.0
202617.0
0.0
0.0
0.0
202694.0
202695.0
202696.0
202697.0
0.0
0.0
202775.0
202776.0
202778.0
202779.0
202855.0
202856.0
202857.0
202858.0
202859.0
202934.0
202935.0
202936.0
202937.0
202938.0
202939.0
203015.0
203016.0
203017.0
203018.0
203019.0
203096.0
203097.0
203098.0
203099.0
203177.0
203178.0
203179.0
203258.0
203259.0
0.0
0.0
0.0
0.0
0.0
0.0
208789.0
208870.0
208871.0
0.0
0.0
0.0
0.0
210066.0
210067.0
210147.0
210148.0
210149.0
0.0
210226.0
210227.0
210228.0
210229.0
210230.0
210231.0
0.0
210308.0
210309.0
210310.0
210311.0
0.0
0.0
210389.0
210390.0
210391.0
210392.0
0.0
0.0
210470.0
210471.0
210472.0
210473.0
210549.0
210550.0
210551.0
210552.0
210553.0
210554.0
210629.0
210630.0
210631.0
210632.0
210633.0
210634.0
210710.0
210711.0
210712.0
210713.0
210714.0
210791.0
210792.0
210793.0
210871.0
210872.0
210873.0
217290.0
217370.0
217371.0
217372.0
217450.0
217451.0
217452.0
217453.0
217531.0
217532.0
217533.0
217534.0
217612.0
217613.0
217614.0
217681.0
217694.0
217760.0
217761.0
217762.0
217763.0
217841.0
217842.0
217843.0
217844.0
217921.0
217922.0
217923.0
217924.0
217925.0
217926.0
217929.0
218002.0
218003.0
218004.0
218005.0
218006.0
218011.0
218084.0
218085.0
218086.0
0.0
218165.0
218166.0
218167.0
0.0
0.0
218246.0
218247.0
218248.0
218328.0
218329.0
218406.0
218407.0
218408.0
218409.0
218486.0
218487.0
218488.0
218489.0
218567.0
218568.0
218649.0
218732.0
218733.0
218814.0
224983.0
225066.0
225147.0
225223.0
225224.0
225225.0
225226.0
225227.0
225228.0
225229.0
225303.0
225304.0
225305.0
225306.0
225307.0
225308.0
225309.0
225310.0
225375.0
225376.0
225382.0
225384.0
225385.0
225386.0
225387.0
225388.0
225389.0
225390.0
225391.0
225455.0
225456.0
225457.0
225535.0
225536.0
225537.0
225538.0
225617.0
225618.0
225619.0
225620.0
225621.0
225622.0
225699.0
225700.0
225779.0
225780.0
225785.0
225860.0
225861.0
225941.0
225942.0
226022.0
226023.0
226102.0
226103.0
226104.0
226182.0
226183.0
226184.0
226262.0
226263.0
226264.0
226343.0
226344.0
226347.0
226425.0
226428.0
232837.0
232920.0
232923.0
232924.0
232996.0
232998.0
232999.0
233001.0
233002.0
233004.0
233005.0
233078.0
233079.0
233080.0
233081.0
233082.0
233083.0
233084.0
233085.0
233086.0
233160.0
233161.0
233162.0
233163.0
233164.0
233314.0
233315.0
233316.0
233400.0
233401.0
233402.0
233474.0
233479.0
233480.0
233555.0
233556.0
233557.0
233636.0
233637.0
233638.0
233717.0
233718.0
233719.0
233797.0
233798.0
233799.0
233878.0
233879.0
233958.0
233959.0
233960.0
233962.0
234039.0
234040.0
234041.0
234042.0
234043.0
234120.0
234121.0
234122.0
234123.0
240613.0
240615.0
240616.0
240617.0
240618.0
240619.0
240693.0
240694.0
240696.0
240697.0
240699.0
240700.0
240773.0
240774.0
240775.0
240776.0
240777.0
240778.0
240779.0
240780.0
240781.0
240854.0
240855.0
240856.0
240857.0
240858.0
240859.0
240860.0
240861.0
240935.0
240936.0
240939.0
241015.0
241016.0
241017.0
241095.0
241096.0
241097.0
241175.0
241176.0
241255.0
241332.0
241413.0
241493.0
241494.0
241495.0
241574.0
241575.0
241654.0
241655.0
241656.0
241735.0
241736.0
241737.0
241738.0
248314.0
248315.0
248388.0
248394.0
248395.0
248468.0
248469.0
248472.0
248473.0
248474.0
248475.0
248476.0
248548.0
248549.0
248550.0
248552.0
248553.0
248554.0
248555.0
248556.0
248629.0
248630.0
248631.0
248634.0
248635.0
248710.0
248711.0
248712.0
248790.0
248791.0
248792.0
248870.0
248871.0
248950.0
249189.0
249270.0
249351.0
256087.0
256088.0
256089.0
256090.0
256163.0
256164.0
256165.0
256166.0
256167.0
256168.0
256169.0
256170.0
256243.0
256244.0
256245.0
256246.0
256247.0
256248.0
256249.0
256250.0
256324.0
256325.0
256327.0
256328.0
256329.0
256330.0
256405.0
256406.0
256485.0
256486.0
256487.0
256564.0
256565.0
256566.0
256567.0
256645.0
256646.0
263621.0
263701.0
263702.0
263703.0
263780.0
263781.0
263782.0
263783.0
263784.0
263858.0
263859.0
263860.0
263861.0
263862.0
263863.0
263864.0
263938.0
263939.0
263940.0
263941.0
263942.0
263943.0
263944.0
264019.0
264020.0
264021.0
264022.0
264023.0
264099.0
264100.0
264101.0
264180.0
264181.0
264182.0
264260.0
264261.0
264262.0
264341.0
264424.0
264425.0
271234.0
271395.0
271474.0
271475.0
271476.0
271554.0
271555.0
271556.0
271557.0
271633.0
271634.0
271635.0
271636.0
271637.0
271713.0
271714.0
271715.0
271716.0
271717.0
271796.0
271797.0
271877.0
271955.0
271956.0
272036.0
272037.0
272038.0
272039.0
272040.0
272118.0
272119.0
272121.0
272200.0
279009.0
279010.0
279089.0
279090.0
279168.0
279169.0
279170.0
279171.0
279249.0
279250.0
279330.0
279331.0
279410.0
279411.0
279412.0
279490.0
279491.0
279492.0
279493.0
279571.0
279572.0
279573.0
279574.0
279650.0
279651.0
279652.0
279653.0
279654.0
279731.0
279732.0
279733.0
279734.0
279812.0
279813.0
279814.0
286704.0
286705.0
286784.0
286785.0
286786.0
286865.0
286866.0
286944.0
286945.0
286946.0
287025.0
287187.0
287188.0
287266.0
287267.0
287268.0
287269.0
287346.0
287348.0
287349.0
287427.0
287429.0
287509.0
294399.0
294480.0
294481.0
294560.0
294640.0
294963.0
294964.0
295044.0
295045.0
318047.0
318128.0
318129.0
318209.0
325580.0
325661.0
325741.0
325742.0
325743.0
325821.0
325822.0
325823.0
325824.0
325825.0
325901.0
325902.0
325903.0
325904.0
325983.0
325984.0
325985.0
333117.0
333194.0
333195.0
333196.0
333197.0
333198.0
333275.0
333276.0
333277.0
333278.0
333355.0
333356.0
333357.0
333435.0
333436.0
333437.0
333515.0
333516.0
333517.0
333518.0
333519.0
333596.0
333597.0
333599.0
333600.0
333677.0
333678.0
333679.0
333759.0
333760.0
340811.0
340890.0
340891.0
340892.0
340893.0
340894.0
340969.0
340970.0
340971.0
340972.0
340973.0
340974.0
340975.0
341050.0
341051.0
341052.0
341053.0
341054.0
341130.0
341131.0
341132.0
341210.0
341211.0
341212.0
341214.0
341291.0
341371.0
341372.0
341373.0
341374.0
341454.0
341455.0
348424.0
348502.0
348503.0
348504.0
348505.0
348506.0
348507.0
348510.0
348583.0
348584.0
348585.0
348586.0
348587.0
348588.0
348589.0
348590.0
348591.0
348663.0
348664.0
348665.0
348666.0
348667.0
348668.0
348669.0
348670.0
348744.0
348745.0
348746.0
348747.0
348825.0
348826.0
348905.0
348906.0
348907.0
348986.0
349067.0
349068.0
349069.0
349147.0
349149.0
349150.0
356042.0
356043.0
356118.0
356119.0
356123.0
356124.0
356125.0
356196.0
356197.0
356198.0
356199.0
356200.0
356201.0
356202.0
356203.0
356205.0
356277.0
356278.0
356279.0
356280.0
356281.0
356282.0
356283.0
356284.0
356285.0
356286.0
356287.0
356358.0
356359.0
356360.0
356365.0
356367.0
356439.0
356440.0
356520.0
356521.0
356600.0
356601.0
356602.0
356680.0
356681.0
356761.0
356843.0
363737.0
363813.0
363817.0
363818.0
363819.0
363891.0
363892.0
363893.0
363894.0
363895.0
363896.0
363897.0
363898.0
363899.0
363900.0
363972.0
363973.0
363976.0
363977.0
363978.0
363979.0
363980.0
363981.0
363982.0
364053.0
364054.0
364055.0
364135.0
364136.0
364215.0
364216.0
364294.0
364295.0
364296.0
364374.0
364375.0
364376.0
364454.0
364455.0
364456.0
364693.0
364773.0
364774.0
364775.0
364854.0
364855.0
364856.0
364935.0
364936.0
0.0
0.0
0.0
0.0
0.0
371267.0
371348.0
371428.0
371429.0
371430.0
371431.0
371432.0
371508.0
371509.0
371510.0
371512.0
371513.0
371586.0
371587.0
371588.0
371589.0
371590.0
371591.0
371592.0
371593.0
371594.0
371595.0
371667.0
371668.0
371669.0
371670.0
371671.0
371672.0
371673.0
371674.0
371675.0
371676.0
371748.0
371749.0
371750.0
371751.0
371752.0
371753.0
371754.0
371755.0
371756.0
371821.0
371822.0
371830.0
371831.0
371909.0
371910.0
371911.0
371983.0
371984.0
371988.0
371989.0
371990.0
371991.0
372064.0
372065.0
372069.0
372070.0
372145.0
372146.0
372150.0
372387.0
372388.0
372467.0
372468.0
372469.0
372548.0
372549.0
372550.0
372629.0
372630.0
372709.0
372710.0
372711.0
372712.0
372790.0
372791.0
372792.0
0.0
0.0
0.0
0.0
0.0
0.0
0.0
0.0
0.0
0.0
0.0
0.0
0.0
0.0
0.0
0.0
0.0
379111.0
379119.0
379120.0
379123.0
379124.0
379125.0
379200.0
379204.0
379205.0
379206.0
379207.0
379208.0
379273.0
379280.0
379281.0
379282.0
379283.0
379284.0
379285.0
379286.0
379287.0
379288.0
379289.0
379290.0
379354.0
379357.0
379362.0
379363.0
379364.0
379365.0
379366.0
379367.0
379368.0
379369.0
379370.0
379371.0
379434.0
379435.0
379436.0
379437.0
379438.0
379443.0
379444.0
379446.0
379447.0
379448.0
379449.0
379450.0
379451.0
379516.0
379517.0
379518.0
379519.0
379524.0
379597.0
379598.0
379599.0
379600.0
379603.0
379604.0
379605.0
379606.0
0.0
379678.0
379679.0
379680.0
379684.0
379685.0
379758.0
379759.0
379760.0
379764.0
379838.0
379839.0
379840.0
379919.0
379920.0
379921.0
379922.0
380000.0
380001.0
380002.0
380003.0
380004.0
380082.0
380083.0
380084.0
380162.0
380163.0
380164.0
380243.0
380244.0
380245.0
380322.0
380403.0
380404.0
380405.0
380406.0
380407.0
380483.0
380484.0
380485.0
380486.0
380487.0
380488.0
380564.0
380565.0
380566.0
380567.0
0.0
0.0
0.0
0.0
0.0
0.0
0.0
0.0
0.0
0.0
0.0
0.0
0.0
0.0
0.0
0.0
0.0
0.0
0.0
0.0
0.0
0.0
0.0
0.0
0.0
385764.0
0.0
385848.0
385849.0
0.0
0.0
385928.0
385929.0
385930.0
386009.0
0.0
0.0
386738.0
386739.0
386806.0
386807.0
386815.0
386819.0
386820.0
386821.0
386822.0
386886.0
386887.0
386888.0
386895.0
386896.0
386897.0
386898.0
386899.0
386900.0
386901.0
386902.0
386903.0
386967.0
386968.0
386969.0
386970.0
386976.0
386977.0
386978.0
386979.0
386980.0
386981.0
386982.0
386983.0
386984.0
387048.0
387049.0
387050.0
387052.0
387053.0
387058.0
387059.0
387060.0
387061.0
387062.0
387063.0
387064.0
387065.0
387129.0
387130.0
387131.0
387133.0
387138.0
387139.0
387142.0
387210.0
387211.0
387212.0
387213.0
387214.0
387219.0
387220.0
387291.0
387292.0
387293.0
387294.0
387295.0
387299.0
387300.0
0.0
0.0
387373.0
387374.0
387375.0
387380.0
0.0
387453.0
387454.0
387456.0
387532.0
387533.0
387534.0
387535.0
387536.0
387537.0
387613.0
387614.0
387615.0
387616.0
387617.0
387618.0
387694.0
387695.0
387696.0
387697.0
387698.0
387699.0
0.0
387775.0
387776.0
387777.0
387778.0
387779.0
0.0
387856.0
387857.0
387858.0
387859.0
387937.0
387938.0
388017.0
388018.0
388019.0
388097.0
388098.0
388099.0
388178.0
388179.0
388259.0
388260.0
0.0
0.0
0.0
0.0
0.0
0.0
0.0
0.0
0.0
0.0
0.0
0.0
0.0
0.0
0.0
0.0
0.0
0.0
0.0
0.0
0.0
0.0
0.0
0.0
393377.0
393383.0
393384.0
0.0
0.0
393457.0
393458.0
393459.0
393460.0
393462.0
393463.0
393464.0
393465.0
393466.0
0.0
393538.0
393539.0
393540.0
393541.0
393542.0
393543.0
393544.0
393545.0
393546.0
0.0
0.0
393620.0
393621.0
393622.0
393623.0
393624.0
393625.0
393626.0
393702.0
393703.0
393704.0
393705.0
0.0
0.0
394434.0
394435.0
0.0
394501.0
394502.0
394515.0
394516.0
394517.0
394581.0
394582.0
394583.0
394584.0
394585.0
394586.0
394596.0
394597.0
394598.0
394662.0
394663.0
394664.0
394665.0
394666.0
394671.0
394677.0
394678.0
394679.0
394743.0
394744.0
394745.0
394747.0
394753.0
394823.0
394824.0
394825.0
394826.0
394827.0
394828.0
394904.0
394905.0
394906.0
394907.0
394908.0
394909.0
0.0
394986.0
394987.0
394988.0
394989.0
394990.0
0.0
0.0
395068.0
395069.0
395070.0
395071.0
395146.0
0.0
0.0
395149.0
395150.0
395151.0
395152.0
395227.0
395228.0
395230.0
395231.0
395232.0
395308.0
395309.0
395310.0
395311.0
395312.0
395313.0
395389.0
395390.0
395391.0
395392.0
395393.0
0.0
395470.0
395471.0
395472.0
395473.0
395474.0
0.0
0.0
395633.0
395634.0
395712.0
395713.0
395714.0
395792.0
395793.0
395794.0
395873.0
395874.0
395953.0
395954.0
395955.0
0.0
0.0
0.0
0.0
0.0
0.0
0.0
0.0
0.0
0.0
0.0
0.0
0.0
0.0
0.0
0.0
0.0
0.0
0.0
400992.0
400997.0
400998.0
0.0
0.0
0.0
401072.0
401073.0
401076.0
401077.0
401078.0
401079.0
401080.0
401081.0
0.0
0.0
0.0
401152.0
401153.0
401154.0
401157.0
401158.0
401159.0
401160.0
401161.0
401162.0
0.0
401233.0
401234.0
401235.0
401236.0
401237.0
401238.0
401239.0
401240.0
401241.0
401314.0
401315.0
401316.0
401317.0
401318.0
401319.0
401320.0
401321.0
401396.0
401397.0
401398.0
401399.0
401400.0
401479.0
401480.0
0.0
0.0
0.0
402130.0
0.0
402197.0
402210.0
402211.0
402212.0
0.0
0.0
402278.0
0.0
0.0
402359.0
402360.0
402361.0
0.0
0.0
402440.0
402441.0
402442.0
402443.0
0.0
402519.0
402521.0
402522.0
402523.0
402524.0
402599.0
402600.0
402602.0
402603.0
0.0
0.0
402683.0
402684.0
402685.0
0.0
0.0
0.0
402764.0
402765.0
402766.0
0.0
0.0
402844.0
402845.0
402846.0
402847.0
0.0
402923.0
402924.0
402925.0
402926.0
402927.0
402928.0
0.0
403005.0
403006.0
403007.0
403008.0
403085.0
403086.0
403087.0
403088.0
0.0
0.0
403165.0
403166.0
403167.0
403168.0
0.0
403247.0
403248.0
403328.0
403329.0
403407.0
403408.0
403409.0
403487.0
403488.0
403489.0
403490.0
0.0
403568.0
403569.0
403570.0
403648.0
403649.0
403650.0
0.0
0.0
403730.0
0.0
0.0
0.0
0.0
0.0
0.0
0.0
0.0
0.0
0.0
0.0
0.0
0.0
0.0
0.0
0.0
0.0
0.0
0.0
0.0
0.0
0.0
0.0
0.0
0.0
0.0
0.0
0.0
0.0
0.0
0.0
0.0
0.0
0.0
0.0
0.0
0.0
0.0
0.0
0.0
0.0
0.0
408607.0
0.0
0.0
0.0
408687.0
408688.0
0.0
0.0
0.0
408767.0
408768.0
408769.0
408772.0
408773.0
408774.0
408775.0
408776.0
0.0
0.0
0.0
0.0
408847.0
408848.0
408849.0
408850.0
408853.0
408854.0
408855.0
408856.0
0.0
0.0
0.0
0.0
408928.0
408929.0
408930.0
408931.0
408932.0
408933.0
408934.0
408935.0
408936.0
0.0
0.0
409010.0
409011.0
409012.0
409013.0
409014.0
409015.0
0.0
409092.0
409093.0
409094.0
409095.0
409174.0
409175.0
0.0
0.0
0.0
0.0
0.0
0.0
0.0
0.0
0.0
410055.0
410056.0
0.0
0.0
410136.0
410137.0
410138.0
0.0
0.0
410217.0
410218.0
410219.0
0.0
0.0
0.0
410297.0
410298.0
410299.0
410300.0
0.0
0.0
410378.0
410379.0
410380.0
0.0
410459.0
410460.0
410461.0
0.0
0.0
410539.0
410540.0
410541.0
410542.0
410619.0
410620.0
410621.0
410622.0
410623.0
0.0
410699.0
410700.0
410701.0
410702.0
410703.0
0.0
410780.0
410781.0
410782.0
410783.0
410860.0
410861.0
410862.0
410942.0
410943.0
0.0
411024.0
411101.0
411102.0
411182.0
411183.0
411184.0
0.0
411263.0
411264.0
411265.0
0.0
0.0
411344.0
411345.0
0.0
0.0
411425.0
411426.0
0.0
0.0
0.0
0.0
0.0
0.0
0.0
0.0
0.0
0.0
0.0
0.0
0.0
0.0
0.0
0.0
0.0
0.0
0.0
0.0
0.0
0.0
0.0
0.0
0.0
0.0
0.0
0.0
0.0
0.0
0.0
0.0
0.0
0.0
0.0
0.0
0.0
0.0
0.0
0.0
0.0
0.0
0.0
0.0
0.0
0.0
0.0
0.0
0.0
0.0
0.0
0.0
0.0
0.0
0.0
0.0
0.0
0.0
0.0
0.0
0.0
0.0
0.0
0.0
0.0
0.0
0.0
416301.0
416302.0
416303.0
0.0
0.0
0.0
0.0
0.0
0.0
0.0
0.0
0.0
0.0
416382.0
416383.0
416384.0
0.0
0.0
0.0
0.0
0.0
0.0
416463.0
416464.0
416465.0
416467.0
416468.0
416472.0
0.0
0.0
0.0
0.0
0.0
416545.0
416546.0
416547.0
416548.0
416549.0
0.0
0.0
0.0
0.0
0.0
416626.0
416627.0
416628.0
416629.0
0.0
0.0
416707.0
416708.0
416709.0
0.0
416787.0
416788.0
416789.0
416868.0
416869.0
416870.0
0.0
416950.0
416951.0
0.0
0.0
0.0
0.0
0.0
0.0
0.0
0.0
0.0
0.0
0.0
0.0
417751.0
0.0
0.0
0.0
417831.0
417832.0
417833.0
0.0
0.0
417912.0
417913.0
417914.0
0.0
0.0
0.0
417993.0
417994.0
417995.0
0.0
0.0
418074.0
418075.0
0.0
418154.0
418155.0
418156.0
418234.0
418235.0
418236.0
418237.0
418314.0
418315.0
418316.0
418317.0
418318.0
0.0
0.0
0.0
418394.0
418395.0
418396.0
418397.0
418398.0
0.0
418474.0
418475.0
418476.0
418477.0
418478.0
418555.0
418556.0
418557.0
418558.0
418636.0
418637.0
418638.0
418716.0
418717.0
418718.0
418719.0
418797.0
418798.0
418799.0
418877.0
418878.0
418879.0
0.0
0.0
0.0
418958.0
418959.0
418960.0
0.0
0.0
419039.0
419040.0
0.0
0.0
0.0
0.0
0.0
0.0
0.0
0.0
0.0
0.0
0.0
0.0
0.0
0.0
0.0
0.0
0.0
0.0
0.0
0.0
0.0
0.0
0.0
0.0
0.0
0.0
0.0
0.0
0.0
0.0
0.0
0.0
0.0
0.0
0.0
0.0
0.0
0.0
0.0
0.0
0.0
0.0
0.0
0.0
0.0
0.0
0.0
0.0
0.0
0.0
0.0
0.0
0.0
0.0
0.0
0.0
0.0
0.0
0.0
0.0
0.0
0.0
0.0
0.0
0.0
0.0
0.0
0.0
0.0
0.0
0.0
0.0
0.0
0.0
0.0
0.0
423997.0
423998.0
0.0
0.0
0.0
0.0
0.0
0.0
0.0
0.0
0.0
0.0
0.0
0.0
424077.0
424078.0
424079.0
424080.0
0.0
0.0
0.0
0.0
0.0
0.0
0.0
0.0
0.0
0.0
0.0
0.0
0.0
424160.0
424162.0
0.0
0.0
0.0
0.0
0.0
0.0
0.0
0.0
0.0
0.0
0.0
424240.0
424241.0
424242.0
424243.0
0.0
0.0
0.0
0.0
0.0
0.0
0.0
0.0
424321.0
424322.0
0.0
0.0
0.0
0.0
0.0
0.0
0.0
424402.0
424403.0
424404.0
0.0
0.0
0.0
0.0
0.0
0.0
424483.0
424484.0
0.0
0.0
0.0
0.0
0.0
0.0
424563.0
424564.0
424565.0
0.0
0.0
0.0
0.0
0.0
0.0
424644.0
424645.0
424646.0
0.0
0.0
0.0
0.0
424726.0
424727.0
0.0
0.0
0.0
0.0
0.0
0.0
0.0
0.0
0.0
0.0
0.0
0.0
0.0
0.0
0.0
0.0
0.0
0.0
0.0
0.0
0.0
0.0
0.0
0.0
0.0
0.0
0.0
0.0
0.0
0.0
0.0
0.0
0.0
0.0
0.0
425769.0
425770.0
0.0
425849.0
425850.0
425851.0
0.0
0.0
425930.0
425931.0
425932.0
0.0
0.0
426009.0
426010.0
426011.0
426012.0
0.0
0.0
426089.0
426090.0
426091.0
426092.0
426093.0
0.0
0.0
426170.0
426171.0
426172.0
426173.0
0.0
0.0
426250.0
426251.0
426252.0
426253.0
426331.0
426332.0
426333.0
426411.0
426412.0
426413.0
426414.0
426492.0
426493.0
426494.0
426572.0
426573.0
426574.0
0.0
0.0
426654.0
426655.0
0.0
0.0
0.0
0.0
0.0
0.0
0.0
0.0
0.0
0.0
0.0
0.0
0.0
0.0
0.0
0.0
0.0
0.0
0.0
0.0
0.0
0.0
0.0
0.0
0.0
0.0
0.0
0.0
0.0
0.0
0.0
0.0
0.0
0.0
0.0
0.0
0.0
0.0
0.0
0.0
0.0
0.0
0.0
0.0
0.0
0.0
0.0
0.0
0.0
0.0
0.0
0.0
0.0
0.0
0.0
0.0
0.0
0.0
0.0
0.0
0.0
0.0
0.0
0.0
0.0
0.0
0.0
0.0
0.0
0.0
0.0
0.0
0.0
0.0
0.0
0.0
0.0
0.0
0.0
0.0
0.0
431772.0
431773.0
431774.0
0.0
0.0
0.0
0.0
0.0
0.0
0.0
0.0
0.0
0.0
0.0
0.0
431853.0
431854.0
431855.0
431857.0
431858.0
0.0
0.0
0.0
0.0
0.0
0.0
0.0
0.0
0.0
0.0
431935.0
431936.0
431937.0
431938.0
431939.0
0.0
0.0
0.0
0.0
0.0
0.0
0.0
0.0
0.0
432016.0
0.0
0.0
0.0
0.0
0.0
0.0
0.0
0.0
0.0
0.0
432096.0
432097.0
0.0
0.0
0.0
0.0
0.0
0.0
0.0
0.0
0.0
0.0
0.0
432178.0
432179.0
432180.0
0.0
0.0
0.0
0.0
0.0
0.0
0.0
0.0
0.0
432258.0
432259.0
432260.0
432261.0
0.0
0.0
0.0
0.0
0.0
0.0
0.0
0.0
0.0
0.0
0.0
432340.0
432341.0
432342.0
0.0
0.0
0.0
0.0
0.0
0.0
0.0
0.0
0.0
0.0
0.0
0.0
432421.0
432422.0
432423.0
0.0
0.0
0.0
0.0
0.0
0.0
0.0
0.0
0.0
0.0
0.0
0.0
0.0
0.0
0.0
0.0
0.0
0.0
0.0
0.0
0.0
0.0
0.0
0.0
0.0
0.0
0.0
0.0
0.0
0.0
0.0
0.0
0.0
0.0
0.0
0.0
0.0
0.0
0.0
0.0
0.0
0.0
0.0
0.0
0.0
0.0
0.0
0.0
0.0
0.0
0.0
433625.0
0.0
0.0
433706.0
0.0
0.0
433785.0
433786.0
433787.0
0.0
0.0
433865.0
433866.0
433867.0
0.0
0.0
433945.0
433946.0
433947.0
433948.0
0.0
434026.0
434027.0
434028.0
434106.0
434107.0
434108.0
434109.0
434187.0
434188.0
434189.0
0.0
434268.0
434269.0
0.0
0.0
434350.0
0.0
0.0
0.0
0.0
0.0
0.0
0.0
0.0
0.0
0.0
0.0
0.0
0.0
0.0
0.0
0.0
0.0
0.0
0.0
0.0
0.0
0.0
0.0
0.0
0.0
0.0
0.0
0.0
0.0
0.0
0.0
0.0
0.0
0.0
0.0
0.0
0.0
0.0
0.0
0.0
0.0
0.0
0.0
0.0
0.0
0.0
439467.0
0.0
0.0
0.0
0.0
0.0
0.0
439547.0
439548.0
439549.0
439550.0
0.0
0.0
0.0
0.0
0.0
0.0
0.0
0.0
0.0
439627.0
439628.0
439629.0
439630.0
0.0
0.0
0.0
0.0
0.0
0.0
0.0
0.0
0.0
439708.0
439709.0
439711.0
0.0
0.0
0.0
0.0
0.0
0.0
0.0
0.0
0.0
0.0
439789.0
439790.0
439792.0
439793.0
439794.0
0.0
0.0
0.0
0.0
0.0
0.0
0.0
0.0
0.0
0.0
0.0
439873.0
439874.0
439875.0
439876.0
0.0
0.0
0.0
0.0
0.0
0.0
0.0
0.0
0.0
0.0
439954.0
439955.0
439956.0
439957.0
0.0
0.0
0.0
0.0
0.0
0.0
0.0
0.0
0.0
0.0
0.0
0.0
0.0
0.0
440035.0
440036.0
440037.0
440038.0
0.0
0.0
0.0
0.0
0.0
0.0
0.0
0.0
0.0
0.0
0.0
0.0
440116.0
440117.0
440118.0
440119.0
0.0
0.0
0.0
0.0
0.0
0.0
0.0
0.0
0.0
440199.0
440200.0
0.0
0.0
0.0
0.0
0.0
0.0
0.0
0.0
0.0
0.0
0.0
0.0
0.0
0.0
0.0
0.0
0.0
0.0
0.0
0.0
0.0
0.0
0.0
0.0
0.0
0.0
0.0
0.0
0.0
0.0
0.0
0.0
0.0
0.0
0.0
0.0
0.0
0.0
0.0
0.0
0.0
0.0
0.0
0.0
0.0
0.0
0.0
0.0
0.0
0.0
0.0
0.0
0.0
0.0
0.0
0.0
0.0
0.0
0.0
0.0
0.0
0.0
0.0
0.0
0.0
0.0
0.0
0.0
0.0
0.0
0.0
0.0
0.0
0.0
0.0
0.0
0.0
0.0
0.0
0.0
0.0
0.0
0.0
0.0
0.0
0.0
0.0
0.0
0.0
0.0
0.0
0.0
0.0
0.0
0.0
0.0
0.0
0.0
0.0
0.0
0.0
0.0
0.0
0.0
0.0
0.0
0.0
0.0
0.0
0.0
0.0
0.0
0.0
0.0
0.0
0.0
0.0
0.0
0.0
0.0
0.0
0.0
0.0
0.0
0.0
0.0
0.0
0.0
0.0
0.0
0.0
0.0
0.0
447242.0
447244.0
447245.0
0.0
0.0
0.0
0.0
0.0
0.0
0.0
0.0
0.0
447322.0
447323.0
447324.0
447325.0
447326.0
447327.0
0.0
0.0
0.0
0.0
0.0
0.0
0.0
0.0
0.0
447403.0
447404.0
447405.0
447406.0
447407.0
447408.0
447409.0
0.0
0.0
0.0
0.0
0.0
0.0
0.0
0.0
0.0
0.0
447484.0
447485.0
447487.0
447488.0
447489.0
447490.0
447491.0
447495.0
0.0
0.0
0.0
0.0
0.0
0.0
0.0
0.0
447565.0
447568.0
447569.0
447570.0
447571.0
447572.0
447575.0
0.0
0.0
0.0
0.0
0.0
0.0
0.0
0.0
0.0
0.0
0.0
0.0
447649.0
447650.0
447651.0
447652.0
447653.0
0.0
0.0
0.0
0.0
0.0
0.0
0.0
0.0
0.0
0.0
0.0
0.0
0.0
0.0
447730.0
447731.0
447732.0
447733.0
447734.0
447735.0
0.0
0.0
0.0
0.0
0.0
0.0
0.0
0.0
0.0
0.0
0.0
0.0
0.0
0.0
447812.0
447813.0
447814.0
447815.0
447816.0
0.0
0.0
0.0
0.0
0.0
0.0
0.0
0.0
0.0
0.0
0.0
0.0
0.0
0.0
447892.0
447894.0
447895.0
447896.0
0.0
0.0
0.0
0.0
0.0
0.0
0.0
0.0
0.0
0.0
0.0
0.0
447974.0
0.0
0.0
0.0
0.0
0.0
0.0
0.0
0.0
0.0
0.0
0.0
0.0
0.0
0.0
0.0
0.0
0.0
0.0
0.0
0.0
0.0
0.0
0.0
0.0
0.0
0.0
0.0
0.0
0.0
0.0
0.0
0.0
0.0
0.0
0.0
0.0
0.0
0.0
0.0
0.0
0.0
0.0
0.0
0.0
0.0
0.0
0.0
0.0
0.0
0.0
0.0
0.0
0.0
0.0
0.0
0.0
0.0
0.0
0.0
0.0
0.0
0.0
0.0
0.0
0.0
0.0
0.0
0.0
0.0
0.0
0.0
0.0
0.0
0.0
0.0
0.0
0.0
0.0
0.0
0.0
0.0
0.0
0.0
0.0
0.0
0.0
0.0
0.0
0.0
0.0
0.0
0.0
0.0
0.0
0.0
0.0
0.0
0.0
0.0
0.0
0.0
0.0
0.0
0.0
0.0
0.0
0.0
0.0
0.0
0.0
0.0
0.0
0.0
0.0
0.0
0.0
0.0
0.0
0.0
0.0
0.0
0.0
0.0
0.0
0.0
0.0
0.0
0.0
0.0
0.0
0.0
0.0
0.0
0.0
0.0
0.0
0.0
0.0
0.0
0.0
0.0
0.0
0.0
0.0
0.0
0.0
0.0
0.0
0.0
0.0
0.0
0.0
455018.0
455020.0
455021.0
0.0
0.0
0.0
0.0
0.0
0.0
455098.0
455099.0
455100.0
455101.0
455102.0
455103.0
0.0
0.0
0.0
0.0
0.0
0.0
0.0
0.0
0.0
0.0
0.0
0.0
455179.0
455180.0
455181.0
455182.0
455183.0
455184.0
455185.0
455186.0
455187.0
455188.0
455189.0
455190.0
0.0
0.0
0.0
0.0
0.0
0.0
0.0
0.0
455259.0
455260.0
455261.0
455262.0
455263.0
455264.0
455265.0
455266.0
455267.0
455268.0
455269.0
455270.0
455271.0
0.0
0.0
0.0
0.0
0.0
0.0
0.0
0.0
0.0
0.0
0.0
455341.0
455342.0
455343.0
455345.0
455346.0
455347.0
455348.0
455349.0
455350.0
455351.0
0.0
0.0
0.0
0.0
0.0
0.0
0.0
0.0
455423.0
455424.0
455425.0
455426.0
455427.0
455428.0
455429.0
455430.0
0.0
0.0
0.0
0.0
0.0
0.0
0.0
0.0
0.0
0.0
0.0
0.0
0.0
0.0
455505.0
455506.0
455508.0
455509.0
455510.0
455511.0
0.0
0.0
0.0
0.0
0.0
0.0
0.0
0.0
0.0
0.0
0.0
0.0
0.0
0.0
0.0
455587.0
455588.0
455589.0
455590.0
455591.0
455592.0
0.0
0.0
0.0
0.0
0.0
0.0
0.0
0.0
0.0
0.0
0.0
455668.0
455669.0
0.0
0.0
0.0
0.0
0.0
0.0
0.0
0.0
0.0
0.0
0.0
0.0
0.0
455749.0
455750.0
0.0
0.0
0.0
0.0
0.0
0.0
0.0
0.0
0.0
0.0
0.0
455831.0
0.0
0.0
0.0
0.0
0.0
0.0
0.0
0.0
0.0
0.0
0.0
0.0
0.0
0.0
0.0
0.0
0.0
0.0
0.0
0.0
0.0
0.0
0.0
0.0
0.0
0.0
0.0
0.0
0.0
0.0
0.0
0.0
0.0
0.0
0.0
0.0
0.0
0.0
0.0
0.0
0.0
0.0
0.0
0.0
0.0
0.0
0.0
0.0
0.0
0.0
0.0
0.0
0.0
0.0
0.0
0.0
0.0
0.0
0.0
0.0
0.0
0.0
0.0
0.0
0.0
0.0
0.0
0.0
0.0
0.0
0.0
0.0
0.0
0.0
0.0
0.0
0.0
0.0
0.0
0.0
0.0
0.0
0.0
0.0
0.0
0.0
0.0
0.0
0.0
0.0
0.0
0.0
0.0
0.0
0.0
0.0
0.0
0.0
0.0
0.0
0.0
0.0
0.0
0.0
0.0
0.0
0.0
0.0
0.0
0.0
0.0
0.0
0.0
0.0
0.0
0.0
0.0
0.0
0.0
0.0
0.0
0.0
0.0
0.0
0.0
0.0
0.0
0.0
0.0
0.0
0.0
0.0
0.0
0.0
0.0
0.0
0.0
0.0
0.0
0.0
0.0
0.0
0.0
0.0
0.0
0.0
0.0
0.0
0.0
0.0
0.0
0.0
0.0
0.0
0.0
0.0
0.0
0.0
0.0
0.0
0.0
0.0
0.0
0.0
0.0
0.0
462796.0
462797.0
0.0
0.0
0.0
0.0
0.0
0.0
462874.0
462875.0
462876.0
462877.0
462878.0
462879.0
462880.0
462882.0
462883.0
0.0
0.0
0.0
0.0
0.0
0.0
0.0
0.0
0.0
0.0
0.0
0.0
462955.0
462956.0
462957.0
462958.0
462959.0
462960.0
462961.0
462962.0
462963.0
462964.0
462965.0
462966.0
0.0
0.0
0.0
0.0
0.0
0.0
0.0
0.0
0.0
0.0
0.0
463036.0
463037.0
463038.0
463039.0
463041.0
463042.0
463043.0
463044.0
463045.0
463046.0
463047.0
0.0
0.0
0.0
0.0
0.0
0.0
0.0
0.0
463118.0
463119.0
463120.0
463123.0
463124.0
463125.0
463126.0
0.0
0.0
0.0
0.0
0.0
0.0
0.0
0.0
0.0
0.0
0.0
0.0
463200.0
463201.0
463204.0
463205.0
463206.0
463207.0
0.0
0.0
0.0
0.0
0.0
0.0
0.0
0.0
0.0
0.0
0.0
0.0
0.0
0.0
0.0
463282.0
463283.0
463285.0
463286.0
463287.0
463288.0
0.0
0.0
0.0
0.0
0.0
0.0
0.0
0.0
0.0
0.0
0.0
463364.0
463368.0
0.0
0.0
0.0
0.0
0.0
0.0
0.0
0.0
0.0
0.0
0.0
0.0
463444.0
463445.0
0.0
0.0
0.0
0.0
0.0
0.0
0.0
0.0
0.0
0.0
0.0
0.0
0.0
0.0
0.0
0.0
0.0
0.0
0.0
0.0
0.0
0.0
0.0
0.0
0.0
0.0
0.0
0.0
0.0
0.0
0.0
0.0
0.0
0.0
0.0
0.0
0.0
0.0
0.0
0.0
0.0
0.0
0.0
0.0
0.0
0.0
0.0
0.0
0.0
0.0
0.0
0.0
0.0
0.0
0.0
0.0
0.0
0.0
0.0
0.0
0.0
0.0
0.0
0.0
0.0
0.0
0.0
0.0
0.0
0.0
0.0
0.0
0.0
0.0
0.0
0.0
0.0
0.0
0.0
0.0
0.0
0.0
0.0
0.0
0.0
0.0
0.0
0.0
0.0
0.0
0.0
0.0
0.0
0.0
0.0
0.0
0.0
0.0
0.0
0.0
0.0
0.0
0.0
0.0
0.0
0.0
0.0
0.0
0.0
0.0
0.0
0.0
0.0
0.0
0.0
0.0
0.0
0.0
0.0
0.0
0.0
0.0
0.0
0.0
0.0
0.0
0.0
0.0
0.0
0.0
0.0
0.0
0.0
0.0
0.0
0.0
0.0
0.0
0.0
0.0
0.0
0.0
0.0
0.0
0.0
0.0
0.0
0.0
0.0
0.0
0.0
0.0
0.0
0.0
0.0
0.0
0.0
0.0
0.0
0.0
0.0
0.0
0.0
0.0
0.0
0.0
0.0
0.0
0.0
0.0
0.0
0.0
0.0
0.0
0.0
0.0
0.0
0.0
0.0
0.0
470650.0
470651.0
470652.0
470653.0
470654.0
470655.0
470656.0
470657.0
0.0
0.0
0.0
0.0
0.0
0.0
0.0
0.0
0.0
0.0
0.0
470732.0
470733.0
470734.0
470735.0
470736.0
470737.0
470738.0
470739.0
0.0
0.0
0.0
0.0
0.0
0.0
0.0
0.0
0.0
470813.0
470814.0
470815.0
470816.0
470817.0
470818.0
470819.0
470820.0
470821.0
0.0
0.0
0.0
0.0
0.0
0.0
0.0
0.0
0.0
0.0
0.0
470895.0
470896.0
470900.0
470901.0
470902.0
0.0
0.0
0.0
0.0
0.0
0.0
0.0
0.0
0.0
0.0
0.0
0.0
0.0
0.0
470977.0
470978.0
470981.0
470982.0
470983.0
0.0
0.0
0.0
0.0
0.0
0.0
0.0
0.0
0.0
0.0
0.0
0.0
0.0
471058.0
471059.0
0.0
0.0
0.0
0.0
0.0
0.0
0.0
0.0
0.0
0.0
0.0
0.0
0.0
0.0
0.0
471139.0
471140.0
0.0
0.0
0.0
0.0
0.0
0.0
0.0
0.0
0.0
0.0
0.0
0.0
0.0
0.0
0.0
0.0
0.0
0.0
0.0
0.0
0.0
0.0
0.0
0.0
0.0
0.0
0.0
0.0
0.0
0.0
0.0
0.0
0.0
0.0
0.0
0.0
0.0
0.0
0.0
0.0
0.0
0.0
0.0
0.0
0.0
0.0
0.0
0.0
0.0
0.0
0.0
0.0
0.0
0.0
0.0
0.0
0.0
0.0
0.0
0.0
0.0
0.0
0.0
0.0
0.0
0.0
0.0
0.0
0.0
0.0
0.0
0.0
0.0
0.0
0.0
0.0
0.0
0.0
0.0
0.0
0.0
0.0
0.0
0.0
0.0
0.0
0.0
0.0
0.0
0.0
0.0
0.0
0.0
0.0
0.0
0.0
0.0
0.0
0.0
0.0
0.0
0.0
0.0
0.0
0.0
0.0
0.0
0.0
0.0
0.0
0.0
0.0
0.0
0.0
0.0
0.0
0.0
0.0
0.0
0.0
0.0
0.0
0.0
0.0
0.0
0.0
0.0
0.0
0.0
0.0
0.0
0.0
0.0
0.0
0.0
0.0
0.0
0.0
0.0
0.0
0.0
0.0
0.0
0.0
0.0
0.0
478427.0
478428.0
478429.0
478430.0
478432.0
478433.0
478434.0
0.0
0.0
0.0
0.0
0.0
0.0
0.0
0.0
0.0
0.0
478509.0
478510.0
478511.0
478512.0
478513.0
478514.0
478515.0
0.0
0.0
0.0
0.0
0.0
0.0
0.0
0.0
0.0
0.0
0.0
0.0
0.0
0.0
478590.0
478591.0
478592.0
478593.0
478594.0
478595.0
478596.0
0.0
0.0
0.0
0.0
0.0
0.0
0.0
0.0
0.0
0.0
0.0
0.0
0.0
0.0
478672.0
478673.0
478676.0
478677.0
478678.0
0.0
0.0
0.0
0.0
0.0
0.0
0.0
0.0
0.0
0.0
478753.0
478754.0
478758.0
478759.0
0.0
0.0
0.0
0.0
0.0
0.0
0.0
0.0
0.0
0.0
0.0
0.0
0.0
0.0
0.0
0.0
0.0
0.0
0.0
0.0
0.0
0.0
0.0
0.0
0.0
0.0
0.0
0.0
0.0
0.0
0.0
0.0
0.0
0.0
0.0
0.0
0.0
0.0
0.0
0.0
0.0
0.0
0.0
0.0
0.0
0.0
0.0
0.0
0.0
0.0
0.0
0.0
0.0
0.0
0.0
0.0
0.0
0.0
0.0
0.0
0.0
0.0
0.0
0.0
0.0
0.0
0.0
0.0
0.0
0.0
0.0
0.0
0.0
0.0
0.0
0.0
0.0
0.0
0.0
0.0
0.0
0.0
0.0
0.0
0.0
0.0
0.0
0.0
0.0
0.0
0.0
0.0
0.0
0.0
0.0
0.0
0.0
0.0
0.0
0.0
0.0
0.0
0.0
0.0
0.0
0.0
0.0
0.0
0.0
0.0
0.0
0.0
0.0
0.0
0.0
0.0
0.0
0.0
0.0
0.0
0.0
0.0
0.0
0.0
0.0
0.0
0.0
0.0
0.0
0.0
0.0
0.0
0.0
0.0
0.0
0.0
0.0
0.0
0.0
0.0
0.0
0.0
0.0
0.0
0.0
0.0
0.0
0.0
0.0
0.0
0.0
0.0
0.0
0.0
0.0
0.0
0.0
0.0
0.0
0.0
486205.0
486206.0
486208.0
486209.0
486210.0
0.0
0.0
0.0
0.0
0.0
0.0
0.0
0.0
0.0
0.0
486285.0
486286.0
486287.0
486288.0
486289.0
486290.0
486291.0
486292.0
0.0
0.0
0.0
0.0
0.0
0.0
0.0
0.0
0.0
0.0
486366.0
486367.0
486368.0
486369.0
486370.0
486371.0
486372.0
486373.0
0.0
0.0
0.0
0.0
0.0
0.0
0.0
0.0
0.0
0.0
0.0
0.0
0.0
0.0
486448.0
486450.0
486451.0
0.0
0.0
0.0
0.0
0.0
0.0
0.0
0.0
0.0
0.0
0.0
0.0
0.0
0.0
0.0
0.0
0.0
0.0
0.0
0.0
0.0
0.0
0.0
0.0
0.0
0.0
0.0
0.0
0.0
0.0
0.0
0.0
0.0
0.0
0.0
0.0
0.0
0.0
0.0
0.0
0.0
0.0
0.0
0.0
0.0
0.0
0.0
0.0
0.0
0.0
0.0
0.0
0.0
0.0
0.0
0.0
0.0
0.0
0.0
0.0
0.0
0.0
0.0
0.0
0.0
0.0
0.0
0.0
0.0
0.0
0.0
0.0
0.0
0.0
0.0
0.0
0.0
0.0
0.0
0.0
0.0
0.0
0.0
0.0
0.0
0.0
0.0
0.0
0.0
0.0
0.0
0.0
0.0
0.0
0.0
0.0
0.0
0.0
0.0
0.0
0.0
0.0
0.0
0.0
0.0
0.0
0.0
0.0
0.0
0.0
0.0
0.0
0.0
0.0
0.0
0.0
0.0
0.0
0.0
0.0
0.0
0.0
0.0
0.0
0.0
0.0
0.0
0.0
0.0
0.0
0.0
0.0
0.0
0.0
0.0
0.0
0.0
0.0
0.0
0.0
0.0
0.0
0.0
0.0
0.0
0.0
0.0
0.0
0.0
0.0
493985.0
0.0
0.0
494062.0
494063.0
494064.0
494065.0
494066.0
0.0
0.0
0.0
0.0
0.0
0.0
0.0
0.0
494142.0
494143.0
494144.0
494145.0
494146.0
494147.0
0.0
0.0
0.0
0.0
0.0
0.0
0.0
0.0
0.0
0.0
0.0
0.0
0.0
494224.0
0.0
0.0
0.0
0.0
0.0
0.0
0.0
0.0
0.0
0.0
0.0
0.0
0.0
0.0
0.0
0.0
0.0
0.0
0.0
0.0
0.0
0.0
0.0
0.0
0.0
0.0
0.0
0.0
0.0
0.0
0.0
0.0
0.0
0.0
0.0
0.0
0.0
0.0
0.0
0.0
0.0
0.0
0.0
0.0
0.0
0.0
0.0
0.0
0.0
0.0
0.0
0.0
0.0
0.0
0.0
0.0
0.0
0.0
0.0
0.0
0.0
0.0
0.0
0.0
0.0
0.0
0.0
0.0
0.0
0.0
0.0
0.0
0.0
0.0
0.0
0.0
0.0
0.0
0.0
0.0
0.0
0.0
0.0
0.0
0.0
0.0
0.0
0.0
0.0
0.0
0.0
0.0
0.0
0.0
0.0
0.0
0.0
0.0
0.0
0.0
0.0
0.0
0.0
0.0
0.0
0.0
0.0
0.0
0.0
0.0
0.0
0.0
0.0
0.0
0.0
0.0
0.0
0.0
0.0
0.0
0.0
0.0
501838.0
501839.0
501840.0
0.0
0.0
0.0
0.0
0.0
0.0
0.0
0.0
0.0
0.0
0.0
0.0
0.0
0.0
0.0
0.0
0.0
0.0
0.0
0.0
0.0
0.0
0.0
0.0
0.0
0.0
0.0
0.0
0.0
0.0
0.0
0.0
0.0
0.0
0.0
0.0
0.0
0.0
0.0
0.0
0.0
0.0
0.0
0.0
0.0
0.0
0.0
0.0
0.0
0.0
0.0
0.0
0.0
0.0
0.0
0.0
0.0
0.0
0.0
0.0
0.0
0.0
0.0
0.0
0.0
0.0
0.0
0.0
0.0
0.0
0.0
0.0
0.0
0.0
0.0
0.0
0.0
0.0
0.0
0.0
0.0
0.0
0.0
0.0
0.0
0.0
0.0
0.0
0.0
0.0
0.0
0.0
0.0
0.0
0.0
0.0
0.0
0.0
0.0
0.0
0.0
0.0
0.0
0.0
0.0
0.0
0.0
0.0
0.0
0.0
0.0
0.0
0.0
0.0
0.0
0.0
0.0
0.0
0.0
0.0
0.0
0.0
0.0
0.0
0.0
0.0
0.0
0.0
0.0
0.0
0.0
0.0
0.0
0.0
0.0
0.0
0.0
0.0
0.0
0.0
0.0
0.0
0.0
0.0
0.0
0.0
0.0
0.0
0.0
0.0
0.0
0.0
0.0
0.0
0.0
0.0
0.0
0.0
0.0
0.0
0.0
0.0
0.0
0.0
0.0
0.0
0.0
0.0
0.0
0.0
0.0
0.0
0.0
0.0
0.0
0.0
0.0
0.0
0.0
0.0
0.0
0.0
0.0
0.0
0.0
0.0
0.0
0.0
0.0
0.0
0.0
0.0
0.0
0.0
0.0
0.0
0.0
0.0
0.0
0.0
0.0
0.0
0.0
0.0
0.0
0.0
0.0
0.0
0.0
0.0
0.0
0.0
0.0
0.0
0.0
0.0
0.0
0.0
0.0
0.0
0.0
0.0
0.0
0.0
0.0
0.0
0.0
0.0
0.0
0.0
0.0
0.0
0.0
0.0
0.0
0.0
0.0
0.0
0.0
0.0
0.0
0.0
0.0
0.0
0.0
0.0
0.0
0.0
0.0
0.0
0.0
0.0
0.0
0.0
0.0
0.0
0.0
0.0
0.0
0.0
0.0
0.0
0.0
0.0
0.0
0.0
0.0
0.0
0.0
0.0
0.0
0.0
0.0
0.0
0.0
0.0
0.0
0.0
0.0
0.0
0.0
0.0
0.0
0.0
0.0
0.0
0.0
0.0
0.0
0.0
0.0
0.0
0.0
0.0
0.0
0.0
0.0
0.0
0.0
0.0
