0.0
0.0
0.0
0.0
0.0
0.0
0.0
0.0
0.0
0.0
0.0
0.0
0.0
0.0
0.0
0.0
0.0
0.0
0.0
0.0
0.0
0.0
0.0
0.0
0.0
0.0
0.0
0.0
0.0
0.0
0.0
0.0
0.0
0.0
0.0
0.0
0.0
0.0
0.0
0.0
0.0
0.0
0.0
0.0
0.0
0.0
0.0
0.0
0.0
0.0
0.0
0.0
0.0
0.0
0.0
0.0
0.0
0.0
0.0
0.0
0.0
0.0
0.0
0.0
0.0
0.0
0.0
0.0
0.0
0.0
0.0
0.0
0.0
0.0
0.0
0.0
0.0
0.0
0.0
0.0
0.0
0.0
0.0
0.0
0.0
0.0
0.0
0.0
0.0
0.0
0.0
0.0
0.0
0.0
0.0
0.0
0.0
0.0
0.0
0.0
0.0
0.0
0.0
0.0
0.0
0.0
0.0
0.0
0.0
0.0
0.0
0.0
0.0
0.0
0.0
0.0
0.0
0.0
0.0
0.0
0.0
0.0
0.0
0.0
0.0
0.0
0.0
0.0
0.0
0.0
0.0
0.0
0.0
0.0
0.0
0.0
0.0
0.0
0.0
0.0
0.0
0.0
0.0
0.0
0.0
0.0
0.0
0.0
0.0
0.0
0.0
0.0
0.0
0.0
0.0
0.0
0.0
0.0
0.0
0.0
0.0
0.0
0.0
0.0
0.0
0.0
0.0
0.0
0.0
0.0
0.0
0.0
0.0
0.0
0.0
0.0
0.0
0.0
0.0
0.0
0.0
0.0
0.0
0.0
0.0
0.0
0.0
0.0
0.0
0.0
0.0
0.0
0.0
0.0
0.0
0.0
0.0
0.0
0.0
0.0
0.0
0.0
0.0
0.0
0.0
0.0
0.0
0.0
0.0
0.0
0.0
0.0
0.0
0.0
0.0
0.0
0.0
0.0
0.0
0.0
0.0
0.0
0.0
0.0
0.0
0.0
0.0
0.0
0.0
0.0
0.0
0.0
0.0
0.0
0.0
0.0
0.0
0.0
0.0
0.0
0.0
0.0
0.0
0.0
0.0
0.0
0.0
0.0
0.0
0.0
0.0
0.0
0.0
0.0
0.0
0.0
0.0
0.0
0.0
0.0
0.0
0.0
0.0
0.0
0.0
0.0
0.0
0.0
0.0
0.0
0.0
0.0
0.0
0.0
0.0
0.0
0.0
0.0
0.0
0.0
0.0
0.0
0.0
0.0
0.0
0.0
0.0
0.0
0.0
0.0
0.0
0.0
0.0
0.0
0.0
0.0
0.0
0.0
0.0
0.0
0.0
0.0
0.0
0.0
0.0
0.0
0.0
0.0
0.0
0.0
0.0
0.0
0.0
0.0
0.0
0.0
0.0
0.0
0.0
0.0
0.0
0.0
0.0
0.0
0.0
0.0
0.0
0.0
0.0
0.0
0.0
0.0
0.0
0.0
0.0
0.0
0.0
0.0
0.0
0.0
0.0
0.0
0.0
0.0
0.0
0.0
0.0
0.0
0.0
0.0
0.0
0.0
0.0
0.0
0.0
0.0
0.0
0.0
0.0
0.0
0.0
0.0
0.0
0.0
0.0
0.0
0.0
0.0
0.0
0.0
0.0
0.0
0.0
0.0
0.0
0.0
0.0
0.0
0.0
0.0
0.0
0.0
0.0
0.0
0.0
0.0
0.0
0.0
0.0
0.0
0.0
0.0
0.0
0.0
0.0
0.0
0.0
0.0
0.0
0.0
0.0
0.0
0.0
0.0
0.0
0.0
0.0
0.0
0.0
0.0
0.0
0.0
0.0
0.0
0.0
0.0
0.0
0.0
0.0
0.0
0.0
0.0
0.0
0.0
0.0
0.0
0.0
0.0
0.0
0.0
0.0
0.0
0.0
0.0
0.0
0.0
0.0
0.0
0.0
0.0
0.0
0.0
0.0
0.0
0.0
0.0
0.0
0.0
0.0
0.0
0.0
0.0
0.0
0.0
0.0
128587.0
0.0
0.0
0.0
0.0
0.0
0.0
0.0
0.0
0.0
0.0
0.0
0.0
0.0
0.0
0.0
0.0
128667.0
0.0
0.0
0.0
0.0
0.0
0.0
0.0
0.0
0.0
0.0
0.0
0.0
0.0
0.0
0.0
0.0
0.0
0.0
0.0
0.0
0.0
0.0
0.0
0.0
0.0
0.0
0.0
0.0
0.0
0.0
0.0
0.0
0.0
0.0
0.0
0.0
0.0
0.0
0.0
0.0
0.0
0.0
0.0
0.0
0.0
0.0
0.0
0.0
0.0
0.0
0.0
0.0
0.0
0.0
0.0
0.0
0.0
0.0
0.0
0.0
0.0
0.0
0.0
0.0
0.0
0.0
0.0
0.0
0.0
0.0
0.0
0.0
0.0
0.0
0.0
0.0
0.0
0.0
0.0
0.0
0.0
0.0
0.0
0.0
0.0
0.0
0.0
0.0
0.0
0.0
0.0
0.0
0.0
0.0
0.0
0.0
0.0
0.0
0.0
0.0
0.0
129464.0
129465.0
0.0
0.0
0.0
0.0
129544.0
129545.0
0.0
0.0
0.0
0.0
129624.0
129625.0
0.0
0.0
0.0
0.0
0.0
0.0
0.0
0.0
0.0
0.0
0.0
0.0
0.0
0.0
0.0
0.0
0.0
0.0
0.0
0.0
0.0
0.0
0.0
0.0
0.0
0.0
0.0
0.0
136110.0
0.0
0.0
0.0
0.0
0.0
0.0
0.0
0.0
0.0
0.0
0.0
0.0
0.0
0.0
0.0
0.0
0.0
0.0
0.0
0.0
0.0
0.0
0.0
0.0
0.0
0.0
0.0
0.0
0.0
0.0
0.0
0.0
0.0
0.0
0.0
0.0
0.0
0.0
0.0
0.0
0.0
0.0
136426.0
136427.0
0.0
0.0
0.0
0.0
0.0
0.0
0.0
0.0
0.0
0.0
136506.0
136507.0
0.0
0.0
0.0
0.0
0.0
0.0
0.0
0.0
0.0
0.0
0.0
0.0
0.0
0.0
136586.0
136587.0
0.0
0.0
0.0
0.0
0.0
0.0
0.0
0.0
0.0
0.0
0.0
0.0
0.0
0.0
0.0
0.0
0.0
136667.0
0.0
0.0
0.0
0.0
0.0
0.0
0.0
0.0
0.0
0.0
0.0
0.0
0.0
0.0
136747.0
0.0
0.0
0.0
0.0
0.0
0.0
0.0
0.0
0.0
0.0
0.0
0.0
0.0
0.0
0.0
0.0
0.0
0.0
0.0
0.0
0.0
0.0
0.0
0.0
0.0
0.0
0.0
0.0
0.0
0.0
0.0
0.0
0.0
0.0
0.0
0.0
0.0
0.0
0.0
0.0
0.0
0.0
0.0
0.0
0.0
0.0
0.0
0.0
0.0
0.0
0.0
0.0
0.0
0.0
0.0
0.0
0.0
0.0
0.0
0.0
0.0
0.0
0.0
137145.0
0.0
0.0
0.0
0.0
0.0
137224.0
137225.0
137226.0
0.0
0.0
0.0
137304.0
137305.0
137306.0
137307.0
0.0
0.0
137384.0
137385.0
137386.0
137387.0
0.0
0.0
137463.0
137464.0
137465.0
137466.0
0.0
0.0
0.0
137544.0
137545.0
0.0
0.0
0.0
0.0
137623.0
137624.0
0.0
0.0
0.0
0.0
137704.0
0.0
0.0
0.0
0.0
0.0
0.0
0.0
0.0
0.0
0.0
0.0
0.0
0.0
0.0
0.0
0.0
143792.0
0.0
0.0
0.0
0.0
0.0
0.0
143869.0
143870.0
0.0
0.0
0.0
0.0
0.0
0.0
0.0
0.0
0.0
0.0
0.0
143949.0
143950.0
143951.0
0.0
0.0
0.0
0.0
0.0
0.0
0.0
0.0
0.0
0.0
0.0
144029.0
144030.0
0.0
0.0
0.0
0.0
0.0
0.0
0.0
0.0
0.0
0.0
0.0
0.0
0.0
0.0
0.0
0.0
0.0
144186.0
0.0
0.0
0.0
0.0
0.0
0.0
0.0
0.0
0.0
0.0
0.0
0.0
0.0
144266.0
144267.0
0.0
0.0
0.0
0.0
0.0
0.0
0.0
0.0
0.0
0.0
144346.0
144347.0
0.0
0.0
0.0
0.0
0.0
0.0
0.0
0.0
0.0
144426.0
144427.0
0.0
0.0
0.0
0.0
0.0
0.0
0.0
0.0
0.0
0.0
0.0
0.0
144506.0
144507.0
0.0
0.0
0.0
0.0
0.0
0.0
0.0
0.0
0.0
0.0
144585.0
144586.0
0.0
0.0
0.0
0.0
0.0
0.0
0.0
0.0
0.0
0.0
144666.0
144667.0
0.0
0.0
0.0
0.0
0.0
0.0
0.0
0.0
0.0
0.0
0.0
0.0
0.0
0.0
0.0
0.0
0.0
0.0
0.0
0.0
0.0
0.0
0.0
0.0
0.0
0.0
0.0
0.0
0.0
0.0
0.0
0.0
0.0
0.0
0.0
0.0
0.0
0.0
0.0
0.0
0.0
0.0
0.0
0.0
0.0
0.0
0.0
144985.0
144986.0
0.0
0.0
0.0
0.0
0.0
0.0
0.0
145064.0
145065.0
145066.0
0.0
0.0
0.0
145144.0
145145.0
145146.0
145147.0
0.0
0.0
0.0
145224.0
145225.0
145226.0
145227.0
0.0
0.0
0.0
145304.0
145306.0
145307.0
0.0
0.0
145384.0
0.0
0.0
0.0
145464.0
145543.0
145544.0
0.0
0.0
0.0
0.0
145623.0
145624.0
0.0
0.0
0.0
0.0
145703.0
145704.0
0.0
0.0
0.0
0.0
0.0
0.0
0.0
0.0
0.0
0.0
0.0
0.0
0.0
0.0
0.0
0.0
0.0
0.0
0.0
0.0
0.0
0.0
0.0
0.0
0.0
0.0
151710.0
151711.0
151712.0
0.0
0.0
0.0
0.0
0.0
0.0
0.0
0.0
0.0
0.0
0.0
151790.0
151791.0
151792.0
0.0
0.0
0.0
0.0
0.0
0.0
0.0
0.0
0.0
0.0
0.0
151867.0
0.0
0.0
151870.0
151871.0
0.0
0.0
0.0
0.0
0.0
0.0
0.0
0.0
0.0
0.0
0.0
0.0
0.0
0.0
0.0
0.0
0.0
0.0
0.0
0.0
0.0
152026.0
0.0
0.0
0.0
0.0
0.0
0.0
152106.0
0.0
0.0
0.0
0.0
0.0
0.0
0.0
0.0
0.0
0.0
0.0
152186.0
152187.0
0.0
0.0
0.0
0.0
0.0
0.0
0.0
0.0
0.0
0.0
152267.0
152268.0
0.0
0.0
0.0
0.0
0.0
0.0
0.0
0.0
0.0
0.0
152346.0
152347.0
0.0
0.0
0.0
0.0
0.0
0.0
0.0
0.0
0.0
0.0
0.0
0.0
0.0
152426.0
152427.0
0.0
0.0
0.0
0.0
0.0
0.0
0.0
0.0
0.0
0.0
0.0
0.0
0.0
0.0
152505.0
152506.0
0.0
0.0
0.0
0.0
0.0
0.0
0.0
0.0
0.0
0.0
0.0
0.0
0.0
0.0
0.0
0.0
0.0
0.0
0.0
0.0
0.0
0.0
0.0
0.0
0.0
0.0
0.0
0.0
0.0
0.0
0.0
0.0
0.0
0.0
0.0
0.0
0.0
0.0
0.0
0.0
0.0
0.0
0.0
0.0
0.0
0.0
0.0
0.0
0.0
152825.0
152826.0
152827.0
0.0
0.0
0.0
0.0
0.0
152904.0
152905.0
152906.0
0.0
0.0
0.0
0.0
0.0
152984.0
152985.0
152986.0
152987.0
0.0
0.0
0.0
153064.0
153065.0
153066.0
153067.0
0.0
0.0
0.0
153144.0
153145.0
153147.0
0.0
0.0
0.0
153224.0
153225.0
0.0
0.0
153304.0
153305.0
153306.0
153307.0
153383.0
153384.0
153385.0
153386.0
153387.0
153463.0
153464.0
153466.0
0.0
153543.0
153624.0
0.0
0.0
0.0
153704.0
0.0
0.0
0.0
0.0
0.0
0.0
0.0
0.0
0.0
0.0
0.0
0.0
0.0
0.0
0.0
0.0
0.0
0.0
0.0
0.0
0.0
0.0
0.0
0.0
0.0
0.0
0.0
0.0
0.0
0.0
159474.0
0.0
0.0
0.0
0.0
159548.0
159549.0
159550.0
159551.0
159552.0
159553.0
0.0
0.0
0.0
0.0
0.0
0.0
0.0
0.0
0.0
0.0
0.0
159627.0
0.0
159629.0
159630.0
159631.0
159632.0
159633.0
0.0
0.0
0.0
0.0
0.0
0.0
0.0
0.0
0.0
0.0
0.0
0.0
0.0
0.0
159710.0
159711.0
159712.0
0.0
0.0
0.0
0.0
0.0
0.0
0.0
0.0
0.0
0.0
0.0
0.0
159788.0
159789.0
0.0
0.0
0.0
0.0
0.0
0.0
0.0
0.0
159866.0
159867.0
159868.0
0.0
0.0
0.0
0.0
0.0
0.0
0.0
0.0
159946.0
159947.0
0.0
0.0
0.0
0.0
0.0
0.0
160026.0
0.0
0.0
0.0
0.0
0.0
0.0
0.0
0.0
0.0
160105.0
160106.0
160107.0
160108.0
0.0
0.0
0.0
0.0
0.0
0.0
0.0
0.0
160187.0
160188.0
0.0
0.0
0.0
0.0
0.0
0.0
0.0
0.0
0.0
0.0
160267.0
160268.0
0.0
0.0
0.0
0.0
0.0
0.0
0.0
0.0
0.0
0.0
0.0
0.0
160346.0
160347.0
0.0
0.0
0.0
0.0
0.0
0.0
0.0
0.0
0.0
0.0
0.0
0.0
0.0
0.0
0.0
0.0
0.0
0.0
0.0
0.0
0.0
0.0
0.0
0.0
0.0
0.0
0.0
0.0
0.0
0.0
0.0
0.0
0.0
0.0
0.0
0.0
0.0
0.0
0.0
0.0
0.0
0.0
0.0
0.0
0.0
0.0
0.0
0.0
160665.0
160666.0
160667.0
0.0
0.0
0.0
0.0
0.0
0.0
0.0
0.0
0.0
0.0
160744.0
160745.0
160746.0
160747.0
0.0
0.0
0.0
160824.0
160825.0
160826.0
160827.0
160828.0
0.0
0.0
0.0
160905.0
160907.0
0.0
0.0
0.0
0.0
160984.0
160985.0
160987.0
0.0
0.0
0.0
161064.0
161065.0
0.0
0.0
0.0
161144.0
161145.0
161146.0
161147.0
161148.0
161224.0
161225.0
161226.0
161227.0
161228.0
161303.0
161304.0
161305.0
161306.0
0.0
0.0
161383.0
161384.0
161385.0
161386.0
0.0
0.0
161463.0
161464.0
161465.0
0.0
0.0
161543.0
161544.0
161623.0
0.0
0.0
0.0
161947.0
162026.0
162027.0
162106.0
162107.0
0.0
162187.0
0.0
0.0
162267.0
0.0
0.0
0.0
0.0
0.0
0.0
0.0
0.0
0.0
0.0
0.0
0.0
0.0
0.0
0.0
0.0
0.0
0.0
0.0
0.0
0.0
0.0
0.0
0.0
0.0
0.0
0.0
0.0
0.0
0.0
0.0
0.0
0.0
0.0
0.0
0.0
0.0
0.0
0.0
0.0
0.0
167390.0
167391.0
167393.0
167394.0
0.0
0.0
0.0
0.0
0.0
0.0
0.0
0.0
0.0
0.0
0.0
167467.0
167468.0
167469.0
167470.0
167471.0
167472.0
167473.0
0.0
0.0
0.0
0.0
0.0
0.0
0.0
0.0
0.0
0.0
167546.0
167547.0
167548.0
167549.0
167550.0
167551.0
167552.0
0.0
0.0
0.0
0.0
0.0
0.0
0.0
0.0
0.0
0.0
0.0
0.0
0.0
167631.0
0.0
0.0
0.0
0.0
0.0
0.0
0.0
0.0
0.0
0.0
0.0
0.0
0.0
0.0
0.0
0.0
0.0
0.0
0.0
0.0
0.0
167785.0
167786.0
167787.0
167788.0
0.0
0.0
0.0
0.0
0.0
0.0
0.0
0.0
167865.0
167866.0
167867.0
0.0
0.0
0.0
0.0
0.0
0.0
0.0
0.0
167945.0
167946.0
0.0
0.0
0.0
0.0
0.0
0.0
168025.0
168026.0
168027.0
0.0
0.0
0.0
0.0
168107.0
168108.0
0.0
0.0
0.0
0.0
0.0
0.0
0.0
168187.0
168188.0
0.0
0.0
0.0
0.0
0.0
0.0
0.0
0.0
0.0
0.0
0.0
0.0
168267.0
0.0
0.0
0.0
0.0
0.0
0.0
0.0
0.0
0.0
0.0
0.0
0.0
0.0
0.0
0.0
0.0
0.0
0.0
0.0
0.0
0.0
0.0
0.0
0.0
0.0
0.0
168426.0
168427.0
0.0
0.0
0.0
0.0
0.0
0.0
0.0
0.0
0.0
0.0
168505.0
168506.0
168507.0
168508.0
0.0
0.0
0.0
0.0
168585.0
168586.0
168587.0
0.0
0.0
0.0
0.0
0.0
168664.0
168665.0
168666.0
168667.0
0.0
0.0
0.0
168744.0
168745.0
168747.0
168748.0
0.0
0.0
168825.0
0.0
0.0
0.0
168905.0
168984.0
168985.0
168986.0
168987.0
169064.0
169065.0
169066.0
169067.0
169068.0
169069.0
169145.0
0.0
0.0
0.0
0.0
169224.0
0.0
0.0
0.0
0.0
169303.0
169304.0
169305.0
0.0
0.0
0.0
169383.0
169384.0
169385.0
0.0
0.0
169462.0
169463.0
169464.0
0.0
0.0
0.0
169542.0
169543.0
0.0
0.0
0.0
0.0
169622.0
0.0
0.0
0.0
0.0
0.0
0.0
0.0
169786.0
0.0
169788.0
169789.0
169867.0
169868.0
169869.0
169943.0
169944.0
169946.0
169947.0
169948.0
170023.0
170024.0
170025.0
170027.0
170028.0
170104.0
170105.0
170106.0
170107.0
170108.0
0.0
0.0
170187.0
170188.0
0.0
0.0
0.0
170267.0
170268.0
0.0
0.0
0.0
0.0
0.0
0.0
0.0
0.0
0.0
0.0
0.0
0.0
0.0
0.0
0.0
0.0
0.0
0.0
0.0
0.0
0.0
0.0
0.0
0.0
0.0
0.0
0.0
0.0
0.0
0.0
0.0
0.0
0.0
0.0
0.0
0.0
0.0
0.0
0.0
0.0
0.0
0.0
0.0
175230.0
175231.0
0.0
0.0
0.0
0.0
0.0
0.0
0.0
0.0
0.0
175307.0
175308.0
175309.0
175310.0
175311.0
175312.0
175313.0
0.0
0.0
0.0
0.0
0.0
0.0
0.0
0.0
0.0
0.0
0.0
175387.0
175388.0
175389.0
175390.0
175391.0
175392.0
175393.0
0.0
0.0
0.0
0.0
0.0
0.0
0.0
0.0
175466.0
175472.0
0.0
0.0
0.0
0.0
0.0
0.0
0.0
0.0
0.0
0.0
0.0
175552.0
0.0
0.0
0.0
0.0
0.0
0.0
0.0
0.0
0.0
0.0
0.0
0.0
0.0
0.0
0.0
0.0
175704.0
175705.0
175706.0
0.0
0.0
0.0
0.0
0.0
0.0
0.0
0.0
0.0
0.0
0.0
175785.0
175786.0
0.0
0.0
0.0
0.0
0.0
0.0
0.0
0.0
0.0
0.0
0.0
0.0
175865.0
175866.0
0.0
0.0
0.0
0.0
0.0
0.0
0.0
0.0
175945.0
175946.0
175947.0
175948.0
0.0
0.0
0.0
0.0
0.0
176026.0
176027.0
176028.0
0.0
0.0
0.0
0.0
0.0
0.0
176107.0
176108.0
0.0
0.0
0.0
0.0
0.0
0.0
0.0
0.0
0.0
176187.0
176188.0
0.0
0.0
0.0
0.0
0.0
0.0
0.0
0.0
0.0
176266.0
0.0
0.0
0.0
0.0
0.0
0.0
0.0
0.0
0.0
0.0
0.0
0.0
0.0
0.0
176425.0
176426.0
0.0
0.0
0.0
176505.0
176506.0
176585.0
176586.0
176665.0
176666.0
176745.0
176746.0
176748.0
176825.0
176826.0
176905.0
176906.0
176907.0
176908.0
176909.0
176986.0
176987.0
176988.0
176989.0
0.0
0.0
0.0
0.0
0.0
0.0
0.0
0.0
0.0
0.0
0.0
0.0
0.0
0.0
0.0
0.0
0.0
0.0
0.0
0.0
0.0
0.0
0.0
0.0
0.0
0.0
0.0
0.0
0.0
0.0
0.0
0.0
177706.0
177707.0
0.0
0.0
177784.0
177785.0
177786.0
177787.0
177788.0
177789.0
177863.0
177864.0
177865.0
177866.0
177867.0
177868.0
177942.0
177943.0
177944.0
177945.0
177946.0
177947.0
177948.0
178023.0
178024.0
178025.0
178026.0
178027.0
178028.0
178105.0
178106.0
178107.0
178108.0
178185.0
178186.0
178187.0
178188.0
178266.0
0.0
0.0
0.0
0.0
0.0
0.0
0.0
0.0
0.0
0.0
0.0
0.0
0.0
0.0
0.0
0.0
0.0
0.0
0.0
0.0
0.0
0.0
0.0
0.0
0.0
0.0
0.0
0.0
0.0
0.0
0.0
0.0
0.0
183072.0
0.0
0.0
0.0
0.0
0.0
0.0
0.0
0.0
183150.0
183151.0
0.0
0.0
0.0
0.0
0.0
0.0
0.0
0.0
0.0
0.0
0.0
0.0
0.0
183227.0
183228.0
183229.0
183230.0
0.0
0.0
0.0
0.0
0.0
0.0
0.0
0.0
0.0
0.0
0.0
0.0
0.0
0.0
0.0
0.0
183307.0
183308.0
183309.0
183310.0
183312.0
183313.0
0.0
0.0
0.0
0.0
0.0
0.0
0.0
0.0
0.0
0.0
0.0
183389.0
183390.0
183392.0
0.0
0.0
0.0
0.0
0.0
0.0
0.0
0.0
0.0
0.0
0.0
0.0
0.0
0.0
0.0
0.0
0.0
0.0
0.0
0.0
0.0
183545.0
183546.0
0.0
0.0
0.0
0.0
0.0
0.0
0.0
0.0
0.0
0.0
0.0
183624.0
183625.0
183626.0
0.0
0.0
0.0
0.0
0.0
0.0
0.0
0.0
0.0
0.0
0.0
183705.0
183706.0
0.0
0.0
0.0
0.0
0.0
0.0
0.0
0.0
0.0
0.0
0.0
0.0
0.0
183785.0
183786.0
0.0
0.0
0.0
0.0
0.0
0.0
0.0
0.0
0.0
183865.0
183866.0
183867.0
183868.0
183869.0
0.0
0.0
0.0
0.0
0.0
0.0
0.0
183946.0
183947.0
183948.0
183949.0
0.0
0.0
0.0
0.0
0.0
0.0
0.0
0.0
0.0
184027.0
184028.0
184029.0
0.0
0.0
0.0
0.0
0.0
0.0
0.0
0.0
184108.0
184109.0
0.0
0.0
0.0
0.0
0.0
0.0
0.0
184185.0
184186.0
184188.0
184189.0
0.0
0.0
0.0
0.0
0.0
0.0
0.0
0.0
184269.0
184270.0
0.0
0.0
0.0
0.0
0.0
184425.0
0.0
0.0
184505.0
184506.0
184507.0
184508.0
184585.0
184586.0
184587.0
184588.0
184589.0
0.0
184665.0
184666.0
184667.0
184668.0
184669.0
184670.0
184745.0
184746.0
184747.0
184748.0
184749.0
184750.0
184826.0
184827.0
184828.0
0.0
0.0
0.0
0.0
0.0
0.0
0.0
0.0
0.0
0.0
0.0
0.0
0.0
0.0
0.0
0.0
0.0
0.0
0.0
0.0
0.0
0.0
0.0
0.0
0.0
0.0
0.0
0.0
0.0
185705.0
185706.0
185708.0
185782.0
185783.0
185784.0
185785.0
185786.0
185787.0
185863.0
185867.0
185943.0
0.0
0.0
0.0
0.0
0.0
0.0
0.0
0.0
0.0
0.0
0.0
190913.0
0.0
0.0
0.0
0.0
0.0
190991.0
190992.0
190993.0
0.0
190995.0
0.0
0.0
0.0
0.0
0.0
0.0
0.0
0.0
191068.0
191069.0
191070.0
191071.0
191072.0
0.0
191075.0
0.0
0.0
0.0
0.0
0.0
0.0
0.0
0.0
0.0
0.0
0.0
191147.0
191148.0
191149.0
191150.0
191151.0
0.0
0.0
0.0
0.0
0.0
0.0
0.0
0.0
0.0
0.0
0.0
0.0
0.0
0.0
191228.0
191229.0
191230.0
191231.0
0.0
0.0
0.0
0.0
0.0
0.0
0.0
0.0
0.0
0.0
0.0
191305.0
0.0
191309.0
191310.0
191311.0
0.0
0.0
0.0
0.0
0.0
0.0
0.0
0.0
0.0
0.0
0.0
0.0
0.0
0.0
0.0
0.0
0.0
0.0
0.0
0.0
191465.0
191466.0
0.0
0.0
0.0
0.0
0.0
0.0
0.0
0.0
0.0
0.0
0.0
0.0
191544.0
191545.0
191546.0
0.0
0.0
0.0
0.0
0.0
0.0
0.0
0.0
0.0
191625.0
191626.0
0.0
0.0
0.0
0.0
0.0
0.0
0.0
0.0
0.0
0.0
0.0
0.0
191705.0
191706.0
0.0
0.0
0.0
0.0
0.0
0.0
191785.0
191786.0
191787.0
191788.0
191789.0
0.0
0.0
0.0
0.0
0.0
0.0
0.0
0.0
191866.0
191867.0
191868.0
191869.0
0.0
0.0
0.0
0.0
0.0
0.0
191948.0
191949.0
191950.0
0.0
0.0
0.0
0.0
192028.0
192029.0
192030.0
192031.0
0.0
0.0
0.0
192108.0
192109.0
0.0
0.0
0.0
0.0
192188.0
192189.0
192190.0
0.0
0.0
0.0
0.0
0.0
0.0
0.0
0.0
0.0
0.0
192426.0
0.0
0.0
0.0
0.0
0.0
0.0
0.0
0.0
0.0
0.0
0.0
0.0
0.0
0.0
0.0
0.0
0.0
0.0
0.0
0.0
0.0
0.0
0.0
0.0
0.0
0.0
0.0
0.0
0.0
0.0
0.0
0.0
0.0
0.0
198832.0
0.0
0.0
0.0
0.0
0.0
0.0
0.0
198908.0
198909.0
198911.0
198912.0
0.0
0.0
0.0
0.0
0.0
0.0
0.0
0.0
0.0
0.0
0.0
0.0
0.0
198987.0
198988.0
198989.0
198990.0
198991.0
198992.0
0.0
0.0
0.0
0.0
0.0
0.0
0.0
0.0
0.0
0.0
0.0
0.0
0.0
0.0
199065.0
199066.0
199067.0
199068.0
199069.0
199070.0
199071.0
199072.0
0.0
0.0
0.0
0.0
0.0
0.0
0.0
0.0
0.0
0.0
0.0
199144.0
199145.0
0.0
199149.0
199150.0
199151.0
199152.0
0.0
0.0
0.0
0.0
0.0
0.0
0.0
0.0
0.0
0.0
199224.0
199225.0
199226.0
199230.0
199231.0
199232.0
0.0
0.0
0.0
0.0
0.0
0.0
0.0
0.0
0.0
199305.0
0.0
0.0
0.0
0.0
0.0
0.0
0.0
0.0
0.0
0.0
199384.0
199385.0
199386.0
0.0
0.0
0.0
0.0
0.0
0.0
0.0
0.0
199465.0
0.0
0.0
0.0
0.0
199545.0
199546.0
0.0
0.0
0.0
0.0
0.0
199625.0
199626.0
0.0
0.0
0.0
0.0
199705.0
199706.0
199707.0
199708.0
199709.0
0.0
0.0
0.0
0.0
199785.0
199786.0
199787.0
199788.0
199789.0
0.0
0.0
0.0
0.0
199867.0
199868.0
199869.0
199870.0
0.0
0.0
0.0
0.0
0.0
199950.0
0.0
0.0
0.0
0.0
0.0
0.0
0.0
0.0
0.0
0.0
0.0
0.0
0.0
0.0
0.0
0.0
0.0
0.0
0.0
0.0
0.0
0.0
0.0
0.0
0.0
0.0
0.0
0.0
0.0
0.0
0.0
0.0
0.0
0.0
0.0
0.0
0.0
0.0
0.0
0.0
0.0
0.0
0.0
0.0
0.0
0.0
0.0
0.0
0.0
0.0
0.0
0.0
0.0
0.0
0.0
0.0
0.0
0.0
0.0
0.0
0.0
0.0
0.0
206827.0
206828.0
206829.0
0.0
0.0
0.0
0.0
0.0
0.0
0.0
0.0
0.0
0.0
0.0
0.0
0.0
0.0
0.0
206905.0
206906.0
0.0
206908.0
206909.0
206910.0
0.0
0.0
0.0
0.0
0.0
0.0
0.0
0.0
0.0
0.0
0.0
0.0
0.0
206984.0
206985.0
206986.0
206989.0
0.0
0.0
0.0
0.0
0.0
0.0
0.0
0.0
207064.0
207065.0
207066.0
207067.0
207070.0
207071.0
207072.0
0.0
0.0
0.0
0.0
0.0
0.0
0.0
0.0
0.0
207145.0
207146.0
207147.0
207150.0
207151.0
207152.0
0.0
0.0
0.0
0.0
0.0
0.0
0.0
0.0
0.0
0.0
0.0
0.0
207225.0
0.0
0.0
0.0
0.0
0.0
0.0
0.0
0.0
0.0
0.0
207304.0
207305.0
207306.0
0.0
0.0
0.0
0.0
0.0
207384.0
207385.0
207386.0
0.0
0.0
207465.0
207466.0
207545.0
207546.0
207549.0
0.0
207625.0
207626.0
207627.0
207628.0
207629.0
0.0
0.0
207706.0
207707.0
207708.0
207709.0
0.0
0.0
0.0
0.0
0.0
0.0
0.0
0.0
0.0
0.0
0.0
0.0
0.0
0.0
0.0
0.0
0.0
0.0
0.0
0.0
0.0
0.0
0.0
0.0
0.0
0.0
0.0
0.0
0.0
0.0
0.0
0.0
0.0
0.0
0.0
0.0
0.0
0.0
0.0
0.0
0.0
0.0
0.0
0.0
0.0
0.0
0.0
0.0
0.0
0.0
0.0
0.0
0.0
0.0
0.0
0.0
0.0
0.0
0.0
0.0
0.0
0.0
0.0
0.0
0.0
0.0
0.0
214667.0
214668.0
0.0
0.0
0.0
0.0
0.0
0.0
0.0
0.0
0.0
0.0
0.0
0.0
0.0
0.0
0.0
0.0
0.0
214746.0
214747.0
214748.0
214749.0
0.0
0.0
0.0
0.0
0.0
0.0
0.0
0.0
0.0
0.0
0.0
0.0
0.0
0.0
0.0
0.0
0.0
214825.0
214826.0
214827.0
214829.0
0.0
0.0
0.0
0.0
0.0
0.0
0.0
0.0
0.0
0.0
0.0
0.0
214905.0
214906.0
214907.0
0.0
0.0
0.0
0.0
0.0
0.0
0.0
0.0
0.0
0.0
0.0
0.0
0.0
0.0
0.0
0.0
214985.0
214986.0
214987.0
214988.0
0.0
0.0
214992.0
0.0
0.0
0.0
0.0
0.0
0.0
0.0
0.0
0.0
215066.0
215067.0
0.0
0.0
215071.0
215072.0
0.0
0.0
0.0
0.0
0.0
215144.0
215145.0
215146.0
215147.0
215151.0
0.0
0.0
0.0
0.0
215224.0
215225.0
215226.0
215227.0
0.0
0.0
0.0
215305.0
215306.0
215307.0
215308.0
215385.0
215386.0
215389.0
215465.0
215466.0
215468.0
215469.0
0.0
215545.0
215546.0
215547.0
215548.0
215549.0
0.0
0.0
215626.0
215627.0
215628.0
0.0
0.0
0.0
0.0
0.0
0.0
0.0
0.0
0.0
0.0
0.0
0.0
0.0
0.0
0.0
0.0
0.0
0.0
0.0
0.0
0.0
0.0
0.0
0.0
0.0
0.0
0.0
0.0
0.0
0.0
0.0
0.0
0.0
0.0
0.0
0.0
0.0
0.0
0.0
0.0
0.0
0.0
0.0
0.0
0.0
0.0
0.0
0.0
0.0
0.0
0.0
0.0
0.0
0.0
0.0
0.0
0.0
0.0
0.0
0.0
0.0
0.0
0.0
0.0
0.0
0.0
0.0
0.0
0.0
0.0
0.0
0.0
0.0
0.0
0.0
222586.0
222587.0
222588.0
0.0
0.0
0.0
0.0
0.0
0.0
0.0
0.0
0.0
0.0
0.0
0.0
0.0
222665.0
222666.0
222667.0
222668.0
0.0
0.0
0.0
0.0
0.0
0.0
0.0
0.0
0.0
0.0
0.0
0.0
0.0
0.0
0.0
0.0
222744.0
222745.0
222746.0
222748.0
0.0
0.0
0.0
0.0
0.0
0.0
0.0
0.0
0.0
0.0
0.0
0.0
0.0
0.0
0.0
222824.0
222825.0
222826.0
0.0
0.0
0.0
0.0
0.0
0.0
0.0
0.0
0.0
0.0
0.0
0.0
0.0
0.0
0.0
0.0
222905.0
0.0
0.0
0.0
0.0
0.0
0.0
222912.0
222913.0
0.0
0.0
0.0
0.0
0.0
0.0
0.0
0.0
0.0
222985.0
0.0
0.0
0.0
0.0
222991.0
222992.0
0.0
0.0
0.0
0.0
0.0
0.0
0.0
223064.0
223065.0
223066.0
223067.0
0.0
223071.0
223072.0
0.0
0.0
0.0
0.0
0.0
223145.0
223146.0
223147.0
0.0
223225.0
223226.0
223305.0
223306.0
223307.0
223309.0
0.0
223386.0
223387.0
223388.0
223389.0
0.0
0.0
223466.0
223468.0
0.0
0.0
223547.0
223548.0
0.0
0.0
0.0
0.0
0.0
0.0
0.0
0.0
0.0
0.0
0.0
0.0
0.0
0.0
0.0
0.0
0.0
0.0
0.0
0.0
0.0
0.0
0.0
0.0
0.0
0.0
0.0
0.0
0.0
0.0
0.0
0.0
0.0
0.0
0.0
0.0
0.0
0.0
0.0
0.0
0.0
0.0
0.0
0.0
0.0
0.0
0.0
0.0
0.0
0.0
0.0
0.0
0.0
0.0
0.0
0.0
0.0
0.0
0.0
0.0
0.0
0.0
0.0
0.0
0.0
0.0
0.0
0.0
0.0
0.0
0.0
0.0
0.0
0.0
0.0
0.0
0.0
0.0
0.0
0.0
0.0
0.0
0.0
0.0
0.0
230427.0
0.0
0.0
0.0
0.0
0.0
0.0
0.0
230505.0
230506.0
230507.0
230508.0
0.0
0.0
0.0
0.0
0.0
0.0
0.0
0.0
0.0
0.0
0.0
230585.0
230586.0
230587.0
230588.0
0.0
0.0
0.0
0.0
0.0
0.0
0.0
0.0
0.0
0.0
0.0
0.0
230664.0
230665.0
230666.0
230668.0
230669.0
0.0
0.0
0.0
0.0
0.0
0.0
0.0
0.0
0.0
0.0
0.0
0.0
230745.0
0.0
0.0
0.0
0.0
0.0
0.0
0.0
0.0
0.0
0.0
0.0
0.0
0.0
0.0
0.0
0.0
0.0
0.0
0.0
0.0
0.0
230831.0
0.0
0.0
0.0
0.0
0.0
0.0
0.0
0.0
0.0
0.0
0.0
0.0
0.0
0.0
0.0
230910.0
230911.0
0.0
0.0
0.0
0.0
0.0
0.0
0.0
0.0
0.0
230984.0
230985.0
0.0
0.0
0.0
0.0
0.0
0.0
0.0
0.0
231065.0
231066.0
0.0
0.0
0.0
231145.0
231146.0
231225.0
231226.0
231227.0
231306.0
231307.0
231308.0
231309.0
0.0
0.0
0.0
231467.0
0.0
0.0
0.0
0.0
0.0
0.0
0.0
0.0
0.0
0.0
0.0
0.0
0.0
0.0
0.0
0.0
0.0
0.0
0.0
0.0
0.0
0.0
0.0
0.0
0.0
0.0
0.0
0.0
0.0
0.0
0.0
0.0
0.0
0.0
0.0
0.0
0.0
0.0
0.0
0.0
0.0
0.0
0.0
0.0
0.0
0.0
0.0
0.0
0.0
0.0
0.0
0.0
0.0
0.0
0.0
0.0
0.0
0.0
0.0
0.0
0.0
0.0
0.0
0.0
0.0
0.0
0.0
0.0
0.0
0.0
0.0
0.0
0.0
0.0
0.0
0.0
0.0
0.0
0.0
0.0
0.0
0.0
0.0
0.0
0.0
0.0
0.0
0.0
0.0
0.0
0.0
238347.0
0.0
0.0
238425.0
238426.0
238427.0
238428.0
238429.0
0.0
0.0
0.0
0.0
0.0
0.0
0.0
238504.0
238505.0
238507.0
238508.0
238509.0
0.0
0.0
0.0
0.0
0.0
0.0
0.0
238584.0
238585.0
238588.0
238589.0
0.0
0.0
0.0
0.0
0.0
0.0
0.0
238664.0
238665.0
0.0
0.0
238668.0
238669.0
0.0
0.0
0.0
0.0
0.0
0.0
0.0
0.0
0.0
0.0
0.0
0.0
0.0
0.0
0.0
0.0
0.0
0.0
0.0
0.0
0.0
0.0
0.0
0.0
0.0
0.0
0.0
0.0
0.0
0.0
0.0
0.0
0.0
0.0
0.0
0.0
0.0
0.0
0.0
0.0
238985.0
0.0
0.0
0.0
0.0
0.0
239065.0
239066.0
239067.0
239145.0
239146.0
239147.0
239226.0
239227.0
239228.0
239229.0
0.0
0.0
0.0
0.0
0.0
0.0
0.0
0.0
0.0
0.0
0.0
0.0
0.0
0.0
0.0
0.0
0.0
0.0
0.0
0.0
0.0
0.0
0.0
0.0
0.0
0.0
0.0
0.0
0.0
0.0
0.0
0.0
0.0
0.0
0.0
0.0
0.0
0.0
0.0
0.0
0.0
0.0
0.0
0.0
0.0
0.0
0.0
0.0
0.0
0.0
0.0
0.0
0.0
0.0
0.0
0.0
0.0
0.0
0.0
0.0
0.0
0.0
0.0
0.0
0.0
0.0
0.0
0.0
0.0
0.0
0.0
0.0
0.0
0.0
0.0
0.0
0.0
0.0
0.0
0.0
0.0
0.0
0.0
0.0
0.0
0.0
0.0
0.0
0.0
0.0
0.0
0.0
0.0
0.0
0.0
0.0
0.0
0.0
0.0
0.0
0.0
0.0
0.0
0.0
0.0
0.0
0.0
0.0
0.0
0.0
0.0
0.0
0.0
0.0
0.0
246345.0
246346.0
246347.0
246348.0
246349.0
0.0
0.0
0.0
0.0
0.0
0.0
0.0
0.0
246424.0
246425.0
246427.0
246428.0
246429.0
246430.0
0.0
0.0
0.0
0.0
0.0
0.0
0.0
0.0
246504.0
0.0
0.0
0.0
0.0
0.0
0.0
0.0
246584.0
246585.0
0.0
0.0
0.0
0.0
0.0
0.0
0.0
0.0
0.0
0.0
0.0
0.0
0.0
0.0
0.0
0.0
0.0
0.0
0.0
0.0
0.0
0.0
0.0
0.0
0.0
0.0
0.0
0.0
0.0
0.0
0.0
0.0
0.0
246986.0
246987.0
247066.0
247067.0
247146.0
247147.0
247149.0
0.0
0.0
0.0
0.0
0.0
0.0
0.0
0.0
0.0
0.0
0.0
0.0
0.0
0.0
0.0
0.0
0.0
0.0
0.0
0.0
0.0
0.0
0.0
0.0
0.0
0.0
0.0
0.0
0.0
0.0
0.0
0.0
0.0
0.0
0.0
0.0
0.0
0.0
0.0
0.0
0.0
0.0
0.0
0.0
0.0
0.0
0.0
0.0
0.0
0.0
0.0
0.0
0.0
0.0
0.0
0.0
0.0
0.0
0.0
0.0
0.0
0.0
0.0
0.0
0.0
0.0
0.0
0.0
0.0
0.0
0.0
0.0
0.0
0.0
0.0
0.0
0.0
0.0
0.0
0.0
0.0
0.0
0.0
0.0
0.0
0.0
0.0
0.0
0.0
0.0
0.0
0.0
0.0
0.0
0.0
0.0
0.0
0.0
0.0
0.0
0.0
0.0
0.0
0.0
0.0
0.0
0.0
0.0
0.0
0.0
0.0
0.0
0.0
0.0
0.0
0.0
254266.0
0.0
0.0
0.0
0.0
0.0
254344.0
254345.0
254346.0
254347.0
254348.0
254349.0
254350.0
0.0
0.0
0.0
0.0
0.0
0.0
0.0
254424.0
254426.0
254427.0
254428.0
254429.0
254430.0
0.0
0.0
0.0
0.0
0.0
0.0
0.0
254504.0
254506.0
254507.0
254508.0
0.0
0.0
0.0
0.0
0.0
0.0
254584.0
0.0
0.0
0.0
0.0
0.0
0.0
0.0
0.0
0.0
0.0
0.0
255066.0
255067.0
255068.0
0.0
0.0
0.0
0.0
0.0
255147.0
255148.0
0.0
0.0
0.0
0.0
255227.0
255228.0
0.0
0.0
0.0
0.0
0.0
0.0
0.0
0.0
0.0
0.0
0.0
0.0
0.0
0.0
0.0
0.0
0.0
0.0
0.0
0.0
0.0
0.0
0.0
0.0
0.0
0.0
0.0
0.0
0.0
0.0
0.0
0.0
0.0
0.0
0.0
0.0
0.0
0.0
0.0
0.0
0.0
0.0
0.0
0.0
0.0
0.0
0.0
0.0
0.0
0.0
0.0
0.0
0.0
0.0
0.0
0.0
0.0
0.0
0.0
0.0
0.0
0.0
0.0
0.0
0.0
0.0
0.0
0.0
0.0
0.0
0.0
0.0
0.0
0.0
0.0
0.0
0.0
0.0
0.0
0.0
0.0
0.0
0.0
0.0
0.0
0.0
0.0
0.0
0.0
0.0
0.0
0.0
0.0
0.0
0.0
0.0
0.0
0.0
0.0
0.0
0.0
0.0
262265.0
0.0
0.0
262346.0
262347.0
0.0
0.0
262424.0
262427.0
0.0
0.0
0.0
262504.0
0.0
0.0
0.0
0.0
262988.0
0.0
0.0
0.0
0.0
0.0
263067.0
263068.0
263148.0
0.0
0.0
0.0
0.0
0.0
0.0
0.0
0.0
0.0
0.0
0.0
0.0
0.0
0.0
0.0
0.0
0.0
0.0
0.0
0.0
0.0
0.0
0.0
0.0
0.0
0.0
0.0
0.0
0.0
0.0
0.0
0.0
0.0
0.0
0.0
0.0
0.0
0.0
0.0
0.0
0.0
0.0
0.0
0.0
0.0
0.0
0.0
0.0
0.0
0.0
0.0
0.0
0.0
0.0
0.0
0.0
0.0
0.0
0.0
0.0
0.0
0.0
0.0
0.0
0.0
0.0
0.0
0.0
0.0
0.0
0.0
0.0
0.0
0.0
0.0
0.0
0.0
0.0
0.0
0.0
0.0
0.0
0.0
0.0
0.0
0.0
0.0
0.0
0.0
0.0
0.0
0.0
0.0
0.0
0.0
0.0
0.0
0.0
0.0
0.0
0.0
0.0
0.0
0.0
0.0
0.0
0.0
0.0
0.0
0.0
0.0
0.0
0.0
0.0
0.0
0.0
0.0
0.0
0.0
0.0
0.0
0.0
0.0
0.0
0.0
0.0
0.0
0.0
0.0
0.0
0.0
0.0
0.0
0.0
0.0
0.0
0.0
0.0
0.0
0.0
0.0
0.0
0.0
0.0
0.0
0.0
0.0
0.0
0.0
0.0
0.0
0.0
0.0
0.0
0.0
0.0
0.0
0.0
0.0
0.0
0.0
0.0
0.0
0.0
0.0
0.0
0.0
0.0
0.0
0.0
0.0
0.0
0.0
0.0
0.0
0.0
0.0
0.0
0.0
0.0
0.0
0.0
0.0
0.0
0.0
0.0
0.0
0.0
0.0
0.0
0.0
0.0
0.0
0.0
0.0
0.0
0.0
0.0
0.0
0.0
0.0
0.0
0.0
0.0
0.0
0.0
0.0
0.0
0.0
0.0
0.0
0.0
0.0
0.0
0.0
0.0
0.0
0.0
0.0
0.0
0.0
0.0
0.0
0.0
0.0
0.0
0.0
0.0
0.0
0.0
0.0
0.0
0.0
0.0
0.0
0.0
0.0
0.0
0.0
0.0
0.0
0.0
0.0
0.0
0.0
0.0
0.0
0.0
0.0
0.0
0.0
0.0
0.0
0.0
0.0
0.0
0.0
0.0
0.0
0.0
0.0
0.0
0.0
0.0
0.0
0.0
0.0
0.0
0.0
0.0
0.0
0.0
0.0
0.0
0.0
0.0
0.0
0.0
0.0
0.0
0.0
0.0
0.0
0.0
0.0
0.0
0.0
0.0
0.0
0.0
0.0
0.0
0.0
0.0
0.0
0.0
0.0
0.0
0.0
0.0
0.0
0.0
0.0
0.0
0.0
0.0
0.0
0.0
0.0
0.0
0.0
0.0
0.0
0.0
0.0
0.0
0.0
0.0
0.0
0.0
0.0
0.0
0.0
0.0
0.0
0.0
0.0
0.0
0.0
0.0
0.0
0.0
0.0
0.0
0.0
0.0
0.0
0.0
0.0
0.0
0.0
0.0
0.0
0.0
0.0
0.0
0.0
0.0
0.0
0.0
0.0
0.0
0.0
0.0
0.0
0.0
0.0
0.0
0.0
0.0
0.0
0.0
0.0
0.0
0.0
0.0
0.0
0.0
0.0
0.0
0.0
0.0
0.0
0.0
0.0
0.0
0.0
0.0
0.0
0.0
0.0
0.0
0.0
0.0
0.0
0.0
0.0
0.0
0.0
0.0
0.0
0.0
0.0
0.0
0.0
0.0
0.0
0.0
0.0
0.0
0.0
0.0
0.0
0.0
0.0
0.0
0.0
0.0
0.0
0.0
0.0
0.0
0.0
0.0
0.0
0.0
0.0
0.0
0.0
0.0
0.0
0.0
0.0
0.0
0.0
0.0
0.0
0.0
0.0
0.0
0.0
0.0
0.0
0.0
0.0
0.0
0.0
0.0
0.0
0.0
0.0
0.0
0.0
0.0
0.0
0.0
0.0
0.0
0.0
0.0
0.0
0.0
0.0
0.0
0.0
0.0
0.0
0.0
0.0
0.0
0.0
0.0
0.0
0.0
0.0
0.0
0.0
0.0
0.0
0.0
0.0
0.0
0.0
0.0
0.0
0.0
0.0
0.0
0.0
0.0
0.0
0.0
0.0
0.0
0.0
0.0
0.0
0.0
0.0
0.0
0.0
0.0
0.0
0.0
0.0
0.0
0.0
0.0
0.0
0.0
0.0
0.0
0.0
0.0
0.0
0.0
0.0
0.0
0.0
0.0
0.0
0.0
0.0
0.0
0.0
0.0
0.0
0.0
0.0
0.0
0.0
0.0
0.0
0.0
0.0
0.0
0.0
0.0
0.0
0.0
0.0
0.0
0.0
0.0
0.0
0.0
0.0
0.0
0.0
0.0
0.0
0.0
0.0
0.0
0.0
0.0
0.0
0.0
0.0
0.0
0.0
0.0
0.0
0.0
0.0
0.0
0.0
0.0
0.0
0.0
0.0
0.0
0.0
0.0
0.0
0.0
0.0
0.0
0.0
0.0
0.0
0.0
0.0
0.0
0.0
0.0
0.0
0.0
0.0
0.0
0.0
0.0
0.0
0.0
0.0
0.0
0.0
0.0
0.0
0.0
0.0
0.0
0.0
0.0
0.0
0.0
0.0
0.0
0.0
0.0
0.0
0.0
0.0
0.0
0.0
0.0
0.0
0.0
0.0
0.0
0.0
0.0
0.0
0.0
0.0
0.0
0.0
0.0
0.0
0.0
0.0
0.0
0.0
0.0
0.0
0.0
0.0
0.0
0.0
0.0
0.0
0.0
0.0
0.0
0.0
0.0
0.0
0.0
0.0
0.0
0.0
0.0
0.0
0.0
0.0
0.0
0.0
0.0
0.0
0.0
0.0
0.0
0.0
0.0
0.0
0.0
0.0
0.0
0.0
0.0
0.0
0.0
0.0
0.0
0.0
0.0
0.0
0.0
0.0
0.0
0.0
0.0
0.0
0.0
0.0
0.0
0.0
0.0
0.0
0.0
0.0
0.0
0.0
0.0
0.0
437546.0
0.0
0.0
0.0
0.0
0.0
0.0
0.0
0.0
0.0
0.0
0.0
0.0
0.0
0.0
0.0
0.0
0.0
0.0
0.0
0.0
0.0
0.0
0.0
0.0
0.0
0.0
0.0
0.0
0.0
0.0
0.0
0.0
0.0
0.0
0.0
0.0
0.0
0.0
0.0
0.0
0.0
0.0
0.0
0.0
0.0
0.0
0.0
0.0
0.0
0.0
0.0
0.0
0.0
0.0
0.0
0.0
0.0
0.0
0.0
0.0
0.0
0.0
0.0
0.0
0.0
0.0
0.0
0.0
0.0
0.0
0.0
0.0
0.0
0.0
0.0
0.0
0.0
0.0
0.0
0.0
0.0
0.0
0.0
0.0
0.0
0.0
0.0
0.0
0.0
0.0
0.0
0.0
0.0
0.0
0.0
0.0
0.0
0.0
0.0
444589.0
444590.0
0.0
0.0
444668.0
444670.0
444671.0
0.0
0.0
0.0
0.0
0.0
0.0
0.0
0.0
445149.0
445228.0
445229.0
445309.0
445386.0
0.0
445466.0
445467.0
0.0
0.0
0.0
0.0
445546.0
0.0
0.0
0.0
0.0
0.0
0.0
0.0
0.0
0.0
0.0
445626.0
0.0
0.0
0.0
0.0
0.0
0.0
0.0
0.0
0.0
0.0
0.0
0.0
0.0
0.0
0.0
0.0
0.0
0.0
0.0
0.0
0.0
0.0
0.0
0.0
0.0
0.0
0.0
0.0
0.0
0.0
0.0
0.0
0.0
0.0
0.0
0.0
0.0
0.0
0.0
0.0
0.0
0.0
0.0
0.0
0.0
0.0
0.0
0.0
0.0
0.0
0.0
0.0
0.0
0.0
0.0
0.0
0.0
0.0
0.0
0.0
0.0
0.0
0.0
0.0
0.0
0.0
0.0
0.0
0.0
0.0
0.0
0.0
0.0
0.0
0.0
0.0
0.0
0.0
0.0
0.0
0.0
0.0
0.0
0.0
0.0
452507.0
452508.0
452509.0
452510.0
0.0
0.0
0.0
0.0
0.0
452587.0
452588.0
452589.0
452590.0
452591.0
0.0
0.0
0.0
0.0
0.0
0.0
0.0
0.0
0.0
0.0
0.0
0.0
0.0
452827.0
452828.0
0.0
0.0
0.0
0.0
453068.0
453069.0
453148.0
453149.0
0.0
453227.0
453228.0
453229.0
453306.0
453307.0
453386.0
453387.0
0.0
0.0
453466.0
453467.0
0.0
0.0
0.0
0.0
0.0
0.0
0.0
0.0
0.0
0.0
0.0
0.0
0.0
0.0
0.0
0.0
0.0
0.0
0.0
0.0
0.0
0.0
0.0
0.0
0.0
0.0
0.0
0.0
0.0
0.0
0.0
0.0
0.0
0.0
0.0
0.0
0.0
0.0
0.0
0.0
0.0
0.0
0.0
0.0
0.0
0.0
0.0
0.0
0.0
0.0
0.0
0.0
0.0
0.0
0.0
0.0
0.0
0.0
0.0
0.0
0.0
0.0
0.0
0.0
0.0
0.0
0.0
0.0
0.0
0.0
0.0
0.0
0.0
0.0
460189.0
460190.0
460267.0
460268.0
460269.0
460270.0
460271.0
0.0
460349.0
0.0
0.0
0.0
0.0
460428.0
460429.0
460430.0
0.0
0.0
0.0
0.0
0.0
0.0
0.0
460508.0
460509.0
460510.0
460511.0
0.0
0.0
0.0
0.0
0.0
0.0
0.0
0.0
0.0
0.0
0.0
460588.0
460589.0
460590.0
460591.0
0.0
0.0
0.0
0.0
0.0
0.0
0.0
0.0
0.0
0.0
0.0
0.0
0.0
0.0
0.0
0.0
0.0
0.0
0.0
0.0
0.0
0.0
0.0
0.0
460747.0
0.0
0.0
0.0
0.0
0.0
0.0
0.0
0.0
0.0
0.0
0.0
0.0
0.0
0.0
0.0
0.0
460989.0
0.0
0.0
0.0
0.0
461068.0
461069.0
0.0
0.0
0.0
461146.0
461147.0
461148.0
461149.0
461150.0
461226.0
461227.0
461229.0
461306.0
461307.0
461386.0
461387.0
0.0
0.0
0.0
0.0
0.0
0.0
0.0
0.0
0.0
0.0
0.0
0.0
0.0
0.0
0.0
0.0
0.0
0.0
0.0
0.0
0.0
0.0
0.0
0.0
0.0
0.0
0.0
0.0
0.0
0.0
0.0
0.0
0.0
0.0
0.0
0.0
0.0
462024.0
462025.0
0.0
0.0
0.0
0.0
0.0
462105.0
0.0
0.0
0.0
0.0
0.0
0.0
0.0
0.0
0.0
0.0
0.0
0.0
0.0
0.0
0.0
0.0
0.0
0.0
0.0
0.0
0.0
0.0
0.0
0.0
0.0
0.0
0.0
0.0
0.0
0.0
0.0
0.0
0.0
0.0
0.0
0.0
0.0
468110.0
468111.0
0.0
468188.0
468189.0
468190.0
468191.0
0.0
468268.0
468269.0
468270.0
0.0
0.0
0.0
0.0
468348.0
468349.0
468350.0
468351.0
468353.0
0.0
0.0
0.0
0.0
0.0
0.0
0.0
0.0
0.0
468426.0
468427.0
468428.0
468429.0
468430.0
468431.0
0.0
0.0
0.0
0.0
0.0
0.0
0.0
0.0
0.0
0.0
0.0
0.0
0.0
468506.0
468507.0
0.0
468509.0
468510.0
468511.0
0.0
0.0
0.0
0.0
0.0
0.0
0.0
0.0
0.0
0.0
0.0
0.0
0.0
468588.0
468590.0
468591.0
0.0
0.0
0.0
0.0
0.0
0.0
0.0
0.0
0.0
0.0
0.0
0.0
0.0
0.0
0.0
0.0
0.0
0.0
0.0
0.0
0.0
0.0
0.0
0.0
0.0
0.0
0.0
0.0
468747.0
0.0
0.0
0.0
0.0
0.0
0.0
0.0
0.0
0.0
468826.0
468827.0
0.0
0.0
0.0
0.0
0.0
0.0
0.0
468906.0
468907.0
0.0
0.0
0.0
0.0
0.0
468986.0
468987.0
468988.0
468989.0
468990.0
0.0
0.0
469066.0
469067.0
469068.0
469069.0
469145.0
469146.0
469147.0
469148.0
469225.0
469226.0
469227.0
469306.0
469307.0
0.0
469386.0
469387.0
0.0
0.0
0.0
469466.0
0.0
0.0
0.0
0.0
0.0
0.0
0.0
0.0
0.0
0.0
0.0
0.0
0.0
0.0
0.0
0.0
0.0
0.0
0.0
0.0
0.0
0.0
0.0
0.0
0.0
0.0
469944.0
469945.0
469946.0
0.0
0.0
0.0
0.0
0.0
470024.0
470025.0
0.0
0.0
0.0
0.0
0.0
0.0
0.0
0.0
0.0
0.0
0.0
0.0
0.0
0.0
0.0
0.0
0.0
0.0
0.0
0.0
0.0
0.0
0.0
0.0
0.0
0.0
0.0
0.0
0.0
0.0
0.0
0.0
0.0
476110.0
476111.0
0.0
0.0
476189.0
476190.0
476191.0
0.0
0.0
0.0
0.0
476267.0
476268.0
476269.0
476270.0
476271.0
476273.0
0.0
0.0
0.0
0.0
0.0
0.0
0.0
0.0
0.0
0.0
0.0
0.0
476346.0
476347.0
476348.0
476349.0
476350.0
476351.0
0.0
0.0
0.0
0.0
0.0
0.0
0.0
0.0
0.0
0.0
0.0
0.0
0.0
0.0
0.0
0.0
0.0
0.0
476426.0
476427.0
476429.0
476430.0
476431.0
0.0
0.0
0.0
0.0
0.0
0.0
0.0
0.0
0.0
0.0
0.0
0.0
0.0
0.0
0.0
0.0
0.0
0.0
476506.0
476507.0
476508.0
476510.0
476511.0
0.0
0.0
0.0
0.0
0.0
0.0
0.0
0.0
0.0
0.0
0.0
0.0
0.0
0.0
0.0
0.0
476587.0
476588.0
0.0
0.0
0.0
0.0
0.0
0.0
0.0
0.0
0.0
0.0
0.0
0.0
0.0
0.0
476666.0
0.0
0.0
0.0
476672.0
0.0
0.0
0.0
0.0
0.0
0.0
0.0
0.0
0.0
476746.0
0.0
0.0
0.0
0.0
0.0
0.0
0.0
476825.0
476826.0
0.0
0.0
0.0
476905.0
476906.0
476907.0
476986.0
476987.0
476988.0
477065.0
477066.0
477067.0
477068.0
477145.0
477146.0
477226.0
477227.0
0.0
477305.0
477306.0
477307.0
0.0
477386.0
0.0
477464.0
0.0
0.0
477545.0
0.0
0.0
0.0
0.0
0.0
0.0
477704.0
0.0
0.0
0.0
0.0
0.0
0.0
477784.0
0.0
0.0
0.0
0.0
477864.0
477865.0
477866.0
0.0
0.0
0.0
0.0
0.0
477943.0
477944.0
477945.0
0.0
0.0
0.0
0.0
0.0
478024.0
478025.0
0.0
0.0
0.0
0.0
0.0
0.0
0.0
0.0
0.0
0.0
0.0
0.0
0.0
0.0
0.0
0.0
0.0
0.0
0.0
0.0
0.0
0.0
0.0
0.0
0.0
0.0
0.0
0.0
0.0
0.0
484031.0
0.0
484109.0
484111.0
484112.0
0.0
0.0
0.0
0.0
484187.0
484188.0
484189.0
484190.0
484191.0
0.0
0.0
0.0
0.0
0.0
0.0
0.0
0.0
0.0
0.0
0.0
484266.0
484267.0
484268.0
484269.0
484270.0
484271.0
0.0
0.0
0.0
0.0
0.0
0.0
0.0
0.0
0.0
0.0
0.0
0.0
0.0
484346.0
484347.0
484349.0
484350.0
484352.0
0.0
0.0
0.0
0.0
0.0
0.0
0.0
0.0
0.0
0.0
0.0
0.0
0.0
484426.0
484427.0
484432.0
0.0
0.0
0.0
0.0
0.0
0.0
0.0
0.0
0.0
0.0
0.0
0.0
0.0
0.0
0.0
0.0
484507.0
484508.0
484511.0
484512.0
0.0
0.0
0.0
0.0
0.0
0.0
0.0
0.0
0.0
0.0
0.0
0.0
0.0
484586.0
0.0
0.0
0.0
484591.0
484592.0
484593.0
0.0
0.0
0.0
0.0
0.0
0.0
0.0
0.0
0.0
0.0
0.0
484666.0
484667.0
0.0
0.0
0.0
0.0
0.0
0.0
0.0
0.0
0.0
0.0
484745.0
484746.0
484747.0
0.0
0.0
0.0
484825.0
484826.0
0.0
0.0
0.0
0.0
0.0
484905.0
484906.0
484907.0
0.0
0.0
0.0
0.0
0.0
484984.0
484985.0
484986.0
484987.0
0.0
0.0
0.0
485065.0
485066.0
0.0
0.0
485145.0
485146.0
485147.0
485225.0
485226.0
485227.0
485305.0
485306.0
485384.0
485385.0
485464.0
485465.0
485466.0
485544.0
0.0
0.0
0.0
0.0
0.0
485703.0
485704.0
485705.0
0.0
0.0
485783.0
485784.0
485786.0
0.0
0.0
0.0
485863.0
485864.0
485865.0
485866.0
0.0
0.0
0.0
485943.0
485944.0
485945.0
0.0
0.0
0.0
0.0
486023.0
486024.0
0.0
0.0
0.0
0.0
0.0
486103.0
0.0
0.0
0.0
0.0
0.0
0.0
0.0
0.0
0.0
0.0
0.0
0.0
0.0
0.0
0.0
0.0
0.0
0.0
0.0
0.0
0.0
0.0
0.0
0.0
0.0
0.0
0.0
0.0
0.0
0.0
0.0
0.0
0.0
0.0
0.0
0.0
0.0
0.0
0.0
492030.0
492031.0
492032.0
492033.0
0.0
0.0
0.0
492107.0
492108.0
492109.0
492110.0
492111.0
492112.0
492113.0
0.0
0.0
0.0
0.0
0.0
0.0
0.0
0.0
0.0
0.0
0.0
0.0
492186.0
492187.0
492188.0
492189.0
492192.0
0.0
0.0
0.0
0.0
0.0
0.0
0.0
0.0
0.0
0.0
0.0
492266.0
492267.0
0.0
0.0
0.0
0.0
0.0
0.0
0.0
0.0
0.0
0.0
0.0
0.0
0.0
0.0
0.0
0.0
0.0
0.0
0.0
492346.0
492350.0
0.0
492352.0
0.0
0.0
0.0
0.0
0.0
0.0
0.0
0.0
0.0
0.0
0.0
0.0
0.0
0.0
0.0
0.0
492425.0
492426.0
0.0
492429.0
492430.0
492431.0
492432.0
492433.0
0.0
0.0
0.0
0.0
0.0
0.0
0.0
0.0
0.0
0.0
0.0
0.0
0.0
492506.0
0.0
0.0
492510.0
492511.0
492512.0
492513.0
0.0
0.0
0.0
0.0
0.0
0.0
0.0
0.0
0.0
0.0
0.0
492586.0
492587.0
0.0
0.0
492591.0
492592.0
0.0
0.0
0.0
0.0
0.0
0.0
0.0
0.0
0.0
0.0
492665.0
492666.0
492667.0
0.0
0.0
0.0
0.0
0.0
0.0
0.0
0.0
492745.0
492746.0
0.0
0.0
0.0
0.0
0.0
0.0
0.0
0.0
0.0
0.0
492825.0
492826.0
0.0
0.0
0.0
0.0
0.0
0.0
0.0
0.0
492904.0
492905.0
492906.0
0.0
0.0
0.0
0.0
492986.0
0.0
0.0
0.0
0.0
493065.0
493066.0
493067.0
0.0
0.0
0.0
0.0
493145.0
493146.0
493147.0
0.0
0.0
0.0
0.0
0.0
493224.0
493225.0
493226.0
0.0
0.0
0.0
0.0
0.0
0.0
493304.0
493305.0
0.0
0.0
0.0
493383.0
493384.0
493463.0
493464.0
493465.0
493543.0
493544.0
493623.0
493624.0
493625.0
493703.0
493704.0
493783.0
493784.0
493785.0
493786.0
493787.0
493862.0
493863.0
493864.0
493865.0
493866.0
493867.0
493942.0
493943.0
493944.0
493945.0
0.0
0.0
0.0
494022.0
494023.0
494024.0
0.0
0.0
0.0
0.0
0.0
0.0
0.0
0.0
0.0
0.0
0.0
0.0
494263.0
0.0
494265.0
0.0
0.0
494342.0
494343.0
494344.0
494345.0
0.0
0.0
494422.0
494423.0
494424.0
494425.0
0.0
0.0
494502.0
494503.0
494504.0
494505.0
494506.0
494507.0
494581.0
494582.0
494583.0
494584.0
494585.0
494586.0
494587.0
494664.0
494665.0
494666.0
494667.0
494903.0
0.0
0.0
0.0
0.0
0.0
0.0
0.0
0.0
0.0
0.0
0.0
0.0
0.0
0.0
0.0
0.0
0.0
0.0
0.0
0.0
0.0
0.0
0.0
0.0
0.0
0.0
0.0
0.0
499952.0
0.0
0.0
500029.0
500030.0
500031.0
500032.0
0.0
0.0
0.0
0.0
0.0
0.0
0.0
0.0
0.0
0.0
0.0
0.0
0.0
0.0
500107.0
500108.0
500109.0
500110.0
500111.0
500112.0
0.0
0.0
0.0
0.0
0.0
0.0
0.0
0.0
0.0
0.0
0.0
0.0
0.0
0.0
0.0
0.0
500186.0
500187.0
500188.0
500189.0
0.0
0.0
0.0
0.0
0.0
0.0
0.0
0.0
0.0
0.0
0.0
0.0
0.0
0.0
0.0
0.0
500266.0
500267.0
500268.0
500269.0
500270.0
500271.0
0.0
0.0
0.0
0.0
0.0
0.0
0.0
0.0
0.0
0.0
0.0
0.0
0.0
0.0
0.0
0.0
0.0
500345.0
500346.0
500348.0
500349.0
500350.0
500351.0
0.0
0.0
0.0
0.0
0.0
0.0
0.0
0.0
0.0
0.0
0.0
0.0
500425.0
500426.0
500427.0
500430.0
500431.0
500432.0
0.0
0.0
0.0
0.0
0.0
0.0
0.0
500506.0
500507.0
0.0
0.0
500511.0
500512.0
0.0
0.0
0.0
0.0
0.0
0.0
500585.0
500586.0
0.0
0.0
0.0
0.0
0.0
0.0
0.0
0.0
0.0
0.0
500665.0
0.0
0.0
0.0
0.0
0.0
0.0
0.0
0.0
0.0
0.0
0.0
0.0
500745.0
0.0
0.0
0.0
0.0
0.0
0.0
0.0
0.0
0.0
0.0
0.0
0.0
500824.0
500825.0
0.0
0.0
0.0
0.0
0.0
0.0
0.0
0.0
0.0
0.0
0.0
0.0
0.0
0.0
0.0
0.0
0.0
0.0
0.0
0.0
500985.0
500986.0
0.0
0.0
0.0
0.0
0.0
0.0
0.0
0.0
0.0
0.0
0.0
0.0
501065.0
501066.0
0.0
0.0
0.0
0.0
0.0
0.0
0.0
0.0
0.0
0.0
0.0
0.0
501144.0
501145.0
501146.0
0.0
0.0
0.0
0.0
0.0
0.0
0.0
0.0
0.0
0.0
0.0
501224.0
501225.0
0.0
0.0
0.0
0.0
0.0
0.0
0.0
501303.0
501304.0
501305.0
501306.0
501383.0
501384.0
501385.0
501386.0
501463.0
501464.0
501465.0
501466.0
501467.0
501543.0
501544.0
501546.0
501547.0
501548.0
501623.0
501624.0
501626.0
501627.0
501628.0
501703.0
501782.0
501783.0
501784.0
501785.0
501786.0
501787.0
501862.0
501863.0
501864.0
501865.0
501866.0
501867.0
0.0
501942.0
501943.0
501944.0
501945.0
501946.0
0.0
0.0
502022.0
502023.0
502024.0
502025.0
0.0
0.0
0.0
502102.0
502103.0
502104.0
502105.0
0.0
0.0
0.0
502182.0
502183.0
502184.0
502185.0
0.0
0.0
0.0
502262.0
502263.0
502264.0
0.0
0.0
0.0
0.0
502343.0
502344.0
0.0
0.0
0.0
502422.0
502423.0
502424.0
502426.0
502427.0
502428.0
502501.0
502502.0
502503.0
502504.0
502505.0
502506.0
502507.0
502508.0
0.0
502582.0
502583.0
502584.0
502585.0
502586.0
0.0
0.0
502663.0
502664.0
502665.0
502666.0
0.0
0.0
502742.0
502743.0
502744.0
502745.0
0.0
0.0
0.0
502823.0
502824.0
502825.0
0.0
0.0
502905.0
0.0
0.0
0.0
0.0
0.0
0.0
0.0
0.0
0.0
0.0
0.0
0.0
0.0
0.0
0.0
0.0
0.0
0.0
0.0
0.0
0.0
0.0
0.0
0.0
0.0
0.0
0.0
0.0
0.0
0.0
0.0
0.0
0.0
0.0
0.0
0.0
0.0
0.0
0.0
0.0
0.0
0.0
0.0
0.0
508028.0
0.0
0.0
508031.0
508032.0
0.0
0.0
0.0
0.0
0.0
0.0
0.0
0.0
0.0
0.0
0.0
0.0
0.0
508107.0
508108.0
508109.0
0.0
0.0
0.0
0.0
0.0
0.0
0.0
0.0
0.0
0.0
0.0
0.0
0.0
0.0
508186.0
508187.0
508188.0
508189.0
0.0
0.0
0.0
0.0
0.0
0.0
0.0
0.0
0.0
0.0
0.0
0.0
0.0
0.0
0.0
508265.0
508266.0
508267.0
508268.0
508269.0
0.0
0.0
0.0
0.0
0.0
0.0
0.0
0.0
0.0
0.0
0.0
0.0
508345.0
508346.0
0.0
0.0
0.0
0.0
0.0
0.0
0.0
0.0
0.0
0.0
0.0
508425.0
508426.0
508427.0
0.0
0.0
0.0
0.0
0.0
0.0
0.0
0.0
0.0
0.0
0.0
0.0
0.0
0.0
0.0
508506.0
0.0
0.0
0.0
0.0
0.0
0.0
0.0
0.0
0.0
0.0
0.0
0.0
0.0
0.0
508585.0
0.0
0.0
0.0
0.0
0.0
0.0
0.0
0.0
0.0
0.0
0.0
0.0
0.0
0.0
0.0
508665.0
0.0
0.0
0.0
0.0
0.0
0.0
0.0
0.0
0.0
0.0
0.0
508744.0
508745.0
0.0
0.0
0.0
0.0
0.0
0.0
0.0
0.0
0.0
0.0
0.0
0.0
0.0
508824.0
508825.0
0.0
0.0
0.0
0.0
0.0
0.0
0.0
0.0
0.0
0.0
0.0
0.0
0.0
0.0
0.0
0.0
508904.0
508905.0
0.0
0.0
0.0
0.0
0.0
0.0
0.0
0.0
0.0
0.0
0.0
0.0
0.0
0.0
0.0
0.0
508984.0
508985.0
0.0
0.0
0.0
0.0
0.0
0.0
0.0
0.0
0.0
0.0
0.0
0.0
0.0
0.0
0.0
0.0
509064.0
509065.0
0.0
0.0
0.0
0.0
0.0
0.0
0.0
0.0
0.0
0.0
0.0
0.0
509144.0
509145.0
0.0
0.0
0.0
0.0
0.0
0.0
0.0
509224.0
509225.0
509226.0
0.0
0.0
0.0
0.0
0.0
509303.0
509304.0
509305.0
509306.0
509307.0
0.0
509383.0
509384.0
509385.0
509386.0
509387.0
509388.0
0.0
509463.0
509464.0
509465.0
509466.0
509467.0
509468.0
0.0
509543.0
509544.0
509545.0
509546.0
509547.0
0.0
0.0
509623.0
509624.0
509625.0
509626.0
509627.0
509628.0
0.0
509702.0
509703.0
509707.0
509708.0
509782.0
509783.0
509862.0
509863.0
509865.0
509866.0
509867.0
509868.0
509943.0
509944.0
509945.0
509946.0
0.0
0.0
510022.0
510024.0
510025.0
510026.0
0.0
0.0
510102.0
510103.0
510104.0
510105.0
510106.0
0.0
0.0
510182.0
510183.0
510184.0
510185.0
510186.0
0.0
0.0
510262.0
510263.0
0.0
0.0
0.0
0.0
0.0
510343.0
0.0
0.0
0.0
0.0
0.0
510422.0
510423.0
0.0
0.0
0.0
0.0
510502.0
510503.0
510504.0
0.0
0.0
0.0
0.0
510582.0
510583.0
510584.0
510585.0
0.0
0.0
0.0
510662.0
510663.0
510664.0
510665.0
0.0
0.0
0.0
510743.0
510744.0
0.0
0.0
0.0
0.0
0.0
0.0
0.0
0.0
0.0
0.0
0.0
0.0
0.0
0.0
0.0
0.0
0.0
0.0
0.0
0.0
0.0
0.0
0.0
0.0
0.0
0.0
0.0
0.0
0.0
0.0
0.0
0.0
0.0
0.0
0.0
0.0
0.0
0.0
0.0
0.0
0.0
0.0
0.0
0.0
0.0
0.0
0.0
0.0
0.0
0.0
0.0
0.0
0.0
0.0
0.0
0.0
0.0
0.0
0.0
516106.0
0.0
0.0
0.0
0.0
0.0
0.0
0.0
0.0
0.0
0.0
0.0
0.0
0.0
0.0
0.0
0.0
0.0
0.0
516186.0
516187.0
516188.0
516189.0
0.0
0.0
0.0
0.0
0.0
0.0
0.0
0.0
0.0
0.0
0.0
0.0
0.0
0.0
0.0
0.0
516265.0
516266.0
516267.0
516268.0
516269.0
0.0
0.0
0.0
0.0
0.0
0.0
0.0
0.0
0.0
0.0
0.0
0.0
0.0
0.0
516345.0
516346.0
0.0
0.0
0.0
0.0
0.0
0.0
0.0
0.0
0.0
0.0
0.0
0.0
0.0
0.0
516425.0
516426.0
0.0
0.0
0.0
0.0
0.0
0.0
0.0
0.0
0.0
0.0
516506.0
0.0
0.0
0.0
0.0
0.0
0.0
0.0
0.0
0.0
0.0
0.0
0.0
0.0
0.0
0.0
0.0
0.0
0.0
0.0
0.0
0.0
0.0
0.0
0.0
0.0
0.0
0.0
0.0
0.0
0.0
0.0
0.0
0.0
0.0
0.0
0.0
0.0
0.0
0.0
0.0
0.0
516744.0
0.0
0.0
0.0
0.0
0.0
0.0
0.0
0.0
0.0
0.0
0.0
0.0
0.0
0.0
0.0
0.0
0.0
0.0
0.0
516824.0
516825.0
0.0
0.0
0.0
0.0
0.0
0.0
0.0
0.0
0.0
0.0
0.0
0.0
0.0
0.0
0.0
0.0
0.0
0.0
0.0
516904.0
516905.0
0.0
0.0
0.0
0.0
0.0
0.0
0.0
0.0
0.0
0.0
0.0
0.0
0.0
0.0
0.0
0.0
0.0
0.0
516984.0
516985.0
0.0
0.0
0.0
0.0
0.0
0.0
0.0
0.0
0.0
0.0
0.0
0.0
0.0
0.0
0.0
517064.0
517065.0
0.0
0.0
0.0
0.0
0.0
0.0
0.0
517144.0
517145.0
517146.0
0.0
0.0
0.0
0.0
0.0
0.0
0.0
0.0
517225.0
517226.0
517227.0
0.0
0.0
517304.0
517306.0
517307.0
517308.0
0.0
517383.0
517384.0
517385.0
0.0
0.0
0.0
517463.0
517464.0
517465.0
517466.0
0.0
0.0
0.0
517543.0
517544.0
517545.0
517546.0
517547.0
0.0
0.0
517623.0
517624.0
517625.0
517626.0
517627.0
517628.0
517703.0
517705.0
517706.0
517707.0
517784.0
517785.0
0.0
517864.0
517943.0
517944.0
517946.0
0.0
0.0
518022.0
518023.0
518026.0
0.0
518102.0
518103.0
518106.0
0.0
518182.0
518183.0
0.0
0.0
518262.0
518263.0
0.0
0.0
0.0
0.0
0.0
518422.0
0.0
0.0
0.0
518501.0
518502.0
518503.0
0.0
0.0
0.0
518582.0
0.0
0.0
0.0
0.0
0.0
0.0
0.0
0.0
0.0
0.0
0.0
0.0
0.0
0.0
0.0
0.0
0.0
0.0
0.0
0.0
0.0
0.0
0.0
0.0
0.0
0.0
0.0
0.0
0.0
0.0
0.0
0.0
0.0
0.0
0.0
0.0
0.0
0.0
0.0
0.0
0.0
0.0
0.0
0.0
0.0
0.0
0.0
0.0
0.0
0.0
0.0
0.0
0.0
0.0
0.0
0.0
0.0
0.0
0.0
0.0
0.0
0.0
0.0
0.0
0.0
0.0
0.0
0.0
524107.0
524108.0
524109.0
524110.0
524111.0
524112.0
0.0
0.0
0.0
0.0
0.0
0.0
0.0
0.0
0.0
0.0
0.0
0.0
0.0
524186.0
524187.0
524188.0
524189.0
524190.0
524191.0
0.0
0.0
0.0
0.0
0.0
0.0
0.0
0.0
0.0
0.0
0.0
0.0
0.0
524266.0
524267.0
524268.0
524269.0
524270.0
0.0
0.0
0.0
0.0
0.0
0.0
0.0
0.0
0.0
0.0
0.0
0.0
0.0
524345.0
524346.0
524347.0
524348.0
0.0
0.0
0.0
0.0
0.0
0.0
0.0
0.0
524425.0
524426.0
524427.0
0.0
0.0
0.0
0.0
0.0
0.0
0.0
0.0
524506.0
0.0
0.0
0.0
0.0
0.0
0.0
0.0
0.0
0.0
0.0
0.0
0.0
0.0
0.0
0.0
0.0
0.0
0.0
0.0
0.0
0.0
0.0
0.0
0.0
0.0
524664.0
0.0
0.0
0.0
0.0
0.0
0.0
0.0
0.0
0.0
0.0
0.0
0.0
0.0
0.0
0.0
524744.0
0.0
0.0
0.0
0.0
0.0
0.0
0.0
0.0
0.0
0.0
0.0
0.0
0.0
0.0
0.0
0.0
0.0
0.0
0.0
0.0
524824.0
0.0
0.0
0.0
0.0
0.0
0.0
0.0
0.0
0.0
0.0
0.0
0.0
0.0
0.0
0.0
0.0
524904.0
524905.0
0.0
0.0
0.0
0.0
0.0
0.0
0.0
0.0
0.0
0.0
0.0
0.0
0.0
0.0
0.0
0.0
524984.0
524985.0
0.0
0.0
0.0
0.0
0.0
0.0
0.0
0.0
0.0
0.0
0.0
0.0
0.0
0.0
525065.0
525066.0
0.0
0.0
0.0
0.0
0.0
0.0
0.0
0.0
0.0
0.0
0.0
0.0
0.0
525146.0
525147.0
0.0
0.0
0.0
0.0
0.0
0.0
0.0
0.0
0.0
0.0
0.0
0.0
0.0
0.0
0.0
0.0
0.0
0.0
0.0
0.0
0.0
0.0
0.0
0.0
0.0
0.0
0.0
0.0
0.0
525463.0
0.0
0.0
525543.0
525544.0
0.0
0.0
0.0
525624.0
525625.0
0.0
0.0
0.0
525703.0
525704.0
0.0
0.0
0.0
0.0
0.0
0.0
525863.0
0.0
525942.0
525943.0
526022.0
526023.0
0.0
0.0
526102.0
526103.0
0.0
0.0
0.0
526182.0
526183.0
0.0
0.0
0.0
0.0
0.0
0.0
0.0
0.0
0.0
0.0
0.0
0.0
0.0
0.0
0.0
0.0
0.0
0.0
0.0
0.0
0.0
0.0
0.0
0.0
0.0
0.0
0.0
0.0
0.0
0.0
0.0
0.0
0.0
0.0
0.0
0.0
0.0
0.0
0.0
0.0
0.0
0.0
0.0
0.0
532031.0
532032.0
0.0
0.0
0.0
0.0
0.0
0.0
0.0
0.0
0.0
0.0
0.0
0.0
0.0
0.0
532109.0
532110.0
532111.0
532112.0
0.0
0.0
0.0
0.0
0.0
0.0
0.0
0.0
0.0
0.0
0.0
0.0
0.0
532187.0
532188.0
532189.0
532190.0
532191.0
532192.0
0.0
0.0
0.0
0.0
0.0
0.0
0.0
0.0
0.0
0.0
532266.0
532267.0
532268.0
532269.0
532270.0
532271.0
0.0
0.0
0.0
0.0
0.0
0.0
532345.0
532346.0
532347.0
532348.0
0.0
0.0
0.0
0.0
0.0
0.0
0.0
0.0
532426.0
532427.0
0.0
0.0
0.0
0.0
0.0
0.0
0.0
0.0
0.0
0.0
0.0
0.0
0.0
0.0
0.0
0.0
0.0
0.0
0.0
0.0
0.0
0.0
0.0
0.0
0.0
0.0
0.0
0.0
0.0
0.0
0.0
0.0
0.0
0.0
0.0
0.0
0.0
0.0
0.0
0.0
0.0
0.0
0.0
0.0
0.0
0.0
0.0
0.0
0.0
0.0
0.0
0.0
0.0
0.0
0.0
0.0
0.0
0.0
0.0
0.0
0.0
0.0
0.0
0.0
0.0
0.0
0.0
0.0
0.0
0.0
0.0
0.0
0.0
0.0
0.0
0.0
0.0
0.0
0.0
0.0
0.0
0.0
0.0
0.0
0.0
0.0
0.0
0.0
0.0
0.0
0.0
0.0
0.0
0.0
0.0
0.0
0.0
0.0
0.0
0.0
0.0
0.0
0.0
0.0
0.0
0.0
0.0
0.0
0.0
0.0
0.0
0.0
0.0
0.0
0.0
0.0
0.0
0.0
0.0
0.0
0.0
0.0
0.0
0.0
0.0
0.0
0.0
0.0
0.0
0.0
0.0
0.0
0.0
0.0
0.0
0.0
0.0
0.0
0.0
0.0
0.0
0.0
0.0
0.0
0.0
0.0
0.0
0.0
0.0
0.0
0.0
0.0
0.0
0.0
0.0
0.0
0.0
0.0
0.0
0.0
0.0
0.0
0.0
0.0
0.0
0.0
0.0
0.0
0.0
0.0
0.0
0.0
0.0
0.0
0.0
0.0
0.0
0.0
0.0
0.0
0.0
0.0
533942.0
0.0
0.0
0.0
0.0
0.0
0.0
0.0
0.0
0.0
0.0
0.0
0.0
0.0
0.0
0.0
0.0
0.0
0.0
0.0
0.0
0.0
0.0
0.0
0.0
0.0
0.0
0.0
540031.0
540032.0
0.0
0.0
0.0
0.0
0.0
0.0
0.0
0.0
0.0
0.0
0.0
0.0
0.0
540111.0
540112.0
0.0
0.0
0.0
0.0
0.0
0.0
0.0
540188.0
540189.0
540190.0
540191.0
540192.0
0.0
0.0
0.0
0.0
0.0
0.0
0.0
540266.0
540267.0
540268.0
540269.0
540270.0
0.0
0.0
0.0
0.0
0.0
0.0
0.0
0.0
0.0
0.0
540346.0
540347.0
0.0
0.0
0.0
0.0
0.0
0.0
0.0
0.0
0.0
0.0
0.0
0.0
0.0
0.0
0.0
0.0
0.0
0.0
0.0
0.0
0.0
0.0
0.0
0.0
0.0
0.0
0.0
0.0
0.0
0.0
0.0
0.0
0.0
0.0
0.0
0.0
0.0
0.0
0.0
0.0
0.0
0.0
0.0
0.0
0.0
0.0
0.0
0.0
0.0
0.0
0.0
0.0
0.0
0.0
0.0
0.0
0.0
0.0
0.0
0.0
0.0
0.0
0.0
0.0
0.0
0.0
0.0
0.0
0.0
0.0
0.0
0.0
0.0
0.0
0.0
0.0
0.0
0.0
0.0
0.0
0.0
0.0
0.0
0.0
0.0
0.0
0.0
0.0
0.0
0.0
0.0
0.0
0.0
0.0
0.0
0.0
0.0
0.0
0.0
0.0
0.0
0.0
0.0
0.0
0.0
0.0
0.0
0.0
0.0
0.0
0.0
0.0
0.0
0.0
0.0
0.0
0.0
0.0
0.0
0.0
0.0
0.0
0.0
0.0
0.0
0.0
0.0
0.0
0.0
0.0
0.0
0.0
0.0
0.0
0.0
0.0
0.0
0.0
0.0
0.0
0.0
0.0
0.0
0.0
0.0
0.0
0.0
0.0
0.0
0.0
0.0
0.0
0.0
0.0
0.0
0.0
0.0
0.0
0.0
0.0
0.0
0.0
0.0
0.0
541943.0
0.0
0.0
0.0
0.0
0.0
0.0
0.0
0.0
0.0
0.0
0.0
0.0
548032.0
0.0
0.0
0.0
0.0
0.0
0.0
548109.0
0.0
548111.0
548112.0
0.0
0.0
0.0
0.0
0.0
0.0
0.0
0.0
0.0
548187.0
548188.0
548189.0
0.0
0.0
0.0
0.0
0.0
0.0
0.0
0.0
0.0
0.0
0.0
0.0
0.0
548267.0
548268.0
548269.0
0.0
0.0
0.0
0.0
0.0
0.0
0.0
0.0
0.0
0.0
0.0
0.0
0.0
0.0
0.0
0.0
0.0
0.0
0.0
0.0
0.0
0.0
0.0
0.0
0.0
0.0
0.0
0.0
0.0
0.0
0.0
0.0
0.0
0.0
0.0
0.0
0.0
0.0
0.0
0.0
0.0
0.0
0.0
0.0
0.0
0.0
0.0
0.0
0.0
0.0
0.0
0.0
0.0
0.0
0.0
0.0
0.0
0.0
0.0
0.0
0.0
0.0
0.0
0.0
0.0
0.0
0.0
0.0
0.0
0.0
0.0
0.0
0.0
0.0
0.0
0.0
0.0
0.0
0.0
0.0
0.0
0.0
0.0
0.0
0.0
0.0
0.0
0.0
0.0
0.0
0.0
0.0
0.0
0.0
0.0
0.0
0.0
0.0
0.0
0.0
0.0
0.0
0.0
0.0
0.0
0.0
0.0
0.0
0.0
0.0
0.0
0.0
0.0
0.0
0.0
0.0
0.0
0.0
0.0
0.0
0.0
0.0
0.0
0.0
0.0
0.0
0.0
0.0
0.0
0.0
0.0
0.0
0.0
0.0
0.0
0.0
0.0
0.0
0.0
0.0
0.0
0.0
0.0
0.0
0.0
0.0
0.0
0.0
0.0
0.0
0.0
0.0
0.0
0.0
0.0
0.0
0.0
0.0
0.0
0.0
0.0
0.0
0.0
0.0
0.0
0.0
0.0
0.0
0.0
0.0
0.0
0.0
0.0
0.0
0.0
0.0
556188.0
0.0
0.0
0.0
0.0
0.0
0.0
0.0
0.0
0.0
0.0
0.0
0.0
556268.0
556269.0
0.0
0.0
0.0
0.0
0.0
0.0
0.0
0.0
0.0
0.0
0.0
0.0
0.0
0.0
0.0
0.0
0.0
0.0
0.0
0.0
0.0
0.0
0.0
0.0
0.0
0.0
0.0
0.0
0.0
0.0
0.0
0.0
0.0
0.0
0.0
0.0
0.0
0.0
0.0
0.0
0.0
0.0
0.0
0.0
0.0
0.0
0.0
0.0
0.0
0.0
0.0
0.0
0.0
0.0
0.0
0.0
0.0
0.0
0.0
0.0
0.0
0.0
0.0
0.0
0.0
0.0
0.0
0.0
0.0
0.0
0.0
0.0
0.0
0.0
0.0
0.0
0.0
0.0
0.0
0.0
0.0
0.0
0.0
0.0
0.0
0.0
0.0
0.0
0.0
0.0
0.0
0.0
0.0
0.0
0.0
0.0
0.0
0.0
0.0
0.0
0.0
0.0
0.0
0.0
0.0
0.0
0.0
0.0
0.0
0.0
0.0
0.0
0.0
0.0
0.0
0.0
0.0
0.0
0.0
0.0
0.0
0.0
0.0
0.0
0.0
0.0
0.0
0.0
0.0
0.0
0.0
0.0
564188.0
564189.0
0.0
0.0
0.0
0.0
0.0
0.0
0.0
0.0
0.0
0.0
0.0
0.0
0.0
0.0
0.0
0.0
0.0
0.0
0.0
0.0
0.0
0.0
0.0
0.0
0.0
0.0
0.0
0.0
0.0
0.0
0.0
0.0
0.0
0.0
0.0
0.0
0.0
0.0
0.0
0.0
0.0
0.0
0.0
0.0
0.0
0.0
0.0
0.0
0.0
0.0
0.0
0.0
0.0
0.0
0.0
0.0
0.0
0.0
0.0
0.0
0.0
0.0
0.0
0.0
0.0
0.0
0.0
0.0
0.0
0.0
0.0
0.0
0.0
0.0
0.0
0.0
0.0
0.0
0.0
0.0
0.0
0.0
0.0
0.0
0.0
0.0
0.0
0.0
0.0
0.0
0.0
0.0
0.0
0.0
0.0
0.0
0.0
0.0
0.0
0.0
0.0
0.0
0.0
0.0
0.0
0.0
0.0
0.0
0.0
0.0
0.0
0.0
0.0
0.0
0.0
0.0
0.0
0.0
0.0
0.0
0.0
0.0
0.0
0.0
0.0
0.0
0.0
0.0
0.0
0.0
0.0
0.0
0.0
0.0
0.0
0.0
0.0
0.0
0.0
0.0
0.0
0.0
0.0
0.0
0.0
0.0
0.0
0.0
0.0
0.0
0.0
0.0
0.0
0.0
0.0
0.0
0.0
0.0
0.0
0.0
0.0
0.0
0.0
0.0
0.0
0.0
0.0
0.0
0.0
0.0
0.0
0.0
0.0
0.0
0.0
0.0
0.0
0.0
0.0
0.0
0.0
0.0
0.0
0.0
0.0
0.0
0.0
0.0
0.0
0.0
0.0
0.0
0.0
0.0
0.0
0.0
0.0
0.0
0.0
0.0
0.0
0.0
0.0
0.0
0.0
0.0
0.0
0.0
0.0
0.0
0.0
0.0
0.0
0.0
0.0
0.0
0.0
0.0
0.0
0.0
0.0
0.0
0.0
0.0
0.0
0.0
0.0
0.0
0.0
0.0
0.0
0.0
0.0
0.0
0.0
0.0
0.0
0.0
0.0
0.0
0.0
0.0
0.0
0.0
0.0
0.0
0.0
0.0
0.0
0.0
0.0
0.0
0.0
0.0
0.0
0.0
0.0
0.0
0.0
0.0
0.0
0.0
0.0
0.0
0.0
0.0
0.0
0.0
0.0
0.0
0.0
0.0
0.0
0.0
0.0
0.0
0.0
0.0
0.0
0.0
0.0
0.0
0.0
0.0
0.0
0.0
0.0
0.0
0.0
0.0
0.0
0.0
0.0
0.0
0.0
0.0
0.0
0.0
0.0
0.0
0.0
0.0
0.0
0.0
0.0
0.0
0.0
0.0
0.0
0.0
0.0
0.0
0.0
0.0
0.0
0.0
0.0
0.0
0.0
0.0
0.0
0.0
0.0
0.0
0.0
0.0
0.0
0.0
0.0
