0.0
0.0
0.0
0.0
0.0
0.0
0.0
0.0
0.0
0.0
0.0
0.0
89625.0
89704.0
89705.0
89783.0
89784.0
89863.0
96909.0
96910.0
0.0
0.0
0.0
0.0
0.0
96988.0
96989.0
96990.0
0.0
0.0
0.0
0.0
0.0
0.0
0.0
0.0
0.0
0.0
0.0
0.0
0.0
0.0
0.0
0.0
0.0
0.0
0.0
0.0
0.0
0.0
0.0
0.0
0.0
97464.0
97465.0
0.0
97544.0
97545.0
97624.0
97625.0
97703.0
97704.0
97783.0
97784.0
97863.0
0.0
0.0
0.0
0.0
0.0
104751.0
0.0
0.0
0.0
104828.0
104829.0
104830.0
104832.0
0.0
0.0
0.0
0.0
0.0
0.0
0.0
104907.0
104908.0
104909.0
104910.0
0.0
0.0
0.0
0.0
0.0
0.0
0.0
104988.0
0.0
0.0
0.0
0.0
0.0
0.0
0.0
0.0
0.0
0.0
0.0
0.0
0.0
0.0
0.0
0.0
0.0
0.0
0.0
0.0
105384.0
105385.0
105464.0
105465.0
105544.0
105623.0
105624.0
105703.0
105782.0
105783.0
105863.0
0.0
0.0
0.0
0.0
0.0
0.0
0.0
0.0
0.0
0.0
0.0
0.0
0.0
0.0
0.0
0.0
0.0
0.0
0.0
0.0
112670.0
112671.0
112672.0
0.0
0.0
0.0
0.0
0.0
0.0
0.0
0.0
112748.0
112749.0
112750.0
112751.0
112752.0
112753.0
0.0
0.0
0.0
0.0
0.0
0.0
0.0
0.0
112827.0
112828.0
112829.0
112830.0
112833.0
0.0
0.0
0.0
0.0
0.0
0.0
0.0
112907.0
112908.0
112909.0
112910.0
112911.0
0.0
0.0
0.0
0.0
0.0
0.0
0.0
112989.0
112990.0
112991.0
0.0
0.0
0.0
0.0
0.0
0.0
0.0
0.0
0.0
0.0
0.0
0.0
0.0
0.0
0.0
0.0
0.0
0.0
113384.0
0.0
113463.0
113464.0
113543.0
113544.0
113623.0
113624.0
113625.0
113702.0
113703.0
113704.0
113705.0
113706.0
113782.0
113783.0
113785.0
113786.0
113863.0
113865.0
113866.0
0.0
0.0
0.0
0.0
0.0
0.0
0.0
0.0
0.0
0.0
0.0
0.0
0.0
0.0
0.0
0.0
0.0
0.0
0.0
0.0
0.0
0.0
0.0
0.0
0.0
0.0
0.0
0.0
0.0
0.0
0.0
0.0
0.0
0.0
0.0
120590.0
120591.0
120592.0
120593.0
0.0
0.0
0.0
0.0
0.0
0.0
0.0
0.0
0.0
0.0
120670.0
120671.0
120672.0
120673.0
0.0
0.0
0.0
0.0
0.0
0.0
0.0
0.0
0.0
120747.0
120748.0
120749.0
120750.0
120751.0
120753.0
0.0
0.0
0.0
0.0
0.0
0.0
0.0
0.0
120826.0
120827.0
120828.0
120829.0
120831.0
0.0
0.0
0.0
0.0
0.0
0.0
0.0
0.0
0.0
120906.0
120907.0
120908.0
120909.0
120910.0
120911.0
0.0
0.0
0.0
0.0
0.0
0.0
120987.0
120988.0
120989.0
120990.0
120991.0
0.0
0.0
0.0
0.0
0.0
121065.0
121066.0
121068.0
121069.0
121070.0
0.0
0.0
0.0
0.0
0.0
0.0
0.0
0.0
0.0
0.0
121384.0
0.0
121386.0
121463.0
121464.0
121465.0
121466.0
121467.0
121543.0
121544.0
121545.0
121546.0
121547.0
121623.0
121624.0
121625.0
121626.0
121627.0
121628.0
121702.0
121703.0
121704.0
121705.0
121706.0
121707.0
121708.0
121782.0
121783.0
121784.0
121785.0
121786.0
121787.0
121865.0
121866.0
0.0
0.0
0.0
0.0
0.0
0.0
0.0
0.0
0.0
0.0
0.0
0.0
0.0
0.0
0.0
0.0
0.0
0.0
0.0
0.0
0.0
0.0
0.0
0.0
0.0
0.0
0.0
0.0
0.0
0.0
0.0
128427.0
128428.0
0.0
0.0
0.0
0.0
0.0
0.0
0.0
128507.0
128508.0
128509.0
128511.0
128512.0
128513.0
0.0
0.0
0.0
0.0
0.0
0.0
0.0
0.0
0.0
128587.0
128588.0
128589.0
128590.0
128591.0
128592.0
128593.0
0.0
0.0
0.0
0.0
0.0
0.0
0.0
0.0
0.0
0.0
128667.0
128668.0
128669.0
128670.0
128671.0
0.0
0.0
0.0
0.0
0.0
0.0
0.0
0.0
0.0
0.0
0.0
0.0
128746.0
128747.0
128748.0
128749.0
128750.0
128751.0
128752.0
0.0
0.0
0.0
0.0
0.0
0.0
0.0
0.0
0.0
128825.0
128826.0
128827.0
128828.0
128829.0
128830.0
128831.0
128832.0
0.0
0.0
0.0
0.0
0.0
0.0
0.0
128905.0
128906.0
128907.0
128908.0
128910.0
128911.0
128912.0
0.0
0.0
0.0
0.0
0.0
0.0
0.0
0.0
128985.0
128986.0
128987.0
128988.0
128989.0
128990.0
128991.0
0.0
0.0
0.0
0.0
0.0
0.0
129064.0
129065.0
129068.0
129069.0
129070.0
0.0
0.0
0.0
129144.0
129145.0
129146.0
0.0
129224.0
129225.0
129226.0
129227.0
0.0
0.0
129305.0
129306.0
129307.0
0.0
129385.0
129386.0
0.0
0.0
0.0
0.0
129466.0
129467.0
129468.0
129469.0
0.0
0.0
129547.0
129548.0
129549.0
129623.0
0.0
0.0
0.0
129627.0
129628.0
129629.0
129703.0
129704.0
129705.0
129706.0
129707.0
129708.0
129785.0
129786.0
129787.0
129788.0
129865.0
129866.0
129867.0
0.0
0.0
0.0
0.0
0.0
0.0
0.0
0.0
0.0
0.0
0.0
0.0
0.0
0.0
0.0
0.0
0.0
0.0
0.0
0.0
0.0
0.0
0.0
0.0
0.0
0.0
0.0
0.0
0.0
136266.0
136267.0
136268.0
0.0
0.0
0.0
0.0
0.0
0.0
0.0
0.0
0.0
0.0
0.0
136347.0
136348.0
136349.0
0.0
0.0
0.0
0.0
0.0
0.0
0.0
0.0
136426.0
136427.0
136428.0
136429.0
136431.0
136432.0
136433.0
0.0
0.0
0.0
0.0
0.0
136506.0
136507.0
136508.0
136509.0
136511.0
136512.0
136513.0
0.0
0.0
0.0
0.0
0.0
0.0
0.0
0.0
0.0
136586.0
136587.0
136588.0
136589.0
136590.0
136591.0
0.0
0.0
0.0
0.0
0.0
0.0
0.0
0.0
0.0
0.0
0.0
0.0
136666.0
136667.0
136668.0
136669.0
136670.0
136671.0
136672.0
0.0
0.0
0.0
0.0
0.0
0.0
0.0
0.0
136746.0
136747.0
136748.0
136749.0
136750.0
136751.0
136752.0
0.0
0.0
0.0
0.0
0.0
0.0
0.0
0.0
0.0
136825.0
136826.0
136827.0
136828.0
136829.0
136830.0
136831.0
136832.0
0.0
0.0
0.0
0.0
0.0
0.0
0.0
136905.0
136906.0
136907.0
136908.0
136909.0
136910.0
136911.0
0.0
0.0
0.0
0.0
0.0
0.0
136985.0
136986.0
136987.0
136988.0
136989.0
136990.0
136991.0
0.0
0.0
0.0
0.0
0.0
0.0
137065.0
137066.0
137067.0
137069.0
137070.0
0.0
0.0
0.0
0.0
137146.0
0.0
0.0
0.0
0.0
0.0
0.0
0.0
0.0
0.0
0.0
0.0
0.0
0.0
0.0
137308.0
137309.0
0.0
0.0
0.0
0.0
137388.0
137389.0
0.0
0.0
0.0
0.0
0.0
137468.0
137469.0
0.0
0.0
0.0
0.0
137548.0
137549.0
0.0
0.0
0.0
0.0
0.0
137628.0
0.0
0.0
137706.0
137707.0
137708.0
137786.0
137787.0
137788.0
0.0
0.0
137866.0
137867.0
137946.0
137947.0
138026.0
138027.0
138106.0
0.0
0.0
0.0
0.0
0.0
0.0
0.0
0.0
0.0
0.0
0.0
0.0
0.0
0.0
0.0
0.0
0.0
0.0
0.0
0.0
0.0
0.0
0.0
0.0
0.0
0.0
0.0
0.0
0.0
0.0
0.0
0.0
0.0
0.0
0.0
0.0
0.0
0.0
0.0
0.0
0.0
0.0
144106.0
144107.0
0.0
0.0
0.0
0.0
0.0
0.0
0.0
0.0
0.0
144186.0
144187.0
144188.0
0.0
0.0
0.0
0.0
0.0
0.0
0.0
0.0
0.0
0.0
0.0
144266.0
144267.0
144269.0
0.0
0.0
0.0
0.0
0.0
0.0
0.0
0.0
0.0
144346.0
144347.0
144349.0
144351.0
144352.0
144353.0
0.0
0.0
0.0
0.0
0.0
144426.0
144427.0
144428.0
144429.0
144431.0
144432.0
144433.0
0.0
0.0
0.0
0.0
0.0
0.0
0.0
144506.0
144507.0
144508.0
144509.0
144510.0
144511.0
0.0
0.0
0.0
0.0
0.0
0.0
144585.0
144586.0
144587.0
144589.0
144590.0
144591.0
0.0
0.0
0.0
0.0
0.0
0.0
144666.0
144667.0
0.0
144669.0
144670.0
144671.0
0.0
0.0
0.0
0.0
0.0
0.0
0.0
0.0
0.0
144747.0
0.0
0.0
144750.0
144751.0
0.0
0.0
0.0
0.0
0.0
0.0
0.0
144826.0
144827.0
0.0
0.0
0.0
144831.0
0.0
0.0
0.0
0.0
0.0
144905.0
144906.0
144907.0
144908.0
144909.0
144910.0
144911.0
0.0
0.0
0.0
0.0
0.0
0.0
0.0
144988.0
144989.0
144990.0
0.0
0.0
0.0
0.0
0.0
0.0
0.0
145068.0
145069.0
0.0
0.0
0.0
0.0
0.0
0.0
0.0
0.0
0.0
0.0
0.0
0.0
0.0
0.0
0.0
0.0
0.0
0.0
0.0
0.0
0.0
0.0
145389.0
0.0
0.0
0.0
0.0
145546.0
0.0
0.0
0.0
0.0
0.0
145626.0
145627.0
145628.0
0.0
0.0
0.0
145706.0
145707.0
145708.0
145786.0
145787.0
145788.0
145866.0
145867.0
145946.0
145947.0
146663.0
146743.0
146823.0
146901.0
146902.0
146981.0
147060.0
0.0
0.0
0.0
0.0
0.0
0.0
0.0
0.0
0.0
0.0
0.0
0.0
0.0
0.0
0.0
0.0
0.0
0.0
0.0
151787.0
0.0
0.0
0.0
0.0
0.0
0.0
0.0
0.0
0.0
0.0
0.0
0.0
0.0
0.0
0.0
151866.0
0.0
0.0
0.0
0.0
0.0
0.0
0.0
0.0
0.0
0.0
0.0
0.0
0.0
0.0
151947.0
0.0
0.0
0.0
0.0
0.0
0.0
0.0
0.0
0.0
0.0
0.0
152026.0
152027.0
152028.0
0.0
0.0
0.0
0.0
152106.0
152108.0
152109.0
0.0
0.0
0.0
0.0
0.0
0.0
0.0
0.0
0.0
152186.0
152187.0
152189.0
152190.0
0.0
0.0
0.0
0.0
0.0
0.0
0.0
0.0
0.0
0.0
152269.0
152270.0
0.0
0.0
0.0
0.0
0.0
0.0
0.0
0.0
0.0
0.0
152349.0
152350.0
152351.0
152352.0
152353.0
152354.0
0.0
0.0
0.0
0.0
0.0
0.0
0.0
0.0
0.0
152429.0
152430.0
152431.0
152432.0
152433.0
0.0
0.0
0.0
0.0
0.0
0.0
0.0
0.0
0.0
0.0
0.0
152509.0
152510.0
152511.0
0.0
0.0
152516.0
0.0
0.0
0.0
0.0
0.0
0.0
0.0
152589.0
152590.0
152591.0
0.0
0.0
0.0
0.0
0.0
0.0
0.0
0.0
0.0
0.0
0.0
0.0
0.0
0.0
0.0
0.0
0.0
0.0
0.0
0.0
0.0
0.0
0.0
0.0
0.0
0.0
0.0
0.0
0.0
0.0
0.0
0.0
0.0
0.0
0.0
0.0
152828.0
0.0
0.0
0.0
0.0
0.0
0.0
0.0
152907.0
152908.0
152909.0
0.0
0.0
0.0
0.0
0.0
0.0
152988.0
0.0
0.0
0.0
0.0
0.0
0.0
0.0
0.0
0.0
0.0
0.0
0.0
0.0
0.0
0.0
0.0
0.0
0.0
0.0
0.0
153305.0
153306.0
153307.0
0.0
0.0
153385.0
153386.0
153387.0
0.0
0.0
153466.0
153467.0
0.0
0.0
0.0
153626.0
153627.0
0.0
153706.0
153707.0
153786.0
153787.0
154265.0
154346.0
154504.0
154583.0
154584.0
154585.0
154663.0
154664.0
154665.0
154742.0
154743.0
154744.0
154821.0
154822.0
154823.0
154901.0
154978.0
154979.0
154980.0
154981.0
154982.0
155057.0
155058.0
155059.0
155137.0
155138.0
0.0
0.0
0.0
0.0
0.0
0.0
0.0
0.0
0.0
0.0
0.0
0.0
0.0
0.0
0.0
0.0
0.0
0.0
0.0
0.0
0.0
159626.0
0.0
0.0
0.0
0.0
0.0
0.0
0.0
0.0
0.0
0.0
0.0
0.0
0.0
0.0
0.0
0.0
0.0
159706.0
159707.0
0.0
0.0
0.0
0.0
0.0
0.0
0.0
0.0
0.0
0.0
0.0
0.0
0.0
0.0
0.0
159786.0
0.0
0.0
0.0
0.0
0.0
0.0
0.0
0.0
0.0
0.0
0.0
159866.0
159867.0
0.0
0.0
0.0
0.0
0.0
0.0
0.0
0.0
0.0
159946.0
159947.0
159948.0
159949.0
0.0
0.0
0.0
0.0
160026.0
160028.0
160029.0
160030.0
0.0
0.0
0.0
0.0
0.0
0.0
0.0
0.0
0.0
0.0
160109.0
160110.0
0.0
0.0
0.0
0.0
0.0
0.0
0.0
0.0
160189.0
160190.0
160191.0
0.0
0.0
160194.0
160195.0
160196.0
0.0
0.0
0.0
0.0
160270.0
160271.0
160272.0
160273.0
160274.0
160275.0
160276.0
0.0
0.0
0.0
0.0
0.0
0.0
0.0
160349.0
160350.0
160351.0
160352.0
160353.0
160354.0
160355.0
160356.0
0.0
0.0
0.0
0.0
0.0
0.0
0.0
160429.0
160430.0
160431.0
160432.0
160433.0
160434.0
160435.0
160436.0
0.0
0.0
0.0
0.0
0.0
0.0
0.0
160510.0
160511.0
160514.0
0.0
160516.0
0.0
0.0
0.0
0.0
0.0
0.0
0.0
0.0
0.0
0.0
0.0
0.0
0.0
0.0
0.0
0.0
0.0
0.0
0.0
0.0
0.0
0.0
0.0
0.0
0.0
0.0
0.0
0.0
0.0
0.0
0.0
0.0
0.0
0.0
0.0
0.0
0.0
0.0
0.0
0.0
0.0
0.0
0.0
0.0
0.0
0.0
0.0
0.0
0.0
0.0
0.0
0.0
0.0
0.0
0.0
0.0
0.0
0.0
0.0
161145.0
161146.0
0.0
0.0
161224.0
161225.0
161226.0
161227.0
161228.0
0.0
0.0
161305.0
161306.0
161307.0
161308.0
0.0
161384.0
161385.0
161386.0
161387.0
161388.0
0.0
0.0
161465.0
161466.0
161467.0
0.0
0.0
0.0
161787.0
161788.0
161868.0
0.0
0.0
0.0
0.0
0.0
162185.0
162187.0
162265.0
162266.0
162267.0
162345.0
162346.0
162423.0
162424.0
162425.0
162426.0
162503.0
162504.0
162505.0
162506.0
162584.0
162585.0
162586.0
162663.0
162664.0
162665.0
162736.0
162743.0
162744.0
162816.0
162817.0
162821.0
162824.0
162894.0
162896.0
162897.0
162899.0
162900.0
162902.0
162977.0
162978.0
162979.0
162980.0
162981.0
163057.0
163058.0
163059.0
0.0
0.0
0.0
0.0
0.0
0.0
0.0
0.0
0.0
0.0
0.0
0.0
0.0
0.0
0.0
0.0
0.0
0.0
0.0
167467.0
0.0
0.0
0.0
0.0
0.0
0.0
0.0
0.0
0.0
0.0
0.0
0.0
0.0
0.0
0.0
0.0
167546.0
0.0
0.0
0.0
0.0
0.0
0.0
0.0
0.0
0.0
0.0
0.0
0.0
0.0
0.0
0.0
0.0
167626.0
167627.0
0.0
0.0
0.0
0.0
0.0
0.0
0.0
0.0
0.0
167706.0
0.0
0.0
0.0
0.0
0.0
0.0
0.0
0.0
0.0
0.0
0.0
0.0
0.0
0.0
0.0
0.0
0.0
0.0
0.0
0.0
0.0
0.0
0.0
0.0
0.0
0.0
167866.0
0.0
167868.0
167869.0
167870.0
0.0
0.0
0.0
0.0
0.0
0.0
0.0
167949.0
167950.0
0.0
0.0
0.0
0.0
0.0
0.0
0.0
0.0
0.0
0.0
0.0
0.0
0.0
168110.0
0.0
0.0
168113.0
168114.0
0.0
0.0
0.0
0.0
168190.0
168191.0
168192.0
168193.0
168194.0
168195.0
168196.0
0.0
0.0
0.0
0.0
0.0
0.0
168270.0
168271.0
168272.0
168273.0
168274.0
168275.0
168276.0
0.0
0.0
0.0
0.0
0.0
0.0
168350.0
168351.0
168352.0
168353.0
168354.0
168355.0
168356.0
0.0
0.0
0.0
0.0
0.0
0.0
0.0
0.0
0.0
168431.0
168432.0
168435.0
168436.0
0.0
0.0
0.0
0.0
0.0
0.0
0.0
0.0
0.0
0.0
0.0
0.0
0.0
0.0
0.0
0.0
0.0
0.0
0.0
0.0
0.0
0.0
0.0
0.0
0.0
0.0
0.0
0.0
0.0
0.0
0.0
0.0
0.0
0.0
0.0
0.0
0.0
0.0
0.0
0.0
0.0
0.0
0.0
169064.0
169065.0
0.0
0.0
169068.0
169069.0
169145.0
169146.0
169147.0
169148.0
169149.0
169224.0
169225.0
169226.0
169227.0
169228.0
0.0
169304.0
169305.0
169306.0
169307.0
169308.0
0.0
0.0
169385.0
169386.0
169387.0
0.0
0.0
0.0
169465.0
169466.0
169467.0
0.0
0.0
169545.0
169546.0
169547.0
169548.0
0.0
169626.0
169627.0
169628.0
169629.0
169707.0
169708.0
169709.0
0.0
169787.0
169788.0
169789.0
0.0
169868.0
169869.0
0.0
0.0
0.0
0.0
169948.0
0.0
0.0
0.0
170027.0
170028.0
0.0
0.0
170106.0
170107.0
170108.0
170185.0
170186.0
170187.0
170188.0
170264.0
170265.0
170266.0
170267.0
0.0
170344.0
170345.0
170346.0
170347.0
170425.0
170426.0
170427.0
170505.0
170506.0
170584.0
170585.0
170655.0
170663.0
170664.0
170665.0
170735.0
170736.0
170737.0
170743.0
170744.0
170815.0
170816.0
170817.0
170819.0
170821.0
170822.0
170823.0
170896.0
170897.0
170898.0
170899.0
170900.0
170901.0
170902.0
170976.0
170977.0
170978.0
170979.0
170980.0
0.0
0.0
0.0
0.0
0.0
0.0
0.0
0.0
0.0
0.0
0.0
0.0
0.0
0.0
0.0
175307.0
175308.0
0.0
0.0
0.0
0.0
0.0
0.0
0.0
0.0
0.0
0.0
0.0
0.0
0.0
0.0
175385.0
175386.0
175387.0
0.0
0.0
0.0
0.0
0.0
0.0
0.0
0.0
0.0
0.0
0.0
0.0
0.0
175465.0
175466.0
0.0
0.0
0.0
0.0
0.0
0.0
0.0
0.0
175546.0
175547.0
0.0
0.0
0.0
0.0
0.0
0.0
0.0
0.0
0.0
175627.0
0.0
0.0
0.0
0.0
0.0
0.0
0.0
0.0
0.0
0.0
0.0
0.0
175707.0
0.0
175709.0
0.0
0.0
0.0
0.0
0.0
0.0
0.0
0.0
0.0
0.0
0.0
175789.0
175790.0
0.0
0.0
0.0
0.0
0.0
0.0
0.0
0.0
0.0
0.0
0.0
0.0
0.0
0.0
0.0
0.0
0.0
0.0
0.0
0.0
0.0
0.0
0.0
0.0
0.0
175953.0
0.0
0.0
0.0
0.0
0.0
0.0
176032.0
176033.0
0.0
0.0
0.0
0.0
0.0
176111.0
176112.0
176113.0
176114.0
176115.0
0.0
0.0
0.0
0.0
0.0
0.0
176191.0
176192.0
176193.0
176194.0
176195.0
0.0
0.0
0.0
0.0
0.0
176271.0
176272.0
176273.0
176274.0
176275.0
0.0
0.0
0.0
0.0
0.0
0.0
0.0
0.0
0.0
0.0
0.0
0.0
0.0
0.0
0.0
0.0
0.0
0.0
0.0
0.0
0.0
0.0
0.0
0.0
0.0
0.0
0.0
0.0
176908.0
176909.0
0.0
0.0
176988.0
176989.0
177065.0
177066.0
177067.0
177068.0
177069.0
177145.0
177146.0
177147.0
177224.0
177225.0
177226.0
177227.0
177228.0
177305.0
177306.0
177307.0
177308.0
177385.0
177386.0
177387.0
177388.0
177465.0
177466.0
177467.0
177468.0
177546.0
177547.0
177548.0
177549.0
177627.0
177628.0
177629.0
0.0
0.0
177708.0
177709.0
0.0
0.0
0.0
0.0
177788.0
177789.0
0.0
0.0
0.0
0.0
0.0
0.0
0.0
0.0
0.0
0.0
0.0
0.0
0.0
0.0
0.0
0.0
0.0
0.0
178028.0
0.0
0.0
0.0
0.0
0.0
0.0
0.0
0.0
0.0
178267.0
178347.0
178426.0
178505.0
178575.0
178583.0
178584.0
178585.0
178654.0
178655.0
178656.0
178662.0
178663.0
178664.0
178735.0
178736.0
178737.0
178741.0
178742.0
178743.0
178816.0
178817.0
178818.0
178819.0
178820.0
178821.0
178822.0
178896.0
178897.0
178898.0
178899.0
178900.0
0.0
0.0
0.0
0.0
0.0
0.0
0.0
0.0
0.0
0.0
0.0
0.0
0.0
0.0
0.0
0.0
0.0
0.0
0.0
0.0
0.0
0.0
0.0
0.0
0.0
183227.0
183228.0
0.0
0.0
0.0
0.0
0.0
0.0
0.0
0.0
0.0
0.0
0.0
0.0
0.0
0.0
0.0
0.0
183305.0
183306.0
183307.0
183308.0
0.0
0.0
0.0
0.0
0.0
0.0
0.0
0.0
0.0
0.0
0.0
0.0
0.0
183385.0
183386.0
0.0
0.0
0.0
0.0
0.0
0.0
0.0
0.0
0.0
0.0
0.0
183465.0
0.0
0.0
0.0
0.0
0.0
0.0
0.0
0.0
0.0
0.0
0.0
0.0
0.0
0.0
0.0
0.0
0.0
0.0
0.0
0.0
0.0
0.0
0.0
0.0
0.0
0.0
0.0
0.0
0.0
0.0
0.0
0.0
0.0
0.0
0.0
0.0
0.0
0.0
0.0
0.0
0.0
0.0
0.0
0.0
0.0
0.0
0.0
0.0
0.0
0.0
0.0
0.0
0.0
0.0
0.0
0.0
0.0
0.0
0.0
0.0
0.0
0.0
0.0
0.0
0.0
0.0
0.0
0.0
0.0
0.0
0.0
0.0
0.0
0.0
0.0
0.0
0.0
0.0
0.0
0.0
0.0
183951.0
183952.0
183953.0
183954.0
0.0
0.0
0.0
0.0
0.0
0.0
0.0
0.0
184032.0
184033.0
184034.0
0.0
0.0
0.0
0.0
0.0
0.0
0.0
184112.0
184113.0
184114.0
0.0
0.0
0.0
0.0
0.0
0.0
0.0
0.0
184192.0
184193.0
0.0
0.0
0.0
0.0
0.0
0.0
0.0
0.0
0.0
0.0
0.0
0.0
0.0
0.0
0.0
0.0
0.0
0.0
0.0
0.0
0.0
0.0
0.0
0.0
0.0
0.0
0.0
0.0
0.0
0.0
0.0
0.0
0.0
0.0
184747.0
184748.0
0.0
0.0
0.0
0.0
184828.0
184829.0
184830.0
184905.0
184906.0
184907.0
184908.0
184909.0
184910.0
184985.0
184986.0
184987.0
184988.0
184989.0
185064.0
185145.0
185146.0
185147.0
185226.0
185227.0
185228.0
185306.0
185307.0
185308.0
185386.0
185387.0
185388.0
185467.0
185468.0
185547.0
0.0
0.0
185708.0
0.0
0.0
0.0
0.0
0.0
0.0
0.0
0.0
0.0
186495.0
186574.0
186575.0
186576.0
186655.0
186656.0
186736.0
186737.0
186738.0
186817.0
186818.0
0.0
0.0
0.0
0.0
0.0
0.0
0.0
0.0
0.0
0.0
0.0
0.0
0.0
0.0
0.0
0.0
0.0
0.0
0.0
191068.0
191069.0
0.0
0.0
0.0
0.0
0.0
0.0
0.0
0.0
0.0
0.0
0.0
0.0
0.0
0.0
0.0
191146.0
191147.0
191148.0
0.0
0.0
0.0
0.0
0.0
0.0
0.0
0.0
0.0
0.0
0.0
0.0
0.0
0.0
0.0
191225.0
191226.0
0.0
0.0
0.0
0.0
0.0
0.0
0.0
0.0
0.0
0.0
0.0
0.0
0.0
0.0
0.0
0.0
0.0
0.0
0.0
0.0
0.0
0.0
0.0
0.0
0.0
0.0
0.0
0.0
0.0
0.0
0.0
0.0
0.0
0.0
0.0
0.0
0.0
0.0
0.0
0.0
0.0
0.0
0.0
0.0
0.0
0.0
0.0
0.0
0.0
0.0
0.0
0.0
0.0
0.0
0.0
0.0
0.0
0.0
0.0
0.0
0.0
0.0
0.0
0.0
0.0
0.0
0.0
0.0
0.0
0.0
0.0
0.0
0.0
0.0
0.0
0.0
0.0
0.0
0.0
0.0
0.0
0.0
0.0
0.0
0.0
0.0
0.0
0.0
0.0
0.0
0.0
0.0
0.0
0.0
0.0
0.0
0.0
0.0
0.0
0.0
0.0
0.0
0.0
0.0
0.0
0.0
0.0
0.0
0.0
0.0
0.0
0.0
0.0
0.0
0.0
0.0
0.0
0.0
0.0
0.0
0.0
0.0
0.0
0.0
0.0
0.0
0.0
0.0
0.0
0.0
0.0
0.0
0.0
0.0
0.0
0.0
0.0
0.0
0.0
0.0
0.0
0.0
0.0
0.0
0.0
0.0
0.0
0.0
0.0
0.0
0.0
0.0
0.0
0.0
0.0
0.0
0.0
0.0
0.0
0.0
0.0
0.0
192749.0
192750.0
0.0
192826.0
192827.0
192828.0
192829.0
0.0
192907.0
192908.0
194576.0
194656.0
194657.0
0.0
0.0
0.0
0.0
0.0
0.0
0.0
0.0
0.0
0.0
0.0
0.0
198908.0
198909.0
0.0
0.0
0.0
0.0
0.0
0.0
0.0
0.0
0.0
0.0
0.0
0.0
0.0
0.0
0.0
198987.0
198988.0
198989.0
198990.0
0.0
0.0
0.0
0.0
0.0
0.0
0.0
0.0
0.0
0.0
0.0
0.0
0.0
0.0
0.0
0.0
199065.0
199066.0
199067.0
199068.0
0.0
199070.0
0.0
0.0
0.0
0.0
0.0
0.0
0.0
0.0
0.0
0.0
0.0
0.0
0.0
0.0
199145.0
199146.0
0.0
0.0
0.0
0.0
0.0
0.0
0.0
0.0
0.0
0.0
0.0
0.0
0.0
0.0
0.0
0.0
0.0
0.0
0.0
0.0
0.0
0.0
0.0
0.0
0.0
0.0
0.0
0.0
0.0
0.0
0.0
0.0
0.0
0.0
0.0
0.0
0.0
0.0
0.0
0.0
0.0
0.0
0.0
0.0
0.0
0.0
0.0
0.0
0.0
0.0
0.0
0.0
0.0
0.0
0.0
0.0
0.0
0.0
0.0
0.0
0.0
0.0
0.0
0.0
0.0
0.0
0.0
0.0
0.0
0.0
0.0
0.0
0.0
0.0
0.0
0.0
0.0
0.0
0.0
0.0
0.0
0.0
0.0
0.0
0.0
0.0
0.0
0.0
0.0
0.0
0.0
0.0
0.0
0.0
0.0
0.0
0.0
0.0
0.0
0.0
0.0
0.0
0.0
0.0
0.0
0.0
0.0
0.0
0.0
0.0
0.0
0.0
0.0
0.0
0.0
0.0
0.0
0.0
0.0
0.0
0.0
0.0
0.0
0.0
0.0
0.0
0.0
0.0
0.0
0.0
0.0
0.0
0.0
0.0
0.0
0.0
0.0
0.0
200748.0
0.0
0.0
0.0
0.0
0.0
0.0
0.0
0.0
0.0
0.0
0.0
0.0
0.0
0.0
0.0
0.0
0.0
0.0
0.0
0.0
0.0
206827.0
206828.0
206829.0
0.0
0.0
0.0
0.0
0.0
0.0
0.0
0.0
0.0
0.0
0.0
0.0
0.0
0.0
0.0
206905.0
206906.0
206907.0
206908.0
206909.0
206910.0
0.0
0.0
0.0
0.0
0.0
0.0
0.0
0.0
0.0
0.0
0.0
0.0
0.0
0.0
0.0
206986.0
206989.0
206990.0
0.0
0.0
0.0
0.0
0.0
0.0
0.0
0.0
0.0
0.0
0.0
207070.0
207071.0
0.0
0.0
0.0
0.0
0.0
0.0
0.0
0.0
0.0
0.0
0.0
0.0
0.0
207150.0
0.0
0.0
0.0
0.0
0.0
0.0
0.0
0.0
0.0
0.0
0.0
0.0
0.0
0.0
0.0
0.0
0.0
0.0
0.0
0.0
0.0
0.0
0.0
0.0
0.0
0.0
0.0
0.0
0.0
0.0
0.0
0.0
0.0
0.0
0.0
0.0
0.0
0.0
0.0
0.0
0.0
0.0
0.0
0.0
0.0
0.0
0.0
0.0
0.0
0.0
0.0
0.0
0.0
0.0
0.0
0.0
0.0
0.0
0.0
0.0
0.0
0.0
0.0
0.0
0.0
0.0
0.0
0.0
0.0
0.0
0.0
0.0
0.0
0.0
0.0
0.0
0.0
0.0
0.0
0.0
0.0
0.0
0.0
0.0
0.0
0.0
0.0
0.0
0.0
0.0
0.0
0.0
0.0
0.0
0.0
0.0
0.0
0.0
0.0
0.0
0.0
0.0
0.0
0.0
0.0
0.0
0.0
0.0
0.0
0.0
0.0
0.0
0.0
0.0
0.0
214589.0
214590.0
214591.0
214592.0
0.0
0.0
0.0
214667.0
214668.0
214669.0
214670.0
214671.0
214672.0
214673.0
0.0
0.0
0.0
0.0
0.0
0.0
0.0
0.0
0.0
0.0
0.0
0.0
214746.0
214747.0
214748.0
214749.0
214750.0
214751.0
214752.0
0.0
0.0
0.0
0.0
0.0
0.0
0.0
0.0
0.0
0.0
0.0
0.0
0.0
0.0
214825.0
214826.0
214827.0
214829.0
214830.0
214831.0
0.0
0.0
0.0
0.0
0.0
0.0
0.0
0.0
0.0
0.0
0.0
0.0
0.0
214909.0
214910.0
214911.0
0.0
0.0
0.0
0.0
0.0
0.0
0.0
0.0
0.0
0.0
0.0
0.0
0.0
0.0
0.0
0.0
0.0
214990.0
214991.0
0.0
0.0
0.0
0.0
0.0
0.0
0.0
0.0
0.0
0.0
0.0
0.0
0.0
215070.0
215071.0
0.0
0.0
0.0
0.0
0.0
0.0
0.0
0.0
0.0
0.0
215151.0
0.0
0.0
0.0
0.0
0.0
0.0
0.0
0.0
0.0
0.0
0.0
0.0
0.0
0.0
0.0
0.0
0.0
0.0
0.0
0.0
0.0
0.0
0.0
0.0
0.0
0.0
0.0
0.0
0.0
0.0
0.0
0.0
0.0
0.0
0.0
0.0
0.0
0.0
0.0
0.0
0.0
0.0
0.0
0.0
0.0
0.0
0.0
0.0
0.0
0.0
0.0
0.0
0.0
0.0
0.0
0.0
0.0
0.0
0.0
0.0
0.0
0.0
0.0
0.0
0.0
0.0
0.0
0.0
0.0
0.0
0.0
0.0
0.0
0.0
0.0
0.0
0.0
0.0
0.0
0.0
0.0
0.0
0.0
0.0
0.0
0.0
0.0
0.0
0.0
0.0
0.0
0.0
0.0
0.0
0.0
0.0
0.0
0.0
0.0
222430.0
222509.0
222510.0
222511.0
0.0
0.0
0.0
0.0
0.0
222586.0
222587.0
222588.0
222589.0
222590.0
222592.0
0.0
0.0
0.0
0.0
0.0
0.0
0.0
0.0
0.0
0.0
222665.0
222666.0
222667.0
222668.0
222669.0
222670.0
222671.0
222672.0
0.0
0.0
0.0
0.0
0.0
0.0
0.0
0.0
0.0
0.0
0.0
0.0
222744.0
222745.0
222746.0
222748.0
222749.0
222750.0
222751.0
222752.0
0.0
0.0
0.0
0.0
0.0
0.0
0.0
0.0
0.0
0.0
0.0
222824.0
222825.0
0.0
0.0
222829.0
222830.0
222831.0
222832.0
0.0
0.0
0.0
0.0
0.0
0.0
0.0
0.0
0.0
0.0
0.0
0.0
0.0
0.0
0.0
222909.0
222910.0
222911.0
222912.0
0.0
0.0
0.0
0.0
0.0
0.0
0.0
0.0
0.0
0.0
0.0
0.0
0.0
0.0
222990.0
222991.0
222992.0
0.0
0.0
0.0
0.0
0.0
0.0
0.0
0.0
0.0
0.0
0.0
0.0
223071.0
223072.0
0.0
0.0
0.0
0.0
0.0
0.0
0.0
0.0
0.0
0.0
0.0
0.0
0.0
0.0
0.0
0.0
0.0
0.0
0.0
0.0
0.0
0.0
0.0
0.0
0.0
0.0
0.0
0.0
0.0
0.0
0.0
0.0
0.0
0.0
0.0
0.0
0.0
0.0
0.0
0.0
0.0
0.0
0.0
0.0
0.0
0.0
0.0
0.0
0.0
0.0
0.0
0.0
0.0
0.0
0.0
0.0
0.0
0.0
0.0
0.0
0.0
0.0
0.0
0.0
0.0
0.0
0.0
0.0
0.0
0.0
0.0
0.0
0.0
0.0
0.0
0.0
0.0
0.0
0.0
0.0
0.0
0.0
0.0
0.0
0.0
0.0
0.0
0.0
0.0
0.0
0.0
0.0
0.0
0.0
0.0
0.0
0.0
0.0
0.0
0.0
0.0
0.0
0.0
0.0
0.0
0.0
0.0
0.0
0.0
0.0
0.0
0.0
0.0
230427.0
230428.0
230429.0
0.0
0.0
0.0
0.0
0.0
230505.0
230506.0
230507.0
230508.0
230509.0
230510.0
230511.0
0.0
0.0
0.0
0.0
0.0
0.0
0.0
0.0
230585.0
230586.0
230587.0
230588.0
230589.0
230590.0
230591.0
230592.0
0.0
0.0
0.0
0.0
0.0
0.0
0.0
0.0
230664.0
230665.0
230666.0
230668.0
230669.0
230670.0
230672.0
0.0
0.0
0.0
0.0
0.0
0.0
0.0
0.0
0.0
0.0
230745.0
0.0
0.0
230748.0
230749.0
230750.0
230751.0
230752.0
0.0
0.0
0.0
0.0
0.0
0.0
0.0
0.0
0.0
0.0
0.0
0.0
230829.0
230830.0
230831.0
230832.0
0.0
0.0
0.0
0.0
0.0
0.0
0.0
0.0
0.0
0.0
0.0
0.0
0.0
0.0
230910.0
230911.0
230912.0
230913.0
0.0
0.0
0.0
0.0
0.0
0.0
0.0
0.0
0.0
0.0
0.0
0.0
0.0
0.0
0.0
0.0
0.0
0.0
0.0
0.0
0.0
0.0
0.0
0.0
0.0
0.0
0.0
0.0
0.0
0.0
0.0
0.0
0.0
0.0
0.0
0.0
0.0
0.0
0.0
0.0
0.0
0.0
0.0
0.0
0.0
0.0
0.0
0.0
0.0
0.0
0.0
0.0
0.0
0.0
0.0
0.0
0.0
0.0
0.0
0.0
0.0
0.0
0.0
0.0
0.0
0.0
0.0
0.0
0.0
0.0
0.0
0.0
0.0
0.0
0.0
0.0
0.0
0.0
0.0
0.0
0.0
0.0
0.0
0.0
0.0
0.0
0.0
0.0
0.0
0.0
0.0
0.0
0.0
0.0
0.0
0.0
0.0
0.0
0.0
0.0
0.0
0.0
0.0
0.0
0.0
0.0
0.0
0.0
0.0
0.0
0.0
0.0
0.0
0.0
0.0
0.0
0.0
0.0
0.0
0.0
0.0
0.0
0.0
0.0
0.0
0.0
238347.0
238349.0
0.0
238425.0
238426.0
238427.0
238428.0
0.0
238430.0
238431.0
0.0
0.0
0.0
0.0
0.0
0.0
238505.0
238507.0
238508.0
0.0
238510.0
238511.0
0.0
0.0
0.0
0.0
0.0
0.0
0.0
238588.0
238589.0
238590.0
0.0
0.0
0.0
0.0
0.0
0.0
0.0
0.0
0.0
0.0
238668.0
238669.0
238670.0
0.0
0.0
0.0
0.0
0.0
0.0
0.0
0.0
0.0
0.0
238752.0
0.0
0.0
0.0
0.0
0.0
0.0
0.0
0.0
0.0
0.0
0.0
0.0
0.0
0.0
0.0
0.0
0.0
0.0
0.0
0.0
0.0
0.0
0.0
0.0
0.0
0.0
0.0
0.0
0.0
0.0
0.0
0.0
0.0
0.0
0.0
0.0
0.0
0.0
0.0
0.0
0.0
0.0
0.0
0.0
0.0
0.0
0.0
0.0
0.0
0.0
0.0
0.0
0.0
0.0
0.0
0.0
0.0
0.0
0.0
0.0
0.0
0.0
0.0
0.0
0.0
0.0
0.0
0.0
0.0
0.0
0.0
0.0
0.0
0.0
0.0
0.0
0.0
0.0
0.0
0.0
0.0
0.0
0.0
0.0
0.0
0.0
0.0
0.0
0.0
0.0
0.0
0.0
0.0
0.0
0.0
0.0
0.0
0.0
0.0
0.0
0.0
0.0
0.0
0.0
0.0
0.0
0.0
0.0
0.0
0.0
0.0
0.0
0.0
0.0
0.0
0.0
0.0
0.0
0.0
0.0
0.0
0.0
0.0
0.0
0.0
0.0
0.0
0.0
0.0
0.0
0.0
0.0
0.0
0.0
0.0
0.0
0.0
0.0
0.0
0.0
0.0
0.0
0.0
0.0
0.0
0.0
0.0
0.0
0.0
0.0
0.0
0.0
0.0
0.0
0.0
0.0
246270.0
0.0
0.0
246345.0
246346.0
246347.0
246348.0
0.0
246350.0
246351.0
0.0
0.0
0.0
0.0
0.0
0.0
0.0
0.0
246427.0
246428.0
246429.0
246430.0
246431.0
0.0
0.0
0.0
0.0
0.0
0.0
0.0
0.0
0.0
0.0
0.0
0.0
0.0
0.0
0.0
0.0
0.0
0.0
0.0
0.0
0.0
0.0
0.0
0.0
0.0
0.0
0.0
0.0
0.0
0.0
0.0
0.0
0.0
0.0
0.0
0.0
0.0
0.0
0.0
0.0
0.0
0.0
0.0
0.0
0.0
0.0
0.0
0.0
0.0
0.0
0.0
0.0
0.0
0.0
0.0
0.0
0.0
0.0
0.0
0.0
0.0
0.0
0.0
0.0
0.0
0.0
0.0
0.0
0.0
0.0
0.0
0.0
0.0
0.0
0.0
0.0
0.0
0.0
0.0
0.0
0.0
0.0
0.0
0.0
0.0
0.0
0.0
0.0
0.0
0.0
0.0
0.0
0.0
0.0
0.0
0.0
0.0
0.0
0.0
0.0
0.0
0.0
0.0
0.0
0.0
0.0
0.0
0.0
0.0
0.0
0.0
0.0
0.0
0.0
0.0
0.0
0.0
0.0
0.0
0.0
0.0
0.0
0.0
0.0
0.0
0.0
0.0
0.0
0.0
0.0
0.0
0.0
0.0
0.0
0.0
0.0
0.0
0.0
0.0
0.0
0.0
0.0
0.0
0.0
0.0
0.0
0.0
0.0
0.0
0.0
0.0
0.0
0.0
0.0
0.0
0.0
0.0
0.0
0.0
0.0
0.0
0.0
0.0
0.0
0.0
0.0
0.0
0.0
0.0
0.0
0.0
0.0
0.0
0.0
0.0
0.0
0.0
0.0
0.0
0.0
0.0
0.0
0.0
0.0
0.0
0.0
0.0
0.0
0.0
0.0
0.0
0.0
0.0
0.0
0.0
0.0
0.0
0.0
0.0
0.0
0.0
0.0
0.0
0.0
0.0
0.0
0.0
0.0
0.0
0.0
0.0
0.0
0.0
0.0
0.0
0.0
0.0
0.0
0.0
0.0
0.0
0.0
0.0
0.0
0.0
0.0
0.0
0.0
0.0
0.0
0.0
0.0
0.0
0.0
0.0
0.0
0.0
0.0
0.0
0.0
0.0
0.0
0.0
0.0
0.0
0.0
0.0
0.0
0.0
0.0
0.0
0.0
0.0
0.0
0.0
0.0
0.0
0.0
0.0
0.0
0.0
0.0
0.0
0.0
0.0
0.0
0.0
0.0
0.0
0.0
0.0
0.0
0.0
0.0
0.0
0.0
0.0
0.0
0.0
0.0
0.0
0.0
0.0
0.0
0.0
0.0
0.0
0.0
0.0
0.0
0.0
0.0
0.0
0.0
0.0
0.0
0.0
0.0
0.0
0.0
0.0
0.0
0.0
0.0
0.0
0.0
0.0
0.0
0.0
0.0
0.0
0.0
0.0
0.0
0.0
0.0
0.0
0.0
0.0
0.0
0.0
0.0
0.0
0.0
0.0
0.0
0.0
0.0
0.0
0.0
0.0
0.0
0.0
0.0
0.0
0.0
0.0
0.0
0.0
0.0
0.0
0.0
0.0
0.0
0.0
0.0
0.0
0.0
0.0
0.0
0.0
0.0
0.0
0.0
0.0
0.0
0.0
0.0
0.0
0.0
0.0
0.0
0.0
0.0
0.0
0.0
0.0
0.0
0.0
0.0
0.0
0.0
0.0
0.0
0.0
0.0
0.0
0.0
0.0
0.0
0.0
0.0
0.0
0.0
0.0
0.0
0.0
0.0
0.0
0.0
0.0
0.0
0.0
0.0
0.0
0.0
0.0
0.0
0.0
0.0
0.0
0.0
0.0
0.0
0.0
0.0
0.0
0.0
0.0
0.0
0.0
0.0
0.0
0.0
0.0
0.0
0.0
0.0
0.0
0.0
0.0
0.0
0.0
0.0
0.0
0.0
0.0
0.0
0.0
0.0
0.0
0.0
0.0
0.0
0.0
0.0
0.0
0.0
0.0
0.0
0.0
0.0
0.0
0.0
0.0
0.0
0.0
0.0
0.0
0.0
0.0
0.0
0.0
0.0
0.0
0.0
0.0
0.0
0.0
0.0
0.0
0.0
0.0
0.0
0.0
0.0
0.0
0.0
0.0
0.0
0.0
0.0
0.0
0.0
0.0
0.0
0.0
0.0
0.0
0.0
0.0
0.0
0.0
0.0
0.0
0.0
0.0
0.0
0.0
0.0
0.0
0.0
0.0
0.0
0.0
0.0
0.0
0.0
0.0
0.0
0.0
0.0
0.0
0.0
0.0
0.0
0.0
0.0
0.0
0.0
0.0
0.0
0.0
0.0
0.0
0.0
0.0
0.0
0.0
0.0
0.0
0.0
0.0
0.0
0.0
0.0
0.0
0.0
0.0
0.0
0.0
0.0
0.0
0.0
0.0
0.0
0.0
0.0
0.0
0.0
0.0
0.0
0.0
0.0
0.0
0.0
0.0
0.0
0.0
0.0
0.0
0.0
0.0
0.0
0.0
0.0
0.0
0.0
0.0
0.0
0.0
0.0
0.0
0.0
0.0
0.0
0.0
0.0
0.0
0.0
0.0
0.0
0.0
0.0
0.0
0.0
0.0
0.0
0.0
0.0
0.0
0.0
0.0
0.0
0.0
0.0
0.0
0.0
0.0
0.0
0.0
0.0
0.0
0.0
0.0
0.0
0.0
0.0
0.0
0.0
0.0
0.0
0.0
0.0
0.0
0.0
0.0
0.0
0.0
0.0
0.0
0.0
0.0
0.0
0.0
0.0
0.0
0.0
0.0
0.0
0.0
0.0
0.0
0.0
0.0
0.0
0.0
0.0
0.0
0.0
0.0
0.0
0.0
0.0
0.0
0.0
0.0
0.0
0.0
0.0
0.0
0.0
0.0
0.0
0.0
0.0
0.0
0.0
0.0
0.0
0.0
0.0
0.0
0.0
0.0
0.0
0.0
0.0
0.0
0.0
0.0
0.0
0.0
0.0
0.0
0.0
0.0
0.0
0.0
0.0
0.0
0.0
0.0
0.0
0.0
0.0
0.0
0.0
0.0
0.0
0.0
0.0
0.0
0.0
0.0
0.0
0.0
0.0
0.0
0.0
0.0
0.0
0.0
0.0
0.0
0.0
0.0
0.0
0.0
0.0
0.0
0.0
0.0
0.0
0.0
0.0
0.0
0.0
0.0
0.0
0.0
0.0
0.0
0.0
0.0
0.0
0.0
0.0
0.0
0.0
0.0
0.0
0.0
0.0
0.0
0.0
0.0
0.0
0.0
0.0
0.0
0.0
0.0
0.0
0.0
0.0
0.0
0.0
0.0
0.0
0.0
0.0
0.0
0.0
0.0
0.0
0.0
0.0
0.0
0.0
0.0
0.0
0.0
0.0
0.0
0.0
0.0
0.0
0.0
0.0
0.0
0.0
0.0
0.0
0.0
0.0
0.0
0.0
0.0
0.0
0.0
0.0
0.0
0.0
0.0
0.0
0.0
0.0
0.0
0.0
0.0
0.0
0.0
0.0
0.0
0.0
0.0
0.0
0.0
0.0
0.0
0.0
0.0
0.0
0.0
0.0
0.0
0.0
0.0
0.0
0.0
0.0
0.0
0.0
0.0
0.0
0.0
0.0
0.0
0.0
0.0
0.0
0.0
0.0
0.0
0.0
0.0
0.0
0.0
0.0
0.0
0.0
0.0
0.0
0.0
0.0
0.0
0.0
0.0
0.0
0.0
0.0
0.0
0.0
0.0
0.0
0.0
0.0
0.0
0.0
0.0
0.0
0.0
0.0
0.0
0.0
0.0
0.0
0.0
0.0
0.0
0.0
0.0
0.0
0.0
0.0
0.0
0.0
0.0
0.0
0.0
0.0
0.0
0.0
0.0
0.0
0.0
0.0
0.0
0.0
0.0
0.0
0.0
0.0
0.0
0.0
0.0
0.0
0.0
0.0
0.0
0.0
0.0
0.0
0.0
0.0
0.0
0.0
0.0
0.0
0.0
0.0
0.0
0.0
0.0
0.0
0.0
0.0
0.0
0.0
0.0
0.0
0.0
0.0
0.0
0.0
0.0
0.0
0.0
0.0
0.0
0.0
0.0
0.0
0.0
0.0
0.0
0.0
0.0
0.0
0.0
0.0
0.0
0.0
0.0
0.0
0.0
0.0
0.0
0.0
0.0
0.0
0.0
0.0
0.0
0.0
0.0
0.0
0.0
0.0
0.0
0.0
0.0
0.0
0.0
0.0
0.0
0.0
0.0
0.0
0.0
0.0
0.0
0.0
0.0
0.0
0.0
0.0
0.0
0.0
0.0
0.0
0.0
0.0
0.0
0.0
0.0
0.0
0.0
0.0
0.0
0.0
0.0
0.0
0.0
0.0
0.0
0.0
0.0
0.0
0.0
0.0
0.0
0.0
0.0
0.0
0.0
0.0
0.0
0.0
0.0
0.0
0.0
0.0
0.0
0.0
0.0
0.0
0.0
0.0
0.0
0.0
0.0
0.0
0.0
0.0
0.0
0.0
0.0
0.0
0.0
0.0
0.0
0.0
0.0
0.0
0.0
0.0
0.0
0.0
0.0
0.0
0.0
0.0
0.0
0.0
0.0
0.0
0.0
0.0
0.0
0.0
0.0
0.0
0.0
0.0
0.0
0.0
0.0
0.0
0.0
0.0
0.0
0.0
0.0
0.0
0.0
0.0
0.0
0.0
0.0
0.0
0.0
0.0
0.0
0.0
436591.0
0.0
0.0
0.0
0.0
0.0
0.0
0.0
0.0
0.0
0.0
0.0
0.0
0.0
0.0
0.0
0.0
0.0
0.0
0.0
0.0
0.0
0.0
0.0
0.0
0.0
0.0
0.0
0.0
0.0
0.0
0.0
0.0
0.0
0.0
0.0
0.0
0.0
0.0
0.0
0.0
0.0
0.0
0.0
0.0
0.0
0.0
0.0
0.0
0.0
0.0
0.0
0.0
0.0
0.0
0.0
0.0
0.0
0.0
0.0
0.0
0.0
0.0
0.0
0.0
0.0
0.0
0.0
0.0
0.0
0.0
0.0
0.0
0.0
0.0
0.0
0.0
0.0
0.0
0.0
0.0
0.0
0.0
438585.0
0.0
0.0
0.0
0.0
0.0
0.0
0.0
0.0
0.0
0.0
0.0
0.0
0.0
0.0
444431.0
444511.0
444512.0
0.0
0.0
444592.0
444593.0
0.0
0.0
0.0
444673.0
444674.0
0.0
0.0
0.0
0.0
0.0
0.0
0.0
0.0
0.0
0.0
0.0
0.0
0.0
0.0
0.0
0.0
0.0
0.0
0.0
0.0
0.0
0.0
0.0
0.0
0.0
0.0
0.0
0.0
0.0
0.0
0.0
0.0
0.0
0.0
0.0
0.0
0.0
0.0
0.0
0.0
0.0
0.0
0.0
0.0
0.0
0.0
0.0
0.0
0.0
0.0
0.0
0.0
0.0
0.0
0.0
0.0
0.0
0.0
0.0
0.0
0.0
0.0
0.0
0.0
0.0
0.0
0.0
0.0
0.0
0.0
0.0
0.0
0.0
0.0
0.0
0.0
0.0
0.0
446265.0
0.0
0.0
0.0
0.0
0.0
446345.0
0.0
0.0
0.0
0.0
0.0
446425.0
0.0
0.0
0.0
0.0
0.0
446505.0
0.0
0.0
0.0
0.0
0.0
0.0
0.0
0.0
446664.0
0.0
0.0
0.0
0.0
0.0
0.0
452351.0
452431.0
452432.0
0.0
0.0
0.0
0.0
452513.0
452514.0
452515.0
0.0
0.0
0.0
0.0
0.0
0.0
0.0
452593.0
452594.0
452595.0
0.0
0.0
452674.0
0.0
0.0
0.0
0.0
0.0
0.0
0.0
0.0
0.0
0.0
0.0
0.0
0.0
0.0
0.0
0.0
0.0
0.0
0.0
0.0
0.0
0.0
0.0
0.0
0.0
0.0
0.0
0.0
0.0
0.0
0.0
0.0
0.0
0.0
0.0
0.0
0.0
0.0
0.0
0.0
0.0
0.0
0.0
0.0
0.0
0.0
0.0
0.0
0.0
0.0
0.0
0.0
0.0
0.0
0.0
0.0
0.0
0.0
0.0
0.0
0.0
0.0
0.0
0.0
0.0
0.0
0.0
0.0
0.0
0.0
0.0
0.0
454185.0
0.0
0.0
0.0
0.0
454265.0
454266.0
0.0
0.0
0.0
0.0
454344.0
0.0
0.0
0.0
0.0
0.0
0.0
0.0
454504.0
0.0
0.0
0.0
454583.0
454584.0
0.0
0.0
0.0
454663.0
454664.0
0.0
0.0
0.0
0.0
0.0
0.0
0.0
460271.0
460272.0
0.0
460352.0
460353.0
0.0
0.0
0.0
0.0
0.0
460433.0
460434.0
460435.0
0.0
0.0
0.0
0.0
0.0
0.0
0.0
0.0
460513.0
460514.0
460515.0
0.0
0.0
0.0
0.0
0.0
0.0
0.0
0.0
0.0
0.0
0.0
0.0
460593.0
460594.0
460595.0
0.0
0.0
0.0
0.0
0.0
0.0
0.0
0.0
0.0
460673.0
460674.0
0.0
0.0
0.0
0.0
0.0
0.0
0.0
0.0
0.0
0.0
0.0
0.0
0.0
0.0
0.0
0.0
0.0
0.0
0.0
0.0
0.0
0.0
0.0
0.0
0.0
0.0
0.0
0.0
0.0
0.0
0.0
0.0
0.0
0.0
0.0
0.0
0.0
0.0
0.0
0.0
0.0
0.0
0.0
0.0
0.0
0.0
0.0
0.0
0.0
0.0
0.0
0.0
0.0
0.0
0.0
0.0
0.0
0.0
0.0
0.0
0.0
0.0
0.0
0.0
0.0
0.0
0.0
0.0
0.0
0.0
0.0
0.0
0.0
0.0
0.0
0.0
0.0
0.0
0.0
0.0
0.0
0.0
0.0
0.0
0.0
0.0
0.0
0.0
462026.0
462027.0
0.0
0.0
0.0
0.0
462106.0
462107.0
0.0
0.0
0.0
0.0
462184.0
462185.0
462186.0
0.0
0.0
0.0
462264.0
462265.0
0.0
0.0
0.0
0.0
462343.0
462344.0
462345.0
0.0
0.0
0.0
462423.0
462424.0
0.0
0.0
0.0
462503.0
462504.0
0.0
0.0
0.0
462583.0
0.0
0.0
0.0
468111.0
468112.0
0.0
0.0
0.0
468191.0
468192.0
0.0
0.0
0.0
468272.0
468273.0
0.0
0.0
0.0
0.0
0.0
0.0
468353.0
468354.0
0.0
0.0
0.0
0.0
0.0
0.0
0.0
0.0
0.0
0.0
0.0
0.0
0.0
0.0
468433.0
468434.0
0.0
0.0
0.0
0.0
0.0
0.0
0.0
0.0
0.0
0.0
0.0
0.0
0.0
0.0
0.0
0.0
0.0
468513.0
468514.0
0.0
0.0
0.0
0.0
0.0
0.0
0.0
0.0
0.0
0.0
0.0
0.0
0.0
0.0
468593.0
468594.0
0.0
0.0
0.0
0.0
0.0
0.0
0.0
0.0
0.0
0.0
0.0
0.0
0.0
0.0
0.0
468673.0
468674.0
0.0
0.0
0.0
0.0
0.0
0.0
0.0
0.0
0.0
0.0
0.0
0.0
0.0
0.0
0.0
0.0
0.0
0.0
0.0
0.0
0.0
0.0
0.0
0.0
0.0
0.0
0.0
0.0
0.0
0.0
0.0
0.0
0.0
0.0
0.0
0.0
0.0
0.0
0.0
0.0
0.0
0.0
0.0
0.0
0.0
0.0
0.0
0.0
0.0
0.0
0.0
0.0
0.0
0.0
0.0
0.0
0.0
0.0
0.0
0.0
0.0
0.0
0.0
0.0
0.0
0.0
0.0
0.0
0.0
0.0
0.0
0.0
0.0
0.0
0.0
0.0
0.0
0.0
0.0
0.0
0.0
0.0
0.0
0.0
0.0
0.0
0.0
0.0
0.0
0.0
0.0
469947.0
0.0
0.0
0.0
0.0
0.0
0.0
470026.0
470027.0
0.0
0.0
0.0
470105.0
470106.0
0.0
0.0
0.0
0.0
470185.0
470186.0
0.0
0.0
0.0
0.0
470263.0
470264.0
470265.0
0.0
0.0
0.0
470343.0
470344.0
0.0
0.0
0.0
0.0
0.0
0.0
0.0
476032.0
476110.0
476111.0
476112.0
476113.0
0.0
0.0
476191.0
476192.0
476193.0
0.0
0.0
0.0
0.0
0.0
0.0
0.0
476273.0
476274.0
0.0
0.0
0.0
0.0
0.0
0.0
0.0
0.0
0.0
0.0
0.0
0.0
0.0
0.0
0.0
0.0
0.0
476353.0
476354.0
0.0
0.0
0.0
0.0
0.0
0.0
0.0
0.0
0.0
0.0
0.0
0.0
0.0
0.0
0.0
0.0
0.0
0.0
0.0
0.0
0.0
476433.0
476434.0
0.0
0.0
0.0
0.0
0.0
0.0
0.0
0.0
0.0
0.0
0.0
0.0
0.0
0.0
0.0
0.0
0.0
0.0
0.0
0.0
0.0
476512.0
476513.0
476514.0
0.0
0.0
0.0
0.0
0.0
0.0
0.0
0.0
0.0
0.0
0.0
0.0
0.0
0.0
0.0
0.0
476592.0
476593.0
476594.0
0.0
0.0
0.0
0.0
0.0
0.0
0.0
0.0
0.0
0.0
0.0
0.0
0.0
0.0
476672.0
0.0
0.0
0.0
0.0
0.0
0.0
0.0
0.0
0.0
0.0
0.0
0.0
0.0
0.0
0.0
0.0
0.0
0.0
0.0
0.0
0.0
0.0
0.0
0.0
0.0
0.0
0.0
0.0
0.0
0.0
0.0
0.0
0.0
0.0
0.0
0.0
0.0
0.0
0.0
0.0
0.0
0.0
0.0
0.0
0.0
0.0
0.0
0.0
0.0
0.0
0.0
0.0
0.0
0.0
0.0
0.0
0.0
0.0
0.0
0.0
0.0
0.0
0.0
0.0
0.0
0.0
0.0
477866.0
477867.0
0.0
0.0
0.0
0.0
0.0
0.0
0.0
477946.0
477947.0
0.0
0.0
0.0
0.0
478025.0
478026.0
478027.0
0.0
0.0
0.0
478104.0
478105.0
478106.0
0.0
0.0
0.0
478183.0
478184.0
478185.0
0.0
0.0
0.0
478262.0
478263.0
478264.0
0.0
0.0
0.0
0.0
0.0
0.0
479458.0
479539.0
479540.0
479700.0
484031.0
484032.0
0.0
484111.0
484112.0
484113.0
0.0
0.0
0.0
0.0
0.0
0.0
0.0
484191.0
484193.0
484194.0
0.0
0.0
0.0
0.0
0.0
0.0
0.0
0.0
0.0
484266.0
0.0
0.0
0.0
0.0
0.0
484272.0
484273.0
484274.0
0.0
0.0
0.0
0.0
0.0
0.0
0.0
0.0
0.0
0.0
484346.0
484347.0
0.0
0.0
484352.0
484353.0
0.0
0.0
0.0
0.0
0.0
0.0
0.0
0.0
0.0
0.0
0.0
0.0
0.0
0.0
484432.0
484433.0
484434.0
0.0
0.0
0.0
0.0
0.0
0.0
0.0
0.0
0.0
0.0
0.0
0.0
0.0
484506.0
0.0
0.0
484511.0
484512.0
484513.0
0.0
0.0
0.0
0.0
0.0
0.0
0.0
0.0
0.0
0.0
0.0
0.0
0.0
0.0
0.0
0.0
484591.0
484592.0
484593.0
0.0
0.0
0.0
0.0
0.0
0.0
0.0
0.0
0.0
0.0
0.0
0.0
0.0
0.0
0.0
0.0
0.0
0.0
0.0
0.0
0.0
0.0
0.0
0.0
0.0
0.0
0.0
0.0
0.0
0.0
0.0
484828.0
484829.0
484830.0
0.0
0.0
0.0
0.0
0.0
484909.0
484910.0
0.0
0.0
0.0
0.0
0.0
0.0
0.0
0.0
0.0
0.0
0.0
0.0
0.0
0.0
0.0
0.0
0.0
0.0
0.0
0.0
0.0
0.0
0.0
0.0
0.0
0.0
0.0
0.0
0.0
0.0
0.0
0.0
0.0
0.0
0.0
0.0
0.0
0.0
0.0
0.0
485786.0
485787.0
0.0
0.0
0.0
0.0
0.0
485866.0
485867.0
0.0
0.0
0.0
0.0
485945.0
485946.0
485947.0
0.0
0.0
0.0
0.0
486025.0
486026.0
486027.0
0.0
0.0
486103.0
486104.0
486105.0
486106.0
0.0
0.0
486183.0
486184.0
486185.0
486186.0
486262.0
486263.0
486264.0
486265.0
486343.0
486344.0
487299.0
487300.0
487301.0
487302.0
487377.0
487378.0
487379.0
487380.0
487381.0
487382.0
487383.0
487458.0
487459.0
487460.0
487461.0
487462.0
487539.0
487540.0
487541.0
487542.0
487620.0
487621.0
487622.0
487700.0
492030.0
492031.0
492032.0
492033.0
0.0
0.0
0.0
492107.0
0.0
492109.0
492110.0
492111.0
0.0
492113.0
492114.0
0.0
0.0
0.0
0.0
0.0
0.0
0.0
0.0
0.0
0.0
0.0
492186.0
492187.0
492188.0
492189.0
492192.0
492193.0
0.0
0.0
0.0
0.0
0.0
0.0
0.0
0.0
0.0
0.0
0.0
492267.0
492271.0
492272.0
492273.0
0.0
0.0
0.0
0.0
0.0
0.0
0.0
0.0
0.0
0.0
0.0
0.0
0.0
0.0
0.0
0.0
492346.0
492350.0
492351.0
492352.0
492353.0
0.0
0.0
0.0
0.0
0.0
0.0
0.0
0.0
0.0
0.0
0.0
0.0
0.0
0.0
0.0
492425.0
492426.0
0.0
492429.0
492430.0
492431.0
492432.0
492433.0
0.0
0.0
0.0
0.0
0.0
0.0
0.0
0.0
0.0
0.0
0.0
0.0
0.0
0.0
0.0
0.0
492510.0
492511.0
492512.0
492513.0
0.0
0.0
0.0
0.0
0.0
0.0
0.0
0.0
0.0
0.0
0.0
0.0
0.0
0.0
0.0
492591.0
492592.0
0.0
0.0
0.0
0.0
0.0
0.0
0.0
0.0
0.0
0.0
0.0
0.0
0.0
0.0
0.0
0.0
0.0
0.0
0.0
0.0
0.0
0.0
0.0
492747.0
492748.0
492749.0
492750.0
492751.0
0.0
0.0
0.0
0.0
0.0
0.0
0.0
492828.0
492829.0
492830.0
492831.0
0.0
0.0
0.0
0.0
0.0
0.0
0.0
0.0
0.0
0.0
0.0
0.0
0.0
0.0
0.0
0.0
0.0
0.0
0.0
0.0
0.0
0.0
0.0
0.0
0.0
0.0
493149.0
0.0
0.0
0.0
0.0
0.0
0.0
0.0
493228.0
493229.0
493230.0
0.0
0.0
0.0
0.0
0.0
493309.0
0.0
0.0
0.0
0.0
0.0
0.0
0.0
0.0
0.0
0.0
0.0
0.0
0.0
0.0
0.0
0.0
493785.0
493786.0
493787.0
0.0
0.0
0.0
0.0
493866.0
493867.0
0.0
0.0
493944.0
493945.0
493946.0
493947.0
493948.0
0.0
0.0
494024.0
494025.0
494026.0
494027.0
494028.0
494105.0
494106.0
494107.0
494183.0
494184.0
494185.0
0.0
494187.0
0.0
494264.0
0.0
494266.0
494267.0
0.0
0.0
494344.0
494345.0
494346.0
494347.0
0.0
0.0
494424.0
494425.0
494426.0
494427.0
0.0
0.0
0.0
494505.0
494506.0
494507.0
0.0
0.0
0.0
0.0
0.0
494586.0
494587.0
0.0
0.0
0.0
0.0
0.0
495144.0
495219.0
495220.0
495221.0
495224.0
495298.0
495299.0
495300.0
495301.0
495302.0
495303.0
495304.0
495378.0
495379.0
495380.0
495381.0
495382.0
495383.0
495458.0
495459.0
495460.0
495461.0
495462.0
495463.0
495538.0
495539.0
495540.0
495541.0
0.0
0.0
0.0
500029.0
500030.0
500031.0
500032.0
500033.0
500034.0
500035.0
0.0
0.0
0.0
0.0
0.0
0.0
0.0
0.0
0.0
0.0
0.0
500107.0
500108.0
500109.0
500110.0
500111.0
500112.0
500113.0
500114.0
500115.0
0.0
0.0
0.0
0.0
0.0
0.0
0.0
0.0
0.0
0.0
0.0
0.0
0.0
0.0
500187.0
500188.0
500189.0
500190.0
500191.0
500192.0
500193.0
0.0
0.0
0.0
0.0
0.0
0.0
0.0
0.0
0.0
0.0
0.0
0.0
500266.0
500267.0
500268.0
500269.0
500270.0
500271.0
500272.0
500273.0
0.0
0.0
0.0
0.0
0.0
0.0
0.0
0.0
0.0
0.0
0.0
0.0
0.0
0.0
0.0
500345.0
500346.0
500348.0
500349.0
500350.0
500351.0
500352.0
0.0
0.0
0.0
0.0
0.0
0.0
0.0
0.0
0.0
0.0
0.0
0.0
0.0
0.0
500430.0
500431.0
500432.0
0.0
0.0
0.0
0.0
0.0
0.0
0.0
0.0
0.0
0.0
0.0
500511.0
500512.0
0.0
0.0
0.0
0.0
0.0
0.0
0.0
0.0
0.0
0.0
0.0
0.0
0.0
0.0
0.0
0.0
0.0
0.0
0.0
0.0
500667.0
500668.0
0.0
500670.0
500671.0
0.0
0.0
0.0
0.0
0.0
0.0
0.0
0.0
500747.0
500748.0
500749.0
500750.0
500751.0
500752.0
0.0
0.0
0.0
0.0
0.0
0.0
0.0
500829.0
500830.0
500831.0
500832.0
0.0
0.0
0.0
0.0
500910.0
500911.0
500912.0
0.0
0.0
0.0
0.0
0.0
0.0
0.0
0.0
0.0
0.0
0.0
500988.0
500989.0
500990.0
500991.0
500992.0
0.0
0.0
0.0
0.0
0.0
0.0
0.0
0.0
0.0
501068.0
501069.0
501070.0
501071.0
501072.0
0.0
0.0
0.0
0.0
0.0
0.0
0.0
0.0
0.0
0.0
501147.0
501148.0
501149.0
501150.0
501151.0
0.0
0.0
0.0
0.0
0.0
0.0
0.0
0.0
501227.0
501228.0
501229.0
0.0
0.0
0.0
0.0
0.0
0.0
0.0
0.0
0.0
0.0
0.0
0.0
0.0
0.0
0.0
0.0
0.0
0.0
0.0
0.0
0.0
0.0
0.0
0.0
0.0
0.0
0.0
0.0
0.0
0.0
0.0
0.0
501786.0
501787.0
0.0
0.0
501864.0
501865.0
501866.0
501867.0
501868.0
0.0
0.0
0.0
501945.0
501946.0
501947.0
501948.0
0.0
0.0
0.0
0.0
502026.0
502027.0
502028.0
0.0
0.0
0.0
0.0
502106.0
502107.0
502108.0
0.0
0.0
0.0
0.0
502186.0
0.0
0.0
0.0
0.0
502264.0
502265.0
502266.0
502267.0
0.0
0.0
502344.0
502346.0
502347.0
0.0
0.0
0.0
0.0
502426.0
502427.0
0.0
0.0
0.0
0.0
0.0
0.0
502506.0
502507.0
0.0
0.0
0.0
0.0
0.0
0.0
0.0
0.0
0.0
0.0
0.0
0.0
0.0
0.0
0.0
0.0
0.0
0.0
0.0
502746.0
502747.0
0.0
0.0
0.0
0.0
502826.0
502827.0
502905.0
502906.0
502907.0
502984.0
502985.0
502986.0
502987.0
503064.0
503065.0
503066.0
503138.0
503139.0
503140.0
503141.0
503142.0
503144.0
503145.0
503218.0
503219.0
503220.0
503221.0
503222.0
503223.0
503224.0
503225.0
503298.0
503299.0
503300.0
503301.0
503302.0
503303.0
503304.0
503378.0
503379.0
503380.0
503381.0
503382.0
503383.0
0.0
0.0
0.0
0.0
0.0
0.0
0.0
508028.0
508029.0
508030.0
508031.0
508032.0
508033.0
508034.0
0.0
0.0
0.0
0.0
0.0
0.0
0.0
0.0
0.0
0.0
0.0
508107.0
508108.0
508109.0
508110.0
508111.0
508112.0
508113.0
508114.0
0.0
0.0
0.0
0.0
0.0
0.0
0.0
0.0
0.0
508186.0
508187.0
508188.0
508189.0
508190.0
508192.0
0.0
0.0
0.0
0.0
0.0
0.0
0.0
0.0
0.0
0.0
0.0
0.0
0.0
508265.0
508266.0
508267.0
508268.0
508269.0
508270.0
508271.0
508272.0
0.0
0.0
0.0
0.0
0.0
0.0
0.0
0.0
0.0
0.0
0.0
508350.0
508351.0
508352.0
0.0
0.0
0.0
0.0
0.0
0.0
0.0
0.0
0.0
0.0
0.0
0.0
0.0
0.0
0.0
0.0
0.0
0.0
0.0
0.0
0.0
0.0
0.0
0.0
0.0
0.0
0.0
0.0
0.0
0.0
0.0
0.0
0.0
0.0
0.0
0.0
0.0
0.0
0.0
0.0
0.0
0.0
0.0
0.0
508590.0
508591.0
0.0
0.0
0.0
0.0
0.0
0.0
0.0
0.0
0.0
0.0
0.0
0.0
0.0
508667.0
508668.0
508669.0
508670.0
508671.0
508672.0
0.0
0.0
0.0
0.0
0.0
0.0
508746.0
508747.0
508748.0
508749.0
508750.0
508751.0
508752.0
0.0
0.0
0.0
0.0
0.0
0.0
0.0
0.0
508828.0
508829.0
508830.0
508831.0
508832.0
0.0
0.0
0.0
0.0
0.0
0.0
0.0
0.0
0.0
0.0
0.0
0.0
0.0
508907.0
508908.0
508909.0
508910.0
508911.0
508912.0
0.0
0.0
0.0
0.0
0.0
0.0
0.0
0.0
0.0
0.0
0.0
0.0
508987.0
508988.0
508989.0
508990.0
0.0
508992.0
0.0
0.0
0.0
0.0
0.0
0.0
0.0
0.0
0.0
0.0
0.0
0.0
509067.0
509068.0
509069.0
509070.0
0.0
0.0
0.0
0.0
0.0
0.0
0.0
0.0
0.0
0.0
509147.0
509148.0
509149.0
0.0
0.0
0.0
0.0
0.0
0.0
0.0
509228.0
509229.0
0.0
0.0
0.0
0.0
0.0
0.0
0.0
0.0
509309.0
0.0
0.0
0.0
0.0
0.0
0.0
509389.0
0.0
0.0
0.0
0.0
0.0
0.0
509469.0
0.0
0.0
0.0
0.0
0.0
0.0
0.0
0.0
0.0
0.0
0.0
0.0
0.0
0.0
0.0
0.0
0.0
0.0
0.0
0.0
0.0
0.0
0.0
509866.0
509867.0
509868.0
0.0
0.0
0.0
0.0
509947.0
509948.0
0.0
0.0
0.0
0.0
510027.0
0.0
0.0
0.0
0.0
0.0
0.0
0.0
0.0
0.0
0.0
0.0
0.0
0.0
0.0
0.0
0.0
0.0
0.0
0.0
0.0
0.0
0.0
0.0
0.0
0.0
0.0
0.0
0.0
0.0
0.0
0.0
0.0
0.0
0.0
0.0
0.0
0.0
0.0
0.0
0.0
0.0
0.0
0.0
0.0
0.0
0.0
0.0
0.0
0.0
0.0
0.0
0.0
510666.0
0.0
0.0
0.0
0.0
510745.0
510746.0
510747.0
510823.0
510824.0
510825.0
510826.0
510827.0
510902.0
510903.0
510904.0
510905.0
510906.0
510977.0
510978.0
510981.0
510982.0
510983.0
510984.0
510985.0
510986.0
511057.0
511058.0
511059.0
511060.0
511061.0
511062.0
511064.0
511065.0
511137.0
511138.0
511139.0
511140.0
511141.0
511142.0
511145.0
511217.0
511218.0
511219.0
0.0
0.0
0.0
0.0
0.0
0.0
0.0
0.0
0.0
516032.0
516033.0
516034.0
0.0
0.0
0.0
0.0
0.0
0.0
0.0
0.0
516106.0
516110.0
516111.0
0.0
0.0
0.0
0.0
0.0
0.0
0.0
0.0
0.0
0.0
0.0
0.0
0.0
0.0
0.0
0.0
516186.0
516187.0
516188.0
516189.0
516190.0
0.0
0.0
0.0
0.0
0.0
0.0
0.0
0.0
0.0
0.0
0.0
0.0
0.0
0.0
0.0
0.0
516266.0
0.0
516268.0
516269.0
516271.0
0.0
0.0
0.0
0.0
0.0
0.0
0.0
0.0
0.0
0.0
0.0
0.0
0.0
0.0
0.0
0.0
0.0
0.0
0.0
0.0
0.0
0.0
0.0
0.0
0.0
0.0
0.0
0.0
0.0
0.0
0.0
0.0
0.0
0.0
0.0
0.0
0.0
0.0
0.0
0.0
0.0
0.0
0.0
0.0
0.0
0.0
0.0
0.0
0.0
0.0
0.0
0.0
0.0
0.0
516586.0
0.0
0.0
0.0
0.0
0.0
0.0
0.0
0.0
0.0
0.0
0.0
0.0
516666.0
516667.0
516668.0
516669.0
516670.0
0.0
516672.0
0.0
0.0
0.0
0.0
0.0
0.0
0.0
0.0
0.0
0.0
0.0
516746.0
516747.0
516748.0
516749.0
0.0
0.0
516752.0
0.0
0.0
0.0
0.0
0.0
0.0
0.0
0.0
0.0
0.0
0.0
0.0
0.0
516826.0
516827.0
516828.0
516829.0
516830.0
516831.0
0.0
0.0
0.0
0.0
0.0
0.0
0.0
0.0
0.0
0.0
0.0
0.0
0.0
0.0
0.0
0.0
516907.0
516908.0
516909.0
516910.0
0.0
0.0
0.0
0.0
0.0
0.0
0.0
0.0
0.0
0.0
0.0
0.0
0.0
0.0
0.0
516986.0
516987.0
516988.0
516989.0
0.0
0.0
0.0
0.0
0.0
0.0
0.0
0.0
0.0
0.0
0.0
0.0
0.0
517066.0
517067.0
517068.0
517069.0
0.0
0.0
0.0
0.0
0.0
517146.0
517147.0
517148.0
517149.0
517150.0
0.0
0.0
0.0
517224.0
0.0
0.0
0.0
517228.0
517229.0
0.0
0.0
0.0
517308.0
517309.0
0.0
0.0
0.0
0.0
0.0
517389.0
0.0
0.0
0.0
0.0
0.0
0.0
0.0
0.0
0.0
0.0
0.0
0.0
0.0
0.0
0.0
0.0
0.0
0.0
0.0
0.0
0.0
0.0
0.0
0.0
0.0
0.0
0.0
0.0
0.0
0.0
0.0
0.0
0.0
0.0
0.0
0.0
0.0
0.0
0.0
0.0
0.0
0.0
0.0
0.0
0.0
0.0
0.0
0.0
0.0
0.0
0.0
0.0
0.0
0.0
0.0
0.0
0.0
0.0
0.0
0.0
0.0
0.0
0.0
0.0
0.0
0.0
0.0
0.0
518662.0
518663.0
518664.0
0.0
518666.0
518741.0
518742.0
518743.0
518744.0
518745.0
518746.0
518816.0
518817.0
518818.0
518819.0
518820.0
518821.0
518822.0
518823.0
518824.0
518825.0
518826.0
518898.0
518899.0
518900.0
518901.0
518902.0
518903.0
518904.0
518905.0
518977.0
518978.0
518979.0
518980.0
518981.0
519057.0
519058.0
519059.0
519060.0
519137.0
519138.0
0.0
0.0
0.0
0.0
0.0
0.0
0.0
0.0
0.0
0.0
524030.0
0.0
0.0
0.0
0.0
0.0
0.0
0.0
0.0
0.0
0.0
0.0
524107.0
524108.0
524109.0
0.0
0.0
0.0
0.0
0.0
0.0
0.0
0.0
0.0
0.0
0.0
0.0
0.0
0.0
0.0
0.0
0.0
524187.0
0.0
0.0
0.0
0.0
0.0
0.0
0.0
0.0
0.0
0.0
0.0
0.0
0.0
0.0
0.0
0.0
0.0
0.0
0.0
0.0
0.0
0.0
0.0
0.0
0.0
0.0
0.0
0.0
0.0
0.0
0.0
0.0
0.0
0.0
0.0
0.0
0.0
0.0
0.0
0.0
0.0
0.0
0.0
0.0
0.0
0.0
0.0
0.0
0.0
0.0
0.0
0.0
0.0
0.0
0.0
0.0
0.0
0.0
0.0
0.0
0.0
0.0
0.0
0.0
0.0
0.0
0.0
0.0
0.0
0.0
524586.0
0.0
0.0
0.0
0.0
0.0
0.0
0.0
0.0
0.0
0.0
0.0
0.0
0.0
0.0
524665.0
524666.0
524667.0
0.0
0.0
0.0
0.0
0.0
0.0
0.0
0.0
0.0
0.0
0.0
0.0
0.0
524745.0
524746.0
524747.0
524748.0
524749.0
0.0
0.0
0.0
0.0
0.0
0.0
0.0
0.0
0.0
0.0
0.0
0.0
0.0
0.0
0.0
0.0
0.0
0.0
524827.0
524828.0
524829.0
524830.0
0.0
0.0
0.0
0.0
0.0
0.0
0.0
0.0
0.0
0.0
524904.0
524905.0
524906.0
524907.0
524908.0
0.0
0.0
0.0
0.0
0.0
0.0
0.0
0.0
0.0
0.0
0.0
0.0
524983.0
524984.0
524985.0
524986.0
524987.0
524988.0
524989.0
0.0
0.0
0.0
0.0
0.0
0.0
0.0
0.0
525063.0
525064.0
525065.0
525066.0
525067.0
525068.0
525069.0
525070.0
0.0
0.0
0.0
0.0
0.0
0.0
525143.0
525144.0
525145.0
525146.0
525147.0
525148.0
525149.0
525150.0
0.0
0.0
0.0
0.0
0.0
0.0
0.0
525223.0
525226.0
0.0
0.0
525229.0
0.0
0.0
0.0
0.0
0.0
0.0
0.0
0.0
0.0
0.0
0.0
0.0
0.0
0.0
0.0
0.0
0.0
0.0
0.0
0.0
0.0
0.0
0.0
0.0
0.0
0.0
0.0
0.0
0.0
0.0
0.0
0.0
0.0
0.0
0.0
0.0
0.0
0.0
0.0
0.0
0.0
0.0
0.0
0.0
0.0
0.0
0.0
0.0
0.0
0.0
0.0
0.0
0.0
0.0
0.0
0.0
0.0
0.0
0.0
0.0
0.0
0.0
0.0
0.0
526582.0
526583.0
0.0
526659.0
526660.0
526661.0
526662.0
526736.0
526737.0
526739.0
526740.0
526741.0
526742.0
526817.0
526818.0
526819.0
526820.0
526821.0
526898.0
526899.0
0.0
0.0
0.0
0.0
0.0
0.0
0.0
0.0
0.0
0.0
0.0
0.0
0.0
0.0
0.0
0.0
0.0
0.0
0.0
0.0
0.0
0.0
0.0
0.0
0.0
0.0
0.0
0.0
0.0
0.0
0.0
0.0
0.0
0.0
0.0
0.0
0.0
0.0
0.0
0.0
0.0
0.0
0.0
0.0
0.0
0.0
0.0
0.0
0.0
0.0
0.0
0.0
0.0
0.0
0.0
0.0
0.0
0.0
0.0
0.0
0.0
0.0
0.0
0.0
0.0
0.0
0.0
0.0
0.0
0.0
0.0
0.0
0.0
0.0
0.0
0.0
0.0
0.0
0.0
0.0
0.0
0.0
0.0
0.0
0.0
0.0
0.0
0.0
0.0
0.0
0.0
0.0
0.0
0.0
0.0
0.0
0.0
0.0
0.0
0.0
0.0
0.0
0.0
0.0
0.0
0.0
0.0
0.0
0.0
0.0
0.0
0.0
0.0
0.0
0.0
0.0
0.0
0.0
0.0
0.0
0.0
0.0
0.0
0.0
532665.0
532666.0
532667.0
532668.0
532669.0
0.0
0.0
0.0
0.0
0.0
0.0
0.0
0.0
0.0
0.0
0.0
0.0
0.0
532745.0
532746.0
532747.0
532748.0
532749.0
0.0
0.0
0.0
0.0
0.0
0.0
0.0
0.0
0.0
0.0
0.0
0.0
0.0
532823.0
532824.0
532825.0
532826.0
532827.0
532828.0
0.0
0.0
0.0
0.0
0.0
0.0
0.0
0.0
0.0
0.0
0.0
0.0
0.0
0.0
532903.0
532904.0
532905.0
532906.0
532907.0
532908.0
0.0
0.0
0.0
0.0
0.0
0.0
0.0
0.0
0.0
0.0
0.0
532983.0
532984.0
532985.0
532986.0
532987.0
532988.0
532989.0
0.0
0.0
0.0
0.0
0.0
0.0
0.0
0.0
0.0
0.0
533062.0
533063.0
533064.0
533065.0
533066.0
533067.0
533068.0
533069.0
0.0
0.0
0.0
0.0
0.0
0.0
0.0
0.0
533143.0
533144.0
533145.0
533146.0
533147.0
0.0
0.0
0.0
0.0
0.0
0.0
0.0
0.0
0.0
0.0
0.0
0.0
0.0
0.0
0.0
0.0
0.0
0.0
0.0
0.0
0.0
0.0
0.0
0.0
0.0
0.0
0.0
0.0
0.0
0.0
0.0
0.0
0.0
0.0
0.0
0.0
0.0
0.0
0.0
0.0
0.0
0.0
0.0
0.0
0.0
0.0
0.0
0.0
0.0
0.0
0.0
0.0
0.0
0.0
0.0
0.0
0.0
0.0
0.0
0.0
0.0
0.0
0.0
0.0
0.0
0.0
0.0
0.0
0.0
0.0
0.0
0.0
0.0
0.0
0.0
0.0
0.0
0.0
0.0
0.0
0.0
0.0
0.0
0.0
0.0
0.0
0.0
0.0
0.0
0.0
0.0
0.0
0.0
0.0
0.0
0.0
0.0
0.0
0.0
0.0
0.0
0.0
0.0
0.0
0.0
0.0
0.0
0.0
0.0
0.0
0.0
0.0
0.0
0.0
0.0
0.0
0.0
0.0
0.0
0.0
0.0
0.0
0.0
0.0
0.0
0.0
0.0
0.0
0.0
0.0
0.0
0.0
0.0
0.0
0.0
0.0
0.0
0.0
0.0
0.0
0.0
0.0
0.0
0.0
0.0
0.0
0.0
0.0
0.0
0.0
0.0
0.0
0.0
540584.0
540585.0
540586.0
540587.0
540588.0
540589.0
0.0
0.0
0.0
0.0
0.0
0.0
0.0
0.0
0.0
0.0
0.0
540663.0
540664.0
540665.0
540666.0
540667.0
0.0
0.0
0.0
0.0
0.0
0.0
0.0
0.0
0.0
0.0
0.0
0.0
0.0
0.0
0.0
0.0
0.0
540744.0
540745.0
540746.0
540747.0
0.0
0.0
0.0
0.0
0.0
0.0
0.0
0.0
0.0
0.0
0.0
0.0
0.0
0.0
540824.0
540825.0
540826.0
540827.0
540828.0
0.0
0.0
0.0
0.0
0.0
0.0
0.0
0.0
0.0
0.0
0.0
0.0
540905.0
540906.0
540907.0
0.0
0.0
0.0
0.0
0.0
0.0
0.0
0.0
0.0
0.0
0.0
540983.0
540984.0
540986.0
0.0
0.0
0.0
0.0
0.0
0.0
0.0
0.0
0.0
0.0
0.0
0.0
0.0
0.0
0.0
0.0
0.0
0.0
0.0
0.0
0.0
0.0
0.0
0.0
0.0
0.0
0.0
0.0
0.0
0.0
0.0
0.0
0.0
0.0
0.0
0.0
0.0
0.0
0.0
0.0
0.0
0.0
0.0
0.0
0.0
0.0
0.0
0.0
0.0
0.0
0.0
0.0
0.0
0.0
0.0
0.0
0.0
0.0
0.0
0.0
0.0
0.0
0.0
0.0
0.0
0.0
0.0
0.0
0.0
0.0
0.0
0.0
0.0
0.0
0.0
0.0
0.0
0.0
0.0
0.0
0.0
0.0
0.0
0.0
0.0
0.0
0.0
0.0
0.0
0.0
0.0
0.0
0.0
0.0
0.0
0.0
0.0
0.0
0.0
0.0
0.0
0.0
0.0
0.0
0.0
0.0
0.0
0.0
0.0
0.0
0.0
0.0
0.0
0.0
0.0
0.0
0.0
0.0
0.0
0.0
0.0
0.0
0.0
548504.0
548505.0
548506.0
548507.0
0.0
0.0
0.0
0.0
0.0
0.0
0.0
0.0
0.0
0.0
0.0
548584.0
548585.0
0.0
0.0
0.0
0.0
0.0
0.0
0.0
0.0
0.0
0.0
0.0
0.0
0.0
0.0
0.0
0.0
548664.0
0.0
0.0
0.0
0.0
0.0
0.0
0.0
0.0
0.0
0.0
0.0
0.0
0.0
0.0
0.0
0.0
0.0
0.0
0.0
0.0
0.0
0.0
0.0
0.0
0.0
0.0
0.0
0.0
0.0
0.0
0.0
0.0
0.0
0.0
0.0
0.0
0.0
0.0
0.0
0.0
0.0
0.0
0.0
0.0
0.0
0.0
0.0
0.0
0.0
0.0
0.0
0.0
0.0
0.0
0.0
0.0
0.0
0.0
0.0
0.0
0.0
0.0
0.0
0.0
0.0
0.0
0.0
0.0
0.0
0.0
0.0
0.0
0.0
0.0
0.0
0.0
0.0
0.0
0.0
0.0
0.0
0.0
0.0
0.0
0.0
0.0
0.0
0.0
0.0
0.0
0.0
0.0
0.0
0.0
0.0
0.0
0.0
0.0
0.0
0.0
0.0
0.0
0.0
0.0
0.0
0.0
0.0
0.0
0.0
0.0
0.0
0.0
0.0
0.0
0.0
0.0
0.0
0.0
0.0
0.0
0.0
0.0
0.0
0.0
0.0
0.0
0.0
0.0
0.0
0.0
0.0
0.0
0.0
0.0
0.0
556425.0
556426.0
556427.0
0.0
0.0
0.0
0.0
0.0
0.0
0.0
0.0
0.0
556505.0
556506.0
0.0
0.0
0.0
0.0
0.0
0.0
0.0
0.0
0.0
0.0
0.0
0.0
0.0
0.0
0.0
556586.0
0.0
0.0
0.0
0.0
0.0
0.0
0.0
0.0
0.0
0.0
0.0
0.0
0.0
0.0
0.0
0.0
0.0
0.0
0.0
0.0
0.0
0.0
0.0
0.0
0.0
0.0
0.0
0.0
0.0
0.0
0.0
0.0
0.0
0.0
0.0
0.0
0.0
0.0
0.0
0.0
0.0
0.0
0.0
0.0
0.0
0.0
0.0
0.0
0.0
0.0
0.0
0.0
0.0
0.0
0.0
0.0
0.0
0.0
0.0
0.0
0.0
0.0
0.0
0.0
0.0
0.0
0.0
0.0
0.0
0.0
0.0
0.0
0.0
0.0
0.0
0.0
0.0
0.0
0.0
0.0
0.0
0.0
0.0
0.0
0.0
0.0
0.0
0.0
0.0
0.0
0.0
0.0
0.0
0.0
0.0
0.0
0.0
0.0
0.0
0.0
0.0
0.0
0.0
0.0
0.0
0.0
0.0
0.0
0.0
0.0
0.0
0.0
0.0
0.0
564425.0
564426.0
564427.0
0.0
0.0
0.0
0.0
0.0
0.0
0.0
0.0
0.0
0.0
0.0
0.0
0.0
0.0
0.0
0.0
0.0
0.0
0.0
0.0
0.0
0.0
0.0
0.0
0.0
0.0
0.0
0.0
0.0
0.0
0.0
0.0
0.0
0.0
0.0
0.0
0.0
0.0
0.0
0.0
0.0
0.0
0.0
0.0
0.0
0.0
0.0
0.0
0.0
0.0
0.0
0.0
0.0
0.0
0.0
0.0
0.0
0.0
0.0
0.0
0.0
0.0
0.0
0.0
0.0
0.0
0.0
0.0
0.0
0.0
0.0
0.0
0.0
0.0
0.0
0.0
0.0
0.0
0.0
0.0
0.0
0.0
0.0
0.0
0.0
0.0
0.0
0.0
0.0
0.0
0.0
0.0
0.0
0.0
0.0
0.0
0.0
0.0
0.0
0.0
0.0
0.0
0.0
0.0
0.0
0.0
0.0
0.0
0.0
0.0
0.0
0.0
0.0
0.0
0.0
0.0
0.0
0.0
0.0
0.0
0.0
0.0
0.0
0.0
0.0
0.0
0.0
0.0
0.0
0.0
0.0
0.0
0.0
0.0
0.0
0.0
0.0
0.0
0.0
0.0
0.0
0.0
0.0
0.0
0.0
0.0
0.0
0.0
0.0
0.0
0.0
0.0
0.0
0.0
0.0
0.0
0.0
0.0
0.0
0.0
0.0
0.0
0.0
0.0
0.0
0.0
0.0
0.0
0.0
0.0
0.0
0.0
0.0
0.0
0.0
0.0
0.0
0.0
0.0
0.0
0.0
0.0
0.0
0.0
0.0
0.0
0.0
0.0
0.0
0.0
0.0
0.0
0.0
0.0
0.0
0.0
0.0
0.0
0.0
0.0
0.0
0.0
0.0
0.0
0.0
0.0
0.0
0.0
0.0
0.0
0.0
0.0
0.0
0.0
0.0
0.0
0.0
0.0
0.0
0.0
0.0
0.0
0.0
0.0
0.0
0.0
0.0
0.0
0.0
0.0
0.0
0.0
0.0
0.0
0.0
0.0
0.0
0.0
0.0
0.0
0.0
0.0
0.0
0.0
0.0
0.0
0.0
0.0
0.0
0.0
0.0
0.0
0.0
0.0
0.0
0.0
0.0
0.0
0.0
0.0
0.0
0.0
0.0
0.0
0.0
0.0
0.0
0.0
0.0
0.0
0.0
0.0
0.0
0.0
0.0
0.0
0.0
0.0
0.0
0.0
0.0
0.0
0.0
0.0
0.0
0.0
0.0
0.0
0.0
0.0
0.0
0.0
0.0
0.0
0.0
0.0
0.0
0.0
0.0
0.0
